n=6
V=[0, 1, 2, 3, 4, 5]
total successes of this branch: 2
Matrix on 6 elements:

0    0.00000000  1.56406938  1.26449673  1.40819522  1.50189693  1.45166792
1    1.56406938  0.00000000  1.26687962  0.98602602  0.71015355  0.85803561
2    1.26449673  1.26687962  0.00000000  0.96222911  1.14536578  1.04719496
3    1.40819522  0.98602602  0.96222911  0.00000000  0.80298063  0.64827798
4    1.50189693  0.71015355  1.14536578  0.80298063  0.00000000  0.66908707
5    1.45166792  0.85803561  1.04719496  0.64827798  0.66908707  0.00000000

--------------------------------------------------------------------------------
n=5
(result of R-step: (1,2:0)0.19484352)
V=[1, 2, 3, 4, 5]
total successes of this branch: 2
Matrix on 5 elements:

1    0.00000000  0.64542989  0.72247194  0.44659947  0.59448153
2    0.64542989  0.00000000  0.60433346  0.78747013  0.68929930
3    0.72247194  0.60433346  0.00000000  0.80298063  0.64827798
4    0.44659947  0.78747013  0.80298063  0.00000000  0.66908707
5    0.59448153  0.68929930  0.64827798  0.66908707  0.00000000

--------------------------------------------------------------------------------
n=4
(result of R-step: (1,2:5)0.35364781)
V=[1, 2, 3, 4]
total successes of this branch: 0
Matrix on 4 elements:

1    0.00000000  0.04283244  0.47485072  0.19897825
2    0.04283244  0.00000000  0.24935723  0.43249390
3    0.47485072  0.24935723  0.00000000  0.80298063
4    0.19897825  0.43249390  0.80298063  0.00000000
reason of abort: no pseudometric

--------------------------------------------------------------------------------
n=4
(result of R-step: (1,3:2)0.18682974)
V=[1, 3, 4, 5]
total successes of this branch: 1
Matrix on 4 elements:

1    0.00000000  0.44690714  0.42822688  0.57610894
3    0.44690714  0.00000000  0.54578842  0.39108577
4    0.42822688  0.54578842  0.00000000  0.66908707
5    0.57610894  0.39108577  0.66908707  0.00000000

--------------------------------------------------------------------------------
n=4
(result of R-step: (1,3:5)0.55062073)
V=[1, 2, 3, 4]
total successes of this branch: 0
Matrix on 4 elements:

1    0.00000000  0.45702405  0.32474108  0.25819363
2    0.45702405  0.00000000  0.39500844  0.78747013
3    0.32474108  0.39500844  0.00000000  0.59365561
4    0.25819363  0.78747013  0.59365561  0.00000000
reason of abort: no pseudometric

--------------------------------------------------------------------------------
n=4
(result of R-step: (2,4:5)0.76126232)
V=[1, 2, 3, 4]
total successes of this branch: 0
Matrix on 4 elements:

1    0.00000000  0.31388809  0.72247194  0.29351141
2    0.31388809  0.00000000  0.27279166  0.30284027
3    0.72247194  0.27279166  0.00000000  0.64989256
4    0.29351141  0.30284027  0.64989256  0.00000000
reason of abort: no pseudometric

--------------------------------------------------------------------------------
n=4
(result of R-step: (3,4:2)0.60205355)
V=[1, 3, 4, 5]
total successes of this branch: 0
Matrix on 4 elements:

1    0.00000000  0.51314692  0.10573405  0.59448153
3    0.51314692  0.00000000  0.25279018  0.43895296
4    0.10573405  0.25279018  0.00000000  0.32822165
5    0.59448153  0.43895296  0.32822165  0.00000000
reason of abort: no pseudometric

--------------------------------------------------------------------------------
n=4
(result of R-step: (3,4:5)0.53605226)
V=[1, 2, 3, 4]
total successes of this branch: 1
Matrix on 4 elements:

1    0.00000000  0.64542989  0.46527973  0.18940726
2    0.64542989  0.00000000  0.34714125  0.53027792
3    0.46527973  0.34714125  0.00000000  0.28859621
4    0.18940726  0.53027792  0.28859621  0.00000000
