n=6
V=[0, 1, 2, 3, 4, 5]
total successes of this branch: 2
Matrix on 6 elements:

0    0.00000000  1.70612297  1.69594810  1.70472706  1.70515527  1.70598376
1    1.70612297  0.00000000  1.55930221  1.50803116  1.45557139  1.01829915
2    1.69594810  1.55930221  0.00000000  1.55114980  1.55365063  1.55848924
3    1.70472706  1.50803116  1.55114980  0.00000000  1.38947804  1.49097749
4    1.70515527  1.45557139  1.55365063  1.38947804  0.00000000  1.38210206
5    1.70598376  1.01829915  1.55848924  1.49097749  1.38210206  0.00000000

--------------------------------------------------------------------------------
n=5
(result of R-step: (0,3:2)0.96016615)
V=[0, 1, 3, 4, 5]
total successes of this branch: 2
Matrix on 5 elements:

0    0.00000000  0.78598416  0.11607912  0.78501646  0.78584496
1    0.78598416  0.00000000  0.83952203  1.45557139  1.01829915
3    0.11607912  0.83952203  0.00000000  0.72096891  0.82246836
4    0.78501646  1.45557139  0.72096891  0.00000000  1.38210206
5    0.78584496  1.01829915  0.82246836  1.38210206  0.00000000

--------------------------------------------------------------------------------
n=4
(result of R-step: (0,1:4)0.98241775)
V=[0, 1, 3, 5]
total successes of this branch: 0
reason of abort: negative delta/dxy

--------------------------------------------------------------------------------
n=4
(result of R-step: (0,5:1)0.51613705)
V=[0, 3, 4, 5]
total successes of this branch: 1
Matrix on 4 elements:

0    0.00000000  0.09273690  0.76167424  0.52374905
3    0.09273690  0.00000000  0.72096891  0.58371467
4    0.76167424  0.72096891  0.00000000  1.14334837
5    0.52374905  0.58371467  1.14334837  0.00000000

--------------------------------------------------------------------------------
n=4
(result of R-step: (1,3:4)0.23056228)
V=[0, 1, 3, 5]
total successes of this branch: 0
Matrix on 4 elements:

0    0.00000000  0.14596411  0.10768060  0.78584496
1    0.14596411  0.00000000  0.19110345  0.37827910
3    0.10768060  0.19110345  0.00000000  0.81406983
5    0.78584496  0.37827910  0.81406983  0.00000000
reason of abort: no pseudometric

--------------------------------------------------------------------------------
n=4
(result of R-step: (3,5:4)0.89228270)
V=[0, 1, 3, 5]
total successes of this branch: 1
Matrix on 4 elements:

0    0.00000000  0.78598416  0.09613989  0.54709128
1    0.78598416  0.00000000  0.81958280  0.77954546
3    0.09613989  0.81958280  0.00000000  0.56377544
5    0.54709128  0.77954546  0.56377544  0.00000000
