n=6
V=[0, 1, 2, 3, 4, 5]
total successes of this branch: 2
Matrix on 6 elements:

0    0.00000000  1.58600583  1.34925000  1.54362727  1.36980594  1.35510088
1    1.58600583  0.00000000  1.41173618  1.06410564  1.37497328  1.40127227
2    1.34925000  1.41173618  0.00000000  1.33594501  0.99993891  0.88557727
3    1.54362727  1.06410564  1.33594501  0.00000000  1.29620926  1.32463493
4    1.36980594  1.37497328  0.99993891  1.29620926  0.00000000  0.95443643
5    1.35510088  1.40127227  0.88557727  1.32463493  0.95443643  0.00000000

--------------------------------------------------------------------------------
n=5
(result of R-step: (0,3:1)0.04930780)
V=[0, 2, 3, 4, 5]
total successes of this branch: 2
Matrix on 5 elements:

0    0.00000000  0.90960055  0.62387625  0.93015649  0.91545144
2    0.90960055  0.00000000  0.85584343  0.99993891  0.88557727
3    0.62387625  0.85584343  0.00000000  0.81610768  0.84453336
4    0.93015649  0.99993891  0.81610768  0.00000000  0.95443643
5    0.91545144  0.88557727  0.84453336  0.95443643  0.00000000

--------------------------------------------------------------------------------
n=4
(result of R-step: (0,2:4)0.41473552)
V=[0, 2, 3, 5]
total successes of this branch: 0
Matrix on 4 elements:

0    0.00000000  0.01436183  0.21237265  0.50394783
2    0.01436183  0.00000000  0.37210831  0.40184215
3    0.21237265  0.37210831  0.00000000  0.84453336
5    0.50394783  0.40184215  0.84453336  0.00000000
reason of abort: no pseudometric

--------------------------------------------------------------------------------
n=4
(result of R-step: (0,5:4)0.58356663)
V=[0, 2, 3, 5]
total successes of this branch: 0
Matrix on 4 elements:

0    0.00000000  0.52524897  0.23952467  0.14704433
2    0.52524897  0.00000000  0.85584343  0.50152175
3    0.23952467  0.85584343  0.00000000  0.46047783
5    0.14704433  0.50152175  0.46047783  0.00000000
reason of abort: no pseudometric

--------------------------------------------------------------------------------
n=4
(result of R-step: (2,3:0)0.30206279)
V=[2, 3, 4, 5]
total successes of this branch: 1
Matrix on 4 elements:

2    0.00000000  0.21598858  0.57990151  0.46553988
3    0.21598858  0.00000000  0.59629023  0.62471590
4    0.57990151  0.59629023  0.00000000  0.95443643
5    0.46553988  0.62471590  0.95443643  0.00000000

--------------------------------------------------------------------------------
n=4
(result of R-step: (2,3:4)0.80258649)
V=[0, 2, 3, 5]
total successes of this branch: 0
Matrix on 4 elements:

0    0.00000000  0.43985550  0.49152075  0.91545144
2    0.43985550  0.00000000  0.25374287  0.41583222
3    0.49152075  0.25374287  0.00000000  0.71217785
5    0.91545144  0.41583222  0.71217785  0.00000000
reason of abort: no pseudometric

--------------------------------------------------------------------------------
n=4
(result of R-step: (3,5:0)0.44480185)
V=[2, 3, 4, 5]
total successes of this branch: 0
Matrix on 4 elements:

2    0.00000000  0.72348793  0.99993891  0.43298887
3    0.72348793  0.00000000  0.68375217  0.25958945
4    0.99993891  0.68375217  0.00000000  0.50184802
5    0.43298887  0.25958945  0.50184802  0.00000000
reason of abort: no pseudometric

--------------------------------------------------------------------------------
n=4
(result of R-step: (3,5:4)0.38059909)
V=[0, 2, 3, 5]
total successes of this branch: 1
Matrix on 4 elements:

0    0.00000000  0.90960055  0.40405880  0.50591902
2    0.90960055  0.00000000  0.63602598  0.47604486
3    0.40405880  0.63602598  0.00000000  0.21518349
5    0.50591902  0.47604486  0.21518349  0.00000000
