n=6
V=[0, 1, 2, 3, 4, 5]
total successes of this branch: 2
Matrix on 6 elements:

0    0.00000000  2.12378487  1.99015108  2.02009618  2.01981825  2.01992108
1    2.12378487  0.00000000  1.46418882  1.43248417  1.43277843  1.43266957
2    1.99015108  1.46418882  0.00000000  1.35440746  1.35374881  1.35399249
3    2.02009618  1.43248417  1.35440746  0.00000000  1.28410139  0.95484071
4    2.01981825  1.43277843  1.35374881  1.28410139  0.00000000  0.72340441
5    2.01992108  1.43266957  1.35399249  0.95484071  0.72340441  0.00000000

--------------------------------------------------------------------------------
n=5
(result of R-step: (3,4:5)0.36997342)
V=[0, 1, 2, 3, 4]
total successes of this branch: 2
Matrix on 5 elements:

0    0.00000000  2.12378487  1.99015108  1.82302432  1.82274639
1    2.12378487  0.00000000  1.46418882  1.23541231  1.23570657
2    1.99015108  1.46418882  0.00000000  1.15733559  1.15667695
3    1.82302432  1.23541231  1.15733559  0.00000000  0.88995766
4    1.82274639  1.23570657  1.15667695  0.88995766  0.00000000

--------------------------------------------------------------------------------
n=4
(result of R-step: (0,3:1)0.38906093)
V=[0, 2, 3, 4]
total successes of this branch: 1
Matrix on 4 elements:

0    0.00000000  0.67006115  0.05828487  0.50265645
2    0.67006115  0.00000000  0.71268608  1.15667695
3    0.05828487  0.71268608  0.00000000  0.44530815
4    0.50265645  1.15667695  0.44530815  0.00000000

--------------------------------------------------------------------------------
n=4
(result of R-step: (0,3:2)0.85425605)
V=[0, 1, 3, 4]
total successes of this branch: 0
Matrix on 4 elements:

0    0.00000000  0.80417031  0.05698584  0.50313182
1    0.80417031  0.00000000  0.78898840  1.23570657
3    0.05698584  0.78898840  0.00000000  0.44353375
4    0.50313182  1.23570657  0.44353375  0.00000000
reason of abort: no pseudometric

--------------------------------------------------------------------------------
n=4
(result of R-step: (0,4:1)0.38098015)
V=[0, 2, 3, 4]
total successes of this branch: 0
Matrix on 4 elements:

0    0.00000000  0.67053652  0.50340975  0.05782978
2    0.67053652  0.00000000  1.15733559  0.71137490
3    0.50340975  1.15733559  0.00000000  0.44465562
4    0.05782978  0.71137490  0.44465562  0.00000000
reason of abort: no pseudometric

--------------------------------------------------------------------------------
n=4
(result of R-step: (0,4:2)0.86457227)
V=[0, 1, 3, 4]
total successes of this branch: 1
Matrix on 4 elements:

0    0.00000000  0.80369494  0.50293438  0.05922219
1    0.80369494  0.00000000  1.23541231  0.79227231
3    0.50293438  1.23541231  0.00000000  0.44652340
4    0.05922219  0.79227231  0.44652340  0.00000000

--------------------------------------------------------------------------------
n=4
(result of R-step: (2,3:1)0.45172419)
V=[0, 2, 3, 4]
total successes of this branch: 0
Matrix on 4 elements:

0    0.00000000  1.32117611  1.37858517  1.82274639
2    1.32117611  0.00000000  0.04392147  0.48770197
3    1.37858517  0.04392147  0.00000000  0.44551851
4    1.82274639  0.48770197  0.44551851  0.00000000
reason of abort: no pseudometric

--------------------------------------------------------------------------------
n=4
(result of R-step: (2,4:1)0.44428050)
V=[0, 2, 3, 4]
total successes of this branch: 0
Matrix on 4 elements:

0    0.00000000  1.32082502  1.82302432  1.37723951
2    1.32082502  0.00000000  0.48800952  0.04184400
3    1.82302432  0.48800952  0.00000000  0.44445079
4    1.37723951  0.04184400  0.44445079  0.00000000
reason of abort: no pseudometric
