n=6
V=[0, 1, 2, 3, 4, 5]
total successes of this branch: 2
Matrix on 6 elements:

0    0.00000000  1.29595224  1.11060612  0.91040670  0.90032838  0.68594019
1    1.29595224  0.00000000  1.26705561  1.28821117  1.29426829  1.29529565
2    1.11060612  1.26705561  0.00000000  1.11368552  1.09759385  1.11086731
3    0.91040670  1.28821117  1.11368552  0.00000000  0.92225281  0.88960307
4    0.90032838  1.29426829  1.09759385  0.92225281  0.00000000  0.90218799
5    0.68594019  1.29529565  1.11086731  0.88960307  0.90218799  0.00000000

--------------------------------------------------------------------------------
n=5
(result of R-step: (0,3:5)0.91518078)
V=[0, 1, 2, 3, 4]
total successes of this branch: 2
Matrix on 5 elements:

0    0.00000000  0.96338396  0.77803783  0.24527012  0.56776009
1    0.96338396  0.00000000  1.26705561  0.95564288  1.29426829
2    0.77803783  1.26705561  0.00000000  0.78111724  1.09759385
3    0.24527012  0.95564288  0.78111724  0.00000000  0.58968452
4    0.56776009  1.29426829  1.09759385  0.58968452  0.00000000

--------------------------------------------------------------------------------
n=4
(result of R-step: (1,2:0)0.27149789)
V=[1, 2, 3, 4]
total successes of this branch: 0
reason of abort: negative delta/dxy

--------------------------------------------------------------------------------
n=4
(result of R-step: (2,3:1)0.54428603)
V=[0, 2, 3, 4]
total successes of this branch: 1
Matrix on 4 elements:

0    0.00000000  0.33437978  0.13296736  0.56776009
2    0.33437978  0.00000000  0.22515642  0.65393580
3    0.13296736  0.22515642  0.00000000  0.47738176
4    0.56776009  0.65393580  0.47738176  0.00000000

--------------------------------------------------------------------------------
n=4
(result of R-step: (3,4:0)0.51146418)
V=[1, 2, 3, 4]
total successes of this branch: 1
Matrix on 4 elements:

1    0.00000000  1.26705561  0.84334012  0.86047497
2    1.26705561  0.00000000  0.66881448  0.66380054
3    0.84334012  0.66881448  0.00000000  0.04358845
4    0.86047497  0.66380054  0.04358845  0.00000000
