n=6
V=[0, 1, 2, 3, 4, 5]
total successes of this branch: 2
Matrix on 6 elements:

0    0.00000000  0.54097005  0.52651944  0.38081658  0.16467596  0.14638161
1    0.54097005  0.00000000  0.45770928  0.50332605  0.50616518  0.51107807
2    0.52651944  0.45770928  0.00000000  0.40628213  0.52069376  0.52151609
3    0.38081658  0.50332605  0.40628213  0.00000000  0.39118860  0.38972453
4    0.16467596  0.50616518  0.52069376  0.39118860  0.00000000  0.05336587
5    0.14638161  0.51107807  0.52151609  0.38972453  0.05336587  0.00000000

--------------------------------------------------------------------------------
n=5
(result of R-step: (0,4:5)0.14115531)
V=[0, 1, 2, 3, 4]
total successes of this branch: 2
Matrix on 5 elements:

0    0.00000000  0.52343429  0.50898368  0.36328082  0.12960445
1    0.52343429  0.00000000  0.45770928  0.50332605  0.48862942
2    0.50898368  0.45770928  0.00000000  0.40628213  0.50315801
3    0.36328082  0.50332605  0.40628213  0.00000000  0.37365284
4    0.12960445  0.48862942  0.50315801  0.37365284  0.00000000

--------------------------------------------------------------------------------
n=4
(result of R-step: (0,2:1)0.33753362)
V=[0, 2, 3, 4]
total successes of this branch: 0
Matrix on 4 elements:

0    0.00000000  0.26674777  0.25263790  0.01896153
2    0.26674777  0.00000000  0.27468914  0.37156501
3    0.25263790  0.27468914  0.00000000  0.37365284
4    0.01896153  0.37156501  0.37365284  0.00000000
reason of abort: no pseudometric

--------------------------------------------------------------------------------
n=4
(result of R-step: (2,4:1)0.76180729)
V=[0, 2, 3, 4]
total successes of this branch: 1
Matrix on 4 elements:

0    0.00000000  0.35602851  0.36328082  0.12854646
2    0.35602851  0.00000000  0.25332696  0.34914484
3    0.36328082  0.25332696  0.00000000  0.37259485
4    0.12854646  0.34914484  0.37259485  0.00000000

--------------------------------------------------------------------------------
n=4
(result of R-step: (3,4:0)0.25973417)
V=[1, 2, 3, 4]
total successes of this branch: 1
Matrix on 4 elements:

1    0.00000000  0.45770928  0.39611885  0.48757143
2    0.45770928  0.00000000  0.29907494  0.50210001
3    0.39611885  0.29907494  0.00000000  0.26538765
4    0.48757143  0.50210001  0.26538765  0.00000000
