n=6
V=[0, 1, 2, 3, 4, 5]
total successes of this branch: 2
Matrix on 6 elements:

0    0.00000000  0.80128695  0.75352222  0.78368259  0.53139363  0.69506132
1    0.80128695  0.00000000  0.73614112  0.65351289  0.76926865  0.18993671
2    0.75352222  0.73614112  0.00000000  0.68791169  0.53883125  0.73871412
3    0.78368259  0.65351289  0.68791169  0.00000000  0.73661247  0.67278243
4    0.53139363  0.76926865  0.53883125  0.73661247  0.00000000  0.73405506
5    0.69506132  0.18993671  0.73871412  0.67278243  0.73405506  0.00000000

--------------------------------------------------------------------------------
n=5
(result of R-step: (0,1:5)0.14803401)
V=[0, 1, 2, 3, 4]
total successes of this branch: 2
Matrix on 5 elements:

0    0.00000000  0.71757587  0.71166668  0.74182705  0.48953809
1    0.71757587  0.00000000  0.69428558  0.61165735  0.72741311
2    0.71166668  0.69428558  0.00000000  0.68791169  0.53883125
3    0.74182705  0.61165735  0.68791169  0.00000000  0.73661247
4    0.48953809  0.72741311  0.53883125  0.73661247  0.00000000

--------------------------------------------------------------------------------
n=4
(result of R-step: (0,2:4)0.50851338)
V=[0, 1, 2, 3]
total successes of this branch: 1
Matrix on 4 elements:

0    0.00000000  0.60108008  0.43681956  0.62533126
1    0.60108008  0.00000000  0.53593425  0.61165735
2    0.43681956  0.53593425  0.00000000  0.52956036
3    0.62533126  0.61165735  0.52956036  0.00000000

--------------------------------------------------------------------------------
n=4
(result of R-step: (1,2:3)0.91760226)
V=[0, 1, 2, 4]
total successes of this branch: 1
Matrix on 4 elements:

0    0.00000000  0.42893681  0.55331535  0.48953809
1    0.42893681  0.00000000  0.24729520  0.43877405
2    0.55331535  0.24729520  0.00000000  0.38047992
4    0.48953809  0.43877405  0.38047992  0.00000000
