n=6
V=[0, 1, 2, 3, 4, 5]
total successes of this branch: 2
Matrix on 6 elements:

0    0.00000000  1.56486472  1.23207659  1.46864709  1.55308475  1.32714931
1    1.56486472  0.00000000  1.42259273  1.03096257  0.37717110  1.03376966
2    1.23207659  1.42259273  0.00000000  1.39350142  1.41903107  0.45039752
3    1.46864709  1.03096257  1.39350142  0.00000000  0.93975156  1.28992936
4    1.55308475  0.37717110  1.41903107  0.93975156  0.00000000  1.12138687
5    1.32714931  1.03376966  0.45039752  1.28992936  1.12138687  0.00000000

--------------------------------------------------------------------------------
n=5
(result of R-step: (1,2:5)0.28568541)
V=[0, 1, 2, 3, 4]
total successes of this branch: 2
Matrix on 5 elements:

0    0.00000000  1.53407750  1.20128937  1.46864709  1.55308475
1    1.53407750  0.00000000  1.36101828  1.00017534  0.34638387
2    1.20128937  1.36101828  0.00000000  1.36271419  1.38824384
3    1.46864709  1.00017534  1.36271419  0.00000000  0.93975156
4    1.55308475  0.34638387  1.38824384  0.93975156  0.00000000

--------------------------------------------------------------------------------
n=4
(result of R-step: (0,1:2)0.92020362)
V=[0, 1, 3, 4]
total successes of this branch: 1
Matrix on 4 elements:

0    0.00000000  0.79842153  0.84518395  0.92962161
1    0.79842153  0.00000000  0.88798253  0.23419105
3    0.84518395  0.88798253  0.00000000  0.93975156
4    0.92962161  0.23419105  0.93975156  0.00000000

--------------------------------------------------------------------------------
n=4
(result of R-step: (0,4:2)0.89810791)
V=[0, 1, 3, 4]
total successes of this branch: 0
Matrix on 4 elements:

0    0.00000000  0.92441526  0.85898486  0.72039848
1    0.92441526  0.00000000  1.00017534  0.12335982
3    0.85898486  1.00017534  0.00000000  0.71672752
4    0.72039848  0.12335982  0.71672752  0.00000000
reason of abort: no pseudometric

--------------------------------------------------------------------------------
n=4
(result of R-step: (2,3:0)0.90623653)
V=[1, 2, 3, 4]
total successes of this branch: 1
Matrix on 4 elements:

1    0.00000000  0.88287409  0.85719530  0.34638387
2    0.88287409  0.00000000  0.74158997  0.91009966
3    0.85719530  0.74158997  0.00000000  0.79677152
4    0.34638387  0.91009966  0.79677152  0.00000000
