n=6
V=[0, 1, 2, 3, 4, 5]
total successes of this branch: 2
Matrix on 6 elements:

0    0.00000000  1.97500568  1.82018001  1.94785483  1.96408903  1.76075894
1    1.97500568  0.00000000  1.89288840  1.38506946  1.08027978  1.89709312
2    1.82018001  1.89288840  0.00000000  1.88968935  1.89160214  0.71911945
3    1.94785483  1.38506946  1.88968935  0.00000000  1.18011431  1.89266764
4    1.96408903  1.08027978  1.89160214  1.18011431  0.00000000  1.89531375
5    1.76075894  1.89709312  0.71911945  1.89266764  1.89531375  0.00000000

--------------------------------------------------------------------------------
n=5
(result of R-step: (0,2:5)0.05120381)
V=[0, 1, 2, 3, 4]
total successes of this branch: 2
Matrix on 5 elements:

0    0.00000000  1.64515650  1.16048164  1.61800564  1.63423984
1    1.64515650  0.00000000  1.56303921  1.38506946  1.08027978
2    1.16048164  1.56303921  0.00000000  1.55984016  1.56175296
3    1.61800564  1.38506946  1.55984016  0.00000000  1.18011431
4    1.63423984  1.08027978  1.56175296  1.18011431  0.00000000

--------------------------------------------------------------------------------
n=4
(result of R-step: (0,1:2)0.95538835)
V=[0, 1, 3, 4]
total successes of this branch: 1
Matrix on 4 elements:

0    0.00000000  0.61356696  1.02407841  1.04031262
1    0.61356696  0.00000000  0.94740715  0.64261747
3    1.02407841  0.94740715  0.00000000  1.18011431
4    1.04031262  0.64261747  1.18011431  0.00000000

--------------------------------------------------------------------------------
n=4
(result of R-step: (0,4:1)0.24270491)
V=[0, 2, 3, 4]
total successes of this branch: 0
Matrix on 4 elements:

0    0.00000000  0.52415765  0.98168165  0.61169589
2    0.52415765  0.00000000  1.55984016  1.17553299
3    0.98168165  1.55984016  0.00000000  0.79389434
4    0.61169589  1.17553299  0.79389434  0.00000000
reason of abort: no pseudometric

--------------------------------------------------------------------------------
n=4
(result of R-step: (0,4:2)0.81138142)
V=[0, 1, 3, 4]
total successes of this branch: 0
Matrix on 4 elements:

0    0.00000000  1.13503594  1.10788509  0.56390896
1    1.13503594  0.00000000  1.38506946  0.52006946
3    1.10788509  1.38506946  0.00000000  0.61990398
4    0.56390896  0.52006946  0.61990398  0.00000000
reason of abort: no pseudometric

--------------------------------------------------------------------------------
n=4
(result of R-step: (2,4:1)0.22734871)
V=[0, 2, 3, 4]
total successes of this branch: 1
Matrix on 4 elements:

0    0.00000000  0.63766406  1.61800564  1.24170035
2    0.63766406  0.00000000  1.03702258  0.64639588
3    1.61800564  1.03702258  0.00000000  0.78757482
4    1.24170035  0.64639588  0.78757482  0.00000000
