n=6
V=[0, 1, 2, 3, 4, 5]
total successes of this branch: 1
Matrix on 6 elements:

0    0.00000000  2.38882751  2.02173826  2.25537058  2.11760693  2.08711283
1    2.38882751  0.00000000  2.10086429  1.85964050  2.00188054  2.03336548
2    2.02173826  2.10086429  0.00000000  1.96307092  1.81079012  1.33009054
3    2.25537058  1.85964050  1.96307092  0.00000000  1.85709989  1.89080736
4    2.11760693  2.00188054  1.81079012  1.85709989  0.00000000  0.78024535
5    2.08711283  2.03336548  1.33009054  1.89080736  0.78024535  0.00000000

--------------------------------------------------------------------------------
n=5
(result of R-step: (0,3:1)0.03461798)
V=[0, 2, 3, 4, 5]
total successes of this branch: 1
Matrix on 5 elements:

0    0.00000000  0.92735210  0.30857488  1.02322077  0.99272668
2    0.92735210  0.00000000  1.11066137  1.81079012  1.33009054
3    0.30857488  1.11066137  0.00000000  1.00469034  1.03839781
4    1.02322077  1.81079012  1.00469034  0.00000000  0.78024535
5    0.99272668  1.33009054  1.03839781  0.78024535  0.00000000

--------------------------------------------------------------------------------
n=4
(result of R-step: (2,3:0)0.12480694)
V=[2, 3, 4, 5]
total successes of this branch: 1
Matrix on 4 elements:

2    0.00000000  0.81690137  1.66101724  1.18031766
3    0.81690137  0.00000000  0.86070322  0.89441070
4    1.66101724  0.86070322  0.00000000  0.78024535
5    1.18031766  0.89441070  0.78024535  0.00000000

--------------------------------------------------------------------------------
n=4
(result of R-step: (3,5:4)0.96876172)
V=[0, 2, 3, 5]
total successes of this branch: 0
reason of abort: negative delta/dxy

--------------------------------------------------------------------------------
n=4
(result of R-step: (4,5:0)0.63584760)
V=[2, 3, 4, 5]
total successes of this branch: 0
reason of abort: negative delta/dxy
