n=6
V=[0, 1, 2, 3, 4, 5]
total successes of this branch: 2
Matrix on 6 elements:

0    0.00000000  3.17844931  2.98442866  2.99157772  3.16988840  3.17739124
1    3.17844931  0.00000000  3.05613547  1.69681800  1.36399885  0.69186891
2    2.98442866  3.05613547  0.00000000  3.04810434  3.05576755  3.05609000
3    2.99157772  1.69681800  3.04810434  0.00000000  1.68083895  1.69484311
4    3.16988840  1.36399885  3.05576755  1.68083895  0.00000000  1.26921391
5    3.17739124  0.69186891  3.05609000  1.69484311  1.26921391  0.00000000

--------------------------------------------------------------------------------
n=5
(result of R-step: (1,4:5)0.87640748)
V=[0, 1, 2, 3, 4]
total successes of this branch: 2
Matrix on 5 elements:

0    0.00000000  2.87990732  2.98442866  2.99157772  2.87134641
1    2.87990732  0.00000000  2.75759348  1.39827601  0.76691488
2    2.98442866  2.75759348  0.00000000  3.04810434  2.75722556
3    2.99157772  1.39827601  3.04810434  0.00000000  1.38229696
4    2.87134641  0.76691488  2.75722556  1.38229696  0.00000000

--------------------------------------------------------------------------------
n=4
(result of R-step: (0,1:3)0.17302506)
V=[0, 1, 2, 4]
total successes of this branch: 0
Matrix on 4 elements:

0    0.00000000  1.45111812  1.94786246  1.83478022
1    1.45111812  0.00000000  2.36537048  0.37469188
2    1.94786246  2.36537048  0.00000000  2.75722556
4    1.83478022  0.37469188  2.75722556  0.00000000
reason of abort: no pseudometric

--------------------------------------------------------------------------------
n=4
(result of R-step: (0,4:1)0.01129540)
V=[0, 2, 3, 4]
total successes of this branch: 0
Matrix on 4 elements:

0    0.00000000  1.07248476  1.07963382  0.58685428
2    1.07248476  0.00000000  3.04810434  2.38467733
3    1.07963382  3.04810434  0.00000000  1.00974873
4    0.58685428  2.38467733  1.00974873  0.00000000
reason of abort: no pseudometric

--------------------------------------------------------------------------------
n=4
(result of R-step: (0,4:3)0.18055164)
V=[0, 1, 2, 4]
total successes of this branch: 1
Matrix on 4 elements:

0    0.00000000  1.80320503  1.90772637  1.41999343
1    1.80320503  0.00000000  2.75759348  0.39226420
2    1.90772637  2.75759348  0.00000000  2.38257488
4    1.41999343  0.39226420  2.38257488  0.00000000

--------------------------------------------------------------------------------
n=4
(result of R-step: (1,2:3)0.73289080)
V=[0, 1, 2, 4]
total successes of this branch: 0
Matrix on 4 elements:

0    0.00000000  2.48561554  1.21860095  2.87134641
1    2.48561554  0.00000000  0.59747399  0.37262310
2    1.21860095  0.59747399  0.00000000  0.99139785
4    2.87134641  0.37262310  0.99139785  0.00000000
reason of abort: no pseudometric

--------------------------------------------------------------------------------
n=4
(result of R-step: (2,4:1)0.00477750)
V=[0, 2, 3, 4]
total successes of this branch: 1
Matrix on 4 elements:

0    0.00000000  2.40673133  2.99157772  2.49669573
2    2.40673133  0.00000000  2.47040701  1.80487755
3    2.99157772  2.47040701  0.00000000  1.00764628
4    2.49669573  1.80487755  1.00764628  0.00000000

--------------------------------------------------------------------------------
n=4
(result of R-step: (2,4:3)0.27222561)
V=[0, 1, 2, 4]
total successes of this branch: 0
Matrix on 4 elements:

0    0.00000000  2.87990732  1.23584454  2.49879818
1    2.87990732  0.00000000  1.00900936  0.39436665
2    1.23584454  1.00900936  0.00000000  0.63609321
4    2.49879818  0.39436665  0.63609321  0.00000000
reason of abort: no pseudometric
