n=6
V=[0, 1, 2, 3, 4, 5]
total successes of this branch: 2
Matrix on 6 elements:

0    0.00000000  1.29575617  1.20156134  1.20777541  1.00998102  1.20729217
1    1.29575617  0.00000000  0.55526033  0.54034471  0.58156931  0.54150462
2    1.20156134  0.55526033  0.00000000  0.34408039  0.73996411  0.32850070
3    1.20777541  0.54034471  0.34408039  0.00000000  0.73108706  0.15931698
4    1.00998102  0.58156931  0.73996411  0.73108706  0.00000000  0.73177739
5    1.20729217  0.54150462  0.32850070  0.15931698  0.73177739  0.00000000

--------------------------------------------------------------------------------
n=5
(result of R-step: (0,1:4)0.28578601)
V=[0, 1, 2, 3, 5]
total successes of this branch: 2
Matrix on 5 elements:

0    0.00000000  0.99996201  1.05366426  1.05987833  1.05939509
1    0.99996201  0.00000000  0.40736325  0.39244763  0.39360754
2    1.05366426  0.40736325  0.00000000  0.34408039  0.32850070
3    1.05987833  0.39244763  0.34408039  0.00000000  0.15931698
5    1.05939509  0.39360754  0.32850070  0.15931698  0.00000000

--------------------------------------------------------------------------------
n=4
(result of R-step: (0,3:1)0.89770537)
V=[0, 2, 3, 5]
total successes of this branch: 1
Matrix on 4 elements:

0    0.00000000  0.23755210  0.17189752  0.24328293
2    0.23755210  0.00000000  0.27221175  0.32850070
3    0.17189752  0.27221175  0.00000000  0.08744834
5    0.24328293  0.32850070  0.08744834  0.00000000

--------------------------------------------------------------------------------
n=4
(result of R-step: (0,5:1)0.87953275)
V=[0, 2, 3, 5]
total successes of this branch: 0
Matrix on 4 elements:

0    0.00000000  0.24000374  0.24621781  0.15949779
2    0.24000374  0.00000000  0.34408039  0.24226392
3    0.24621781  0.34408039  0.00000000  0.07308020
5    0.15949779  0.24226392  0.07308020  0.00000000
reason of abort: no pseudometric

--------------------------------------------------------------------------------
n=4
(result of R-step: (0,5:3)0.14089498)
V=[0, 1, 2, 5]
total successes of this branch: 0
Matrix on 4 elements:

0    0.00000000  0.16125611  0.21495836  0.16444127
1    0.16125611  0.00000000  0.40736325  0.33735962
2    0.21495836  0.40736325  0.00000000  0.27225278
5    0.16444127  0.33735962  0.27225278  0.00000000
reason of abort: no pseudometric

--------------------------------------------------------------------------------
n=4
(result of R-step: (1,5:3)0.10916074)
V=[0, 1, 2, 5]
total successes of this branch: 1
Matrix on 4 elements:

0    0.00000000  0.84040107  1.05366426  0.99800383
1    0.84040107  0.00000000  0.24780231  0.17265534
2    1.05366426  0.24780231  0.00000000  0.26710944
5    0.99800383  0.17265534  0.26710944  0.00000000
