n=6
V=[0, 1, 2, 3, 4, 5]
total successes of this branch: 2
Matrix on 6 elements:

0    0.00000000  2.89720096  2.62718783  2.84354114  2.73135000  2.73669337
1    2.89720096  0.00000000  2.72075987  2.08736756  2.41581645  2.40017328
2    2.62718783  2.72075987  0.00000000  2.56366628  1.88032852  1.91287412
3    2.84354114  2.08736756  2.56366628  0.00000000  1.92923162  1.89159723
4    2.73135000  2.41581645  1.88032852  1.92923162  0.00000000  1.17668253
5    2.73669337  2.40017328  1.91287412  1.89159723  1.17668253  0.00000000

--------------------------------------------------------------------------------
n=5
(result of R-step: (3,4:5)0.04762740)
V=[0, 1, 2, 3, 4]
total successes of this branch: 2
Matrix on 5 elements:

0    0.00000000  2.89720096  2.62718783  2.27401706  2.16182592
1    2.89720096  0.00000000  2.72075987  1.51784349  1.84629237
2    2.62718783  2.72075987  0.00000000  1.99414220  1.31080444
3    2.27401706  1.51784349  1.99414220  0.00000000  0.79018346
4    2.16182592  1.84629237  1.31080444  0.79018346  0.00000000

--------------------------------------------------------------------------------
n=4
(result of R-step: (0,1:4)0.80294077)
V=[0, 1, 2, 3]
total successes of this branch: 0
reason of abort: negative delta/dxy

--------------------------------------------------------------------------------
n=4
(result of R-step: (0,3:1)0.44610432)
V=[0, 2, 3, 4]
total successes of this branch: 1
Matrix on 4 elements:

0    0.00000000  1.28958651  0.88299289  0.82422460
2    1.28958651  0.00000000  1.94071935  1.31080444
3    0.88299289  1.94071935  0.00000000  0.73676061
4    0.82422460  1.31080444  0.73676061  0.00000000

--------------------------------------------------------------------------------
n=4
(result of R-step: (1,2:4)0.98966248)
V=[0, 1, 2, 3]
total successes of this branch: 0
reason of abort: negative delta/dxy

--------------------------------------------------------------------------------
n=4
(result of R-step: (2,3:4)0.51855521)
V=[0, 1, 2, 3]
total successes of this branch: 1
Matrix on 4 elements:

0    0.00000000  2.89720096  2.00424090  2.22059421
1    2.89720096  0.00000000  2.09781294  1.46442064
2    2.00424090  2.09781294  0.00000000  1.31777242
3    2.22059421  1.46442064  1.31777242  0.00000000
