n=6
V=[0, 1, 2, 3, 4, 5]
total successes of this branch: 1
Matrix on 6 elements:

0    0.00000000  1.12410419  0.90660549  1.07671692  0.97088646  1.09739713
1    1.12410419  0.00000000  0.78117070  0.60050995  0.50808623  0.34772791
2    0.90660549  0.78117070  0.00000000  0.73084475  0.80615502  0.75280742
3    1.07671692  0.60050995  0.73084475  0.00000000  0.69536170  0.27405938
4    0.97088646  0.50808623  0.80615502  0.69536170  0.00000000  0.61363309
5    1.09739713  0.34772791  0.75280742  0.27405938  0.61363309  0.00000000

--------------------------------------------------------------------------------
n=5
(result of R-step: (1,3:5)0.43640851)
V=[0, 1, 2, 3, 4]
total successes of this branch: 1
Matrix on 5 elements:

0    0.00000000  1.11346552  0.90660549  1.06607826  0.97088646
1    1.11346552  0.00000000  0.77053203  0.57923262  0.49744757
2    0.90660549  0.77053203  0.00000000  0.72020608  0.80615502
3    1.06607826  0.57923262  0.72020608  0.00000000  0.68472303
4    0.97088646  0.49744757  0.80615502  0.68472303  0.00000000

--------------------------------------------------------------------------------
n=4
(result of R-step: (0,2:1)0.92598713)
V=[0, 2, 3, 4]
total successes of this branch: 0
reason of abort: negative delta/dxy

--------------------------------------------------------------------------------
n=4
(result of R-step: (0,3:2)0.28164458)
V=[0, 1, 3, 4]
total successes of this branch: 1
Matrix on 4 elements:

0    0.00000000  0.93603127  0.62476675  0.79345221
1    0.93603127  0.00000000  0.31535536  0.49744757
3    0.62476675  0.31535536  0.00000000  0.42084578
4    0.79345221  0.49744757  0.42084578  0.00000000

--------------------------------------------------------------------------------
n=4
(result of R-step: (3,4:1)0.98377681)
V=[0, 2, 3, 4]
total successes of this branch: 0
reason of abort: negative delta/dxy
