n=6
V=[0, 1, 2, 3, 4, 5]
total successes of this branch: 2
Matrix on 6 elements:

0    0.00000000  1.40606993  1.31104928  0.70845009  0.90081072  1.10871052
1    1.40606993  0.00000000  1.34845180  1.40555774  1.38732848  0.77112193
2    1.31104928  1.34845180  0.00000000  1.30564447  1.08818029  1.33652227
3    0.70845009  1.40555774  1.30564447  0.00000000  0.84186874  1.18321528
4    0.90081072  1.38732848  1.08818029  0.84186874  0.00000000  1.23215366
5    1.10871052  0.77112193  1.33652227  1.18321528  1.23215366  0.00000000

--------------------------------------------------------------------------------
n=5
(result of R-step: (0,1:5)0.31894996)
V=[0, 1, 2, 3, 4]
total successes of this branch: 2
Matrix on 5 elements:

0    0.00000000  0.93230742  1.07416802  0.47156883  0.66392946
1    0.93230742  0.00000000  1.11157054  1.16867648  1.15044723
2    1.07416802  1.11157054  0.00000000  1.30564447  1.08818029
3    0.47156883  1.16867648  1.30564447  0.00000000  0.84186874
4    0.66392946  1.15044723  1.08818029  0.84186874  0.00000000

--------------------------------------------------------------------------------
n=4
(result of R-step: (0,2:1)0.48614656)
V=[0, 2, 3, 4]
total successes of this branch: 1
Matrix on 4 elements:

0    0.00000000  0.64695159  0.35655468  0.54891531
2    0.64695159  0.00000000  0.99344218  0.77597801
3    0.35655468  0.99344218  0.00000000  0.84186874
4    0.54891531  0.77597801  0.84186874  0.00000000

--------------------------------------------------------------------------------
n=4
(result of R-step: (1,3:0)0.10650931)
V=[1, 2, 3, 4]
total successes of this branch: 1
Matrix on 4 elements:

1    0.00000000  0.64723732  0.39214098  0.68611401
2    0.64723732  0.00000000  0.99344218  1.08818029
3    0.39214098  0.99344218  0.00000000  0.52966646
4    0.68611401  1.08818029  0.52966646  0.00000000

--------------------------------------------------------------------------------
n=4
(result of R-step: (2,3:0)0.19257225)
V=[1, 2, 3, 4]
total successes of this branch: 0
Matrix on 4 elements:

1    0.00000000  0.47459793  0.89279422  1.15044723
2    0.47459793  0.00000000  0.39278959  0.45120768
3    0.89279422  0.39278959  0.00000000  0.56598648
4    1.15044723  0.45120768  0.56598648  0.00000000
reason of abort: no pseudometric

--------------------------------------------------------------------------------
n=4
(result of R-step: (2,3:1)0.42707094)
V=[0, 2, 3, 4]
total successes of this branch: 0
Matrix on 4 elements:

0    0.00000000  0.88667821  0.11577636  0.66392946
2    0.88667821  0.00000000  0.76236218  0.90069048
3    0.11577636  0.76236218  0.00000000  0.48607627
4    0.66392946  0.90069048  0.48607627  0.00000000
reason of abort: no pseudometric
