n=6
V=[0, 1, 2, 3, 4, 5]
total successes of this branch: 2
Matrix on 6 elements:

0    0.00000000  2.98755237  2.34537063  2.93542139  0.54552572  0.21392437
1    2.98755237  0.00000000  2.89565915  2.24339480  2.98747180  2.98754365
2    2.34537063  2.89565915  0.00000000  2.83803160  2.34379113  2.34519969
3    2.93542139  2.24339480  2.83803160  0.00000000  2.93533600  2.93541215
4    0.54552572  2.98747180  2.34379113  2.93533600  0.00000000  0.50528377
5    0.21392437  2.98754365  2.34519969  2.93541215  0.50528377  0.00000000

--------------------------------------------------------------------------------
n=5
(result of R-step: (1,2:3)0.99678475)
V=[0, 1, 2, 4, 5]
total successes of this branch: 2
Matrix on 5 elements:

0    0.00000000  1.84179310  2.07339752  0.54552572  0.21392437
1    1.84179310  0.00000000  1.47792677  1.84171252  1.84178438
2    2.07339752  1.47792677  0.00000000  2.07181802  2.07322658
4    0.54552572  1.84171252  2.07181802  0.00000000  0.50528377
5    0.21392437  1.84178438  2.07322658  0.50528377  0.00000000

--------------------------------------------------------------------------------
n=4
(result of R-step: (1,4:2)0.99596805)
V=[0, 1, 4, 5]
total successes of this branch: 1
Matrix on 4 elements:

0    0.00000000  1.22246090  0.45868451  0.21392437
1    1.22246090  0.00000000  1.13553912  1.22245218
4    0.45868451  1.13553912  0.00000000  0.41844256
5    0.21392437  1.22245218  0.41844256  0.00000000

--------------------------------------------------------------------------------
n=4
(result of R-step: (1,5:0)0.02074360)
V=[1, 2, 4, 5]
total successes of this branch: 1
Matrix on 4 elements:

1    0.00000000  0.85859457  1.22238033  1.13912389
2    0.85859457  0.00000000  2.07181802  1.98989829
4    1.22238033  2.07181802  0.00000000  0.42195548
5    1.13912389  1.98989829  0.42195548  0.00000000

--------------------------------------------------------------------------------
n=4
(result of R-step: (2,5:0)0.02084200)
V=[1, 2, 4, 5]
total successes of this branch: 0
Matrix on 4 elements:

1    0.00000000  0.61935066  1.84171252  1.75848733
2    0.61935066  0.00000000  1.21324191  1.13135342
4    1.84171252  1.21324191  0.00000000  0.42198673
5    1.75848733  1.13135342  0.42198673  0.00000000
reason of abort: no pseudometric
