n=6
V=[0, 1, 2, 3, 4, 5]
total successes of this branch: 2
Matrix on 6 elements:

0    0.00000000  1.23977672  1.01451479  1.06840010  0.33330821  1.17112222
1    1.23977672  0.00000000  1.10936620  0.70650307  1.23011228  0.44779280
2    1.01451479  1.10936620  0.00000000  1.08629757  0.95999143  1.10012477
3    1.06840010  0.70650307  1.08629757  0.00000000  1.06972644  0.53359362
4    0.33330821  1.23011228  0.95999143  1.06972644  0.00000000  1.16586075
5    1.17112222  0.44779280  1.10012477  0.53359362  1.16586075  0.00000000

--------------------------------------------------------------------------------
n=5
(result of R-step: (0,2:4)0.92589215)
V=[0, 1, 2, 3, 5]
total successes of this branch: 2
Matrix on 5 elements:

0    0.00000000  1.10038430  0.73572994  0.92900768  1.03172979
1    1.10038430  0.00000000  0.96997377  0.70650307  0.44779280
2    0.73572994  0.96997377  0.00000000  0.94690515  0.96073234
3    0.92900768  0.70650307  0.94690515  0.00000000  0.53359362
5    1.03172979  0.44779280  0.96073234  0.53359362  0.00000000

--------------------------------------------------------------------------------
n=4
(result of R-step: (0,1:3)0.13306282)
V=[0, 1, 2, 5]
total successes of this branch: 0
reason of abort: negative delta/dxy

--------------------------------------------------------------------------------
n=4
(result of R-step: (0,5:1)0.26380349)
V=[0, 2, 3, 5]
total successes of this branch: 0
Matrix on 4 elements:

0    0.00000000  0.21975767  0.41303540  0.44307242
2    0.21975767  0.00000000  0.94690515  0.88804724
3    0.41303540  0.94690515  0.00000000  0.46090852
5    0.44307242  0.88804724  0.46090852  0.00000000
reason of abort: no pseudometric

--------------------------------------------------------------------------------
n=4
(result of R-step: (0,5:3)0.31055078)
V=[0, 1, 2, 5]
total successes of this branch: 1
Matrix on 4 elements:

0    0.00000000  0.84014521  0.47549086  0.65752898
1    0.84014521  0.00000000  0.96997377  0.33383107
2    0.47549086  0.96997377  0.00000000  0.84677061
5    0.65752898  0.33383107  0.84677061  0.00000000

--------------------------------------------------------------------------------
n=4
(result of R-step: (1,2:3)0.70695165)
V=[0, 1, 2, 5]
total successes of this branch: 0
Matrix on 4 elements:

0    0.00000000  0.75611102  0.18002667  1.03172979
1    0.75611102  0.00000000  0.06999722  0.10351952
2    0.18002667  0.06999722  0.00000000  0.40502907
5    1.03172979  0.10351952  0.40502907  0.00000000
reason of abort: no pseudometric

--------------------------------------------------------------------------------
n=4
(result of R-step: (2,5:1)0.14698052)
V=[0, 2, 3, 5]
total successes of this branch: 1
Matrix on 4 elements:

0    0.00000000  0.60547577  0.92900768  0.91776806
2    0.60547577  0.00000000  0.81665097  0.71651644
3    0.92900768  0.81665097  0.00000000  0.41963189
5    0.91776806  0.71651644  0.41963189  0.00000000

--------------------------------------------------------------------------------
n=4
(result of R-step: (2,5:3)0.44175124)
V=[0, 1, 2, 5]
total successes of this branch: 0
Matrix on 4 elements:

0    0.00000000  1.10038430  0.30274720  0.95904469
1    1.10038430  0.00000000  0.53699103  0.37510770
2    0.30274720  0.53699103  0.00000000  0.45506450
5    0.95904469  0.37510770  0.45506450  0.00000000
reason of abort: no pseudometric
