n=6
V=[0, 1, 2, 3, 4, 5]
total successes of this branch: 1
Matrix on 6 elements:

0    0.00000000  1.21709470  1.12237937  1.18277587  0.67534704  1.21456682
1    1.21709470  0.00000000  1.02117509  0.95870181  0.73641893  0.14539334
2    1.12237937  1.02117509  0.00000000  0.98567617  1.07479982  1.01856028
3    1.18277587  0.95870181  0.98567617  0.00000000  1.07743109  0.89403095
4    0.67534704  0.73641893  1.07479982  1.07743109  0.00000000  0.76153746
5    1.21456682  0.14539334  1.01856028  0.89403095  0.76153746  0.00000000

--------------------------------------------------------------------------------
n=5
(result of R-step: (1,3:5)0.92634124)
V=[0, 1, 2, 3, 4]
total successes of this branch: 1
Matrix on 5 elements:

0    0.00000000  1.17673347  1.12237937  1.14241463  0.67534704
1    1.17673347  0.00000000  0.98081386  0.87797934  0.69605769
2    1.12237937  0.98081386  0.00000000  0.94531494  1.07479982
3    1.14241463  0.87797934  0.94531494  0.00000000  1.03706985
4    0.67534704  0.69605769  1.07479982  1.03706985  0.00000000

--------------------------------------------------------------------------------
n=4
(result of R-step: (0,4:3)0.71902390)
V=[0, 1, 2, 4]
total successes of this branch: 0
reason of abort: negative delta/dxy

--------------------------------------------------------------------------------
n=4
(result of R-step: (1,2:3)0.13337735)
V=[0, 1, 2, 4]
total successes of this branch: 1
Matrix on 4 elements:

0    0.00000000  1.11975907  0.65983034  0.67534704
1    1.11975907  0.00000000  0.46129043  0.63908330
2    0.65983034  0.46129043  0.00000000  0.61225079
4    0.67534704  0.63908330  0.61225079  0.00000000

--------------------------------------------------------------------------------
n=4
(result of R-step: (2,4:0)0.99686575)
V=[1, 2, 3, 4]
total successes of this branch: 0
reason of abort: negative delta/dxy
