n=6
V=[0, 1, 2, 3, 4, 5]
total successes of this branch: 2
Matrix on 6 elements:

0    0.00000000  1.86115835  1.84591227  1.84544730  1.84558155  1.84908548
1    1.86115835  0.00000000  1.85994637  1.85995515  1.85995261  1.72666153
2    1.84591227  1.85994637  0.00000000  1.78219407  1.75188647  1.35284785
3    1.84544730  1.85995515  1.78219407  0.00000000  1.70753330  1.79837871
4    1.84558155  1.85995261  1.75188647  1.70753330  0.00000000  1.77437859
5    1.84908548  1.72666153  1.35284785  1.79837871  1.77437859  0.00000000

--------------------------------------------------------------------------------
n=5
(result of R-step: (1,2:5)0.20813289)
V=[0, 1, 2, 3, 4]
total successes of this branch: 2
Matrix on 5 elements:

0    0.00000000  1.25137685  1.23613077  1.84544730  1.84558155
1    1.25137685  0.00000000  0.64038336  1.25017364  1.25017111
2    1.23613077  0.64038336  0.00000000  1.17241257  1.14210496
3    1.84544730  1.25017364  1.17241257  0.00000000  1.70753330
4    1.84558155  1.25017111  1.14210496  1.70753330  0.00000000

--------------------------------------------------------------------------------
n=4
(result of R-step: (0,2:1)0.99550660)
V=[0, 2, 3, 4]
total successes of this branch: 1
Matrix on 4 elements:

0    0.00000000  0.08411526  0.92226313  0.92239739
2    0.08411526  0.00000000  0.94358123  0.91327362
3    0.92226313  0.94358123  0.00000000  1.70753330
4    0.92239739  0.91327362  1.70753330  0.00000000

--------------------------------------------------------------------------------
n=4
(result of R-step: (2,3:4)0.28873082)
V=[0, 1, 2, 3]
total successes of this branch: 1
Matrix on 4 elements:

0    0.00000000  1.25137685  1.00729943  1.00683445
1    1.25137685  0.00000000  0.41155202  0.41156080
2    1.00729943  0.41155202  0.00000000  0.10496838
3    1.00683445  0.41156080  0.10496838  0.00000000
