n=6
V=[0, 1, 2, 3, 4, 5]
total successes of this branch: 2
Matrix on 6 elements:

0    0.00000000  1.21697548  1.20718172  1.09848513  1.13800757  1.15633922
1    1.21697548  0.00000000  1.17481221  1.20431810  1.19358966  1.18861350
2    1.20718172  1.17481221  0.00000000  1.16055324  1.07020673  0.83538757
3    1.09848513  1.20431810  1.16055324  0.00000000  1.00242430  1.04432961
4    1.13800757  1.19358966  1.07020673  1.00242430  0.00000000  0.41894016
5    1.15633922  1.18861350  0.83538757  1.04432961  0.41894016  0.00000000

--------------------------------------------------------------------------------
n=5
(result of R-step: (2,4:5)0.26500727)
V=[0, 1, 2, 3, 4]
total successes of this branch: 2
Matrix on 5 elements:

0    0.00000000  1.21697548  1.11512122  1.09848513  1.04594707
1    1.21697548  0.00000000  1.08275171  1.20431810  1.10152916
2    1.11512122  1.08275171  0.00000000  1.06849274  0.88608573
3    1.09848513  1.20431810  1.06849274  0.00000000  0.91036380
4    1.04594707  1.10152916  0.88608573  0.91036380  0.00000000

--------------------------------------------------------------------------------
n=4
(result of R-step: (0,1:4)0.70395498)
V=[0, 1, 2, 3]
total successes of this branch: 0
reason of abort: negative delta/dxy

--------------------------------------------------------------------------------
n=4
(result of R-step: (0,4:3)0.70093013)
V=[0, 1, 2, 4]
total successes of this branch: 1
Matrix on 4 elements:

0    0.00000000  0.67212464  0.57027038  0.24135952
1    0.67212464  0.00000000  1.08275171  0.84179245
2    0.57027038  1.08275171  0.00000000  0.62634902
4    0.24135952  0.84179245  0.62634902  0.00000000

--------------------------------------------------------------------------------
n=4
(result of R-step: (1,2:3)0.36019418)
V=[0, 1, 2, 4]
total successes of this branch: 0
reason of abort: negative delta/dxy

--------------------------------------------------------------------------------
n=4
(result of R-step: (2,3:4)0.36360335)
V=[0, 1, 2, 3]
total successes of this branch: 1
Matrix on 4 elements:

0    0.00000000  1.21697548  0.75114282  0.64244623
1    1.21697548  0.00000000  0.71877332  0.74827920
2    0.75114282  0.71877332  0.00000000  0.24847545
3    0.64244623  0.74827920  0.24847545  0.00000000
