n=6
V=[0, 1, 2, 3, 4, 5]
total successes of this branch: 2
Matrix on 6 elements:

0    0.00000000  1.89651277  1.80075069  1.38607512  1.50012989  1.42504891
1    1.89651277  0.00000000  1.89226958  1.89377910  1.89336391  1.89363723
2    1.80075069  1.89226958  0.00000000  1.04979684  0.88535030  0.99360362
3    1.38607512  1.89377910  1.04979684  0.00000000  0.61635552  0.37500251
4    1.50012989  1.89336391  0.88535030  0.61635552  0.00000000  0.49107156
5    1.42504891  1.89363723  0.99360362  0.37500251  0.49107156  0.00000000

--------------------------------------------------------------------------------
n=5
(result of R-step: (0,2:1)0.58897874)
V=[0, 2, 3, 4, 5]
total successes of this branch: 2
Matrix on 5 elements:

0    0.00000000  1.14146608  0.95274500  1.06679977  0.99171879
2    1.14146608  0.00000000  0.82384236  0.65939581  0.76764913
3    0.95274500  0.82384236  0.00000000  0.61635552  0.37500251
4    1.06679977  0.65939581  0.61635552  0.00000000  0.49107156
5    0.99171879  0.76764913  0.37500251  0.49107156  0.00000000

--------------------------------------------------------------------------------
n=4
(result of R-step: (0,5:3)0.34218367)
V=[0, 2, 4, 5]
total successes of this branch: 1
Matrix on 4 elements:

0    0.00000000  0.59775660  0.52309029  0.36639584
2    0.59775660  0.00000000  0.65939581  0.68603565
4    0.52309029  0.65939581  0.00000000  0.40945808
5    0.36639584  0.68603565  0.40945808  0.00000000

--------------------------------------------------------------------------------
n=4
(result of R-step: (3,4:5)0.65828879)
V=[0, 2, 3, 4]
total successes of this branch: 1
Matrix on 4 elements:

0    0.00000000  1.14146608  0.82788573  0.94194050
2    1.14146608  0.00000000  0.69898309  0.53453654
3    0.82788573  0.69898309  0.00000000  0.36663698
4    0.94194050  0.53453654  0.36663698  0.00000000
