n=6
V=[0, 1, 2, 3, 4, 5]
total successes of this branch: 2
Matrix on 6 elements:

0    0.00000000  3.69128438  3.27432553  3.19762389  2.99111206  3.27620881
1    3.69128438  0.00000000  3.45702284  3.51103724  3.60271550  1.27715439
2    3.27432553  3.45702284  0.00000000  3.01837064  3.14855578  3.43021913
3    3.19762389  3.51103724  3.01837064  0.00000000  2.99811614  3.46505606
4    2.99111206  3.60271550  3.14855578  2.99811614  0.00000000  3.51298655
5    3.27620881  1.27715439  3.43021913  3.46505606  3.51298655  0.00000000

--------------------------------------------------------------------------------
n=5
(result of R-step: (0,1:5)0.14671100)
V=[0, 1, 2, 3, 4]
total successes of this branch: 2
Matrix on 5 elements:

0    0.00000000  2.82920556  2.84328612  2.76658448  2.56007265
1    2.82920556  0.00000000  3.02598343  3.07999783  3.17167609
2    2.84328612  3.02598343  0.00000000  3.01837064  3.14855578
3    2.76658448  3.07999783  3.01837064  0.00000000  2.99811614
4    2.56007265  3.17167609  3.14855578  2.99811614  0.00000000

--------------------------------------------------------------------------------
n=4
(result of R-step: (1,3:2)0.66467230)
V=[0, 1, 3, 4]
total successes of this branch: 1
Matrix on 4 elements:

0    0.00000000  1.35622730  1.37078233  2.56007265
1    1.35622730  0.00000000  0.21121742  1.69869783
3    1.37078233  0.21121742  0.00000000  1.60231399
4    2.56007265  1.69869783  1.60231399  0.00000000

--------------------------------------------------------------------------------
n=4
(result of R-step: (1,4:0)0.36065803)
V=[1, 2, 3, 4]
total successes of this branch: 1
Matrix on 4 elements:

1    0.00000000  1.55300517  1.60701957  0.38700141
2    1.55300517  0.00000000  3.01837064  1.83685936
3    1.60701957  3.01837064  0.00000000  1.68641973
4    0.38700141  1.83685936  1.68641973  0.00000000

--------------------------------------------------------------------------------
n=4
(result of R-step: (2,4:0)0.66851924)
V=[1, 2, 3, 4]
total successes of this branch: 0
Matrix on 4 elements:

1    0.00000000  1.49672853  3.07999783  2.11539349
2    1.49672853  0.00000000  1.48911574  0.56301828
3    3.07999783  1.48911574  0.00000000  1.94183355
4    2.11539349  0.56301828  1.94183355  0.00000000
reason of abort: no pseudometric
