n=6
V=[0, 1, 2, 3, 4, 5]
total successes of this branch: 2
Matrix on 6 elements:

0    0.00000000  0.59155634  0.53957330  0.51573983  0.58653283  0.44367177
1    0.59155634  0.00000000  0.52383550  0.53331874  0.29974498  0.40401340
2    0.53957330  0.52383550  0.00000000  0.39320947  0.49986340  0.53077404
3    0.51573983  0.53331874  0.39320947  0.00000000  0.51977896  0.52556849
4    0.58653283  0.29974498  0.49986340  0.51977896  0.00000000  0.42618511
5    0.44367177  0.40401340  0.53077404  0.52556849  0.42618511  0.00000000

--------------------------------------------------------------------------------
n=5
(result of R-step: (0,1:5)0.44088383)
V=[0, 1, 2, 3, 4]
total successes of this branch: 2
Matrix on 5 elements:

0    0.00000000  0.33542750  0.41150888  0.38767541  0.45846842
1    0.33542750  0.00000000  0.39577108  0.40525433  0.17168056
2    0.41150888  0.39577108  0.00000000  0.39320947  0.49986340
3    0.38767541  0.40525433  0.39320947  0.00000000  0.51977896
4    0.45846842  0.17168056  0.49986340  0.51977896  0.00000000

--------------------------------------------------------------------------------
n=4
(result of R-step: (1,2:0)0.10540274)
V=[1, 2, 3, 4]
total successes of this branch: 0
reason of abort: negative delta/dxy

--------------------------------------------------------------------------------
n=4
(result of R-step: (1,3:0)0.22702891)
V=[1, 2, 3, 4]
total successes of this branch: 1
Matrix on 4 elements:

1    0.00000000  0.38594906  0.21563702  0.16185854
2    0.38594906  0.00000000  0.21341418  0.49986340
3    0.21563702  0.21341418  0.00000000  0.33998368
4    0.16185854  0.49986340  0.33998368  0.00000000

--------------------------------------------------------------------------------
n=4
(result of R-step: (1,3:2)0.14787547)
V=[0, 1, 3, 4]
total successes of this branch: 0
Matrix on 4 elements:

0    0.00000000  0.27157553  0.21063401  0.45846842
1    0.27157553  0.00000000  0.16436095  0.10782860
3    0.21063401  0.16436095  0.00000000  0.34273756
4    0.45846842  0.10782860  0.34273756  0.00000000
reason of abort: no pseudometric

--------------------------------------------------------------------------------
n=4
(result of R-step: (2,4:0)0.84369608)
V=[1, 2, 3, 4]
total successes of this branch: 0
Matrix on 4 elements:

1    0.00000000  0.18319712  0.40525433 -0.02682049
2    0.18319712  0.00000000  0.18063551  0.08878839
3    0.40525433  0.18063551  0.00000000  0.32127791
4   -0.02682049  0.08878839  0.32127791  0.00000000
reason of abort: no pseudometric

--------------------------------------------------------------------------------
n=4
(result of R-step: (3,4:0)0.74097863)
V=[1, 2, 3, 4]
total successes of this branch: 0
Matrix on 4 elements:

1    0.00000000  0.39577108  0.22821292  0.01213862
2    0.39577108  0.00000000  0.21616807  0.34032146
3    0.22821292  0.21616807  0.00000000  0.18319562
4    0.01213862  0.34032146  0.18319562  0.00000000
reason of abort: no pseudometric

--------------------------------------------------------------------------------
n=4
(result of R-step: (3,4:2)0.89053763)
V=[0, 1, 3, 4]
total successes of this branch: 1
Matrix on 4 elements:

0    0.00000000  0.33542750  0.20788013  0.36301835
1    0.33542750  0.00000000  0.22545904  0.07623050
3    0.20788013  0.22545904  0.00000000  0.24453362
4    0.36301835  0.07623050  0.24453362  0.00000000
