n=6
V=[0, 1, 2, 3, 4, 5]
total successes of this branch: 2
Matrix on 6 elements:

0    0.00000000  2.66129554  2.65434190  2.65625004  2.50712691  2.65970359
1    2.66129554  0.00000000  2.54514487  2.41944918  1.65420765  0.96439118
2    2.65434190  2.54514487  0.00000000  2.21278074  2.55964189  2.44027743
3    2.65625004  2.41944918  2.21278074  0.00000000  2.45088691  1.74872199
4    2.50712691  1.65420765  2.55964189  2.45088691  0.00000000  1.90557568
5    2.65970359  0.96439118  2.44027743  1.74872199  1.90557568  0.00000000

--------------------------------------------------------------------------------
n=5
(result of R-step: (1,3:5)0.68448026)
V=[0, 1, 2, 3, 4]
total successes of this branch: 2
Matrix on 5 elements:

0    0.00000000  2.51446354  2.65434190  2.50941805  2.50712691
1    2.51446354  0.00000000  2.39831288  2.12578519  1.50737565
2    2.65434190  2.39831288  0.00000000  2.06594875  2.55964189
3    2.50941805  2.12578519  2.06594875  0.00000000  2.30405491
4    2.50712691  1.50737565  2.55964189  2.30405491  0.00000000

--------------------------------------------------------------------------------
n=4
(result of R-step: (0,3:2)0.09127224)
V=[0, 1, 3, 4]
total successes of this branch: 1
Matrix on 4 elements:

0    0.00000000  1.76444403  0.87912588  1.75710740
1    1.76444403  0.00000000  1.24551253  1.50737565
3    0.87912588  1.24551253  0.00000000  1.42378226
4    1.75710740  1.50737565  1.42378226  0.00000000

--------------------------------------------------------------------------------
n=4
(result of R-step: (1,2:0)0.44598784)
V=[1, 2, 3, 4]
total successes of this branch: 0
Matrix on 4 elements:

1    0.00000000  0.48212253  1.26366967  0.64526013
2    0.48212253  0.00000000  1.01187391  1.50556706
3    1.26366967  1.01187391  0.00000000  2.30405491
4    0.64526013  1.50556706  2.30405491  0.00000000
reason of abort: no pseudometric

--------------------------------------------------------------------------------
n=4
(result of R-step: (1,3:0)0.34128109)
V=[1, 2, 3, 4]
total successes of this branch: 0
Matrix on 4 elements:

1    0.00000000  1.46183399  0.19573820  0.57089676
2    1.46183399  0.00000000  1.07238064  2.55964189
3    0.19573820  1.07238064  0.00000000  1.31048681
4    0.57089676  2.55964189  1.31048681  0.00000000
reason of abort: no pseudometric

--------------------------------------------------------------------------------
n=4
(result of R-step: (2,4:0)0.71009207)
V=[1, 2, 3, 4]
total successes of this branch: 1
Matrix on 4 elements:

1    0.00000000  1.31546668  2.12578519  0.96391850
2    1.31546668  0.00000000  0.98310255  0.93333855
3    2.12578519  0.98310255  0.00000000  1.76059777
4    0.96391850  0.93333855  1.76059777  0.00000000

--------------------------------------------------------------------------------
n=4
(result of R-step: (3,4:0)0.82041694)
V=[1, 2, 3, 4]
total successes of this branch: 0
Matrix on 4 elements:

1    0.00000000  2.39831288  1.15316108  1.18132317
2    2.39831288  0.00000000  1.09332464  2.23358941
3    1.15316108  1.09332464  0.00000000  1.00537832
4    1.18132317  2.23358941  1.00537832  0.00000000
reason of abort: no pseudometric
