n=6
V=[0, 1, 2, 3, 4, 5]
total successes of this branch: 2
Matrix on 6 elements:

0    0.00000000  3.18070247  2.22287891  2.41311870  2.72390404  2.96862779
1    3.18070247  0.00000000  2.83466306  2.17858294  1.90573282  0.91335383
2    2.22287891  2.83466306  0.00000000  2.56931034  1.98773173  2.76134912
3    2.41311870  2.17858294  2.56931034  0.00000000  2.36492588  1.69556105
4    2.72390404  1.90573282  1.98773173  2.36492588  0.00000000  2.03260264
5    2.96862779  0.91335383  2.76134912  1.69556105  2.03260264  0.00000000

--------------------------------------------------------------------------------
n=5
(result of R-step: (1,3:5)0.72371136)
V=[0, 1, 2, 3, 4]
total successes of this branch: 2
Matrix on 5 elements:

0    0.00000000  2.96553649  2.22287891  2.19795273  2.72390404
1    2.96553649  0.00000000  2.61949709  1.74825099  1.69056684
2    2.22287891  2.61949709  0.00000000  2.35414437  1.98773173
3    2.19795273  1.74825099  2.35414437  0.00000000  2.14975991
4    2.72390404  1.69056684  1.98773173  2.14975991  0.00000000

--------------------------------------------------------------------------------
n=4
(result of R-step: (0,2:1)0.34596701)
V=[0, 2, 3, 4]
total successes of this branch: 0
reason of abort: negative delta/dxy

--------------------------------------------------------------------------------
n=4
(result of R-step: (1,4:0)0.18093392)
V=[1, 2, 3, 4]
total successes of this branch: 0
reason of abort: negative delta/dxy

--------------------------------------------------------------------------------
n=4
(result of R-step: (2,3:0)0.62243045)
V=[1, 2, 3, 4]
total successes of this branch: 1
Matrix on 4 elements:

1    0.00000000  2.09009635  1.67188601  1.69056684
2    2.09009635  0.00000000  1.74837864  1.45833099
3    1.67188601  1.74837864  0.00000000  2.07339493
4    1.69056684  1.45833099  2.07339493  0.00000000

--------------------------------------------------------------------------------
n=4
(result of R-step: (3,4:1)0.43719034)
V=[0, 2, 3, 4]
total successes of this branch: 1
Matrix on 4 elements:

0    0.00000000  2.22287891  2.12158775  2.47591675
2    2.22287891  0.00000000  2.27777939  1.73974445
3    2.12158775  2.27777939  0.00000000  1.82540764
4    2.47591675  1.73974445  1.82540764  0.00000000
