n=6
V=[0, 1, 2, 3, 4, 5]
total successes of this branch: 2
Matrix on 6 elements:

0    0.00000000  0.73663992  0.56492874  0.71935471  0.41521181  0.07176352
1    0.73663992  0.00000000  0.70478384  0.49171128  0.71992443  0.71145787
2    0.56492874  0.70478384  0.00000000  0.68093419  0.39963844  0.57003243
3    0.71935471  0.49171128  0.68093419  0.00000000  0.69919473  0.71104740
4    0.41521181  0.71992443  0.39963844  0.69919473  0.00000000  0.42633158
5    0.07176352  0.71145787  0.57003243  0.71104740  0.42633158  0.00000000

--------------------------------------------------------------------------------
n=5
(result of R-step: (3,4:2)0.30967530)
V=[0, 1, 3, 4, 5]
total successes of this branch: 2
Matrix on 5 elements:

0    0.00000000  0.73663992  0.48890137  0.32280334  0.07176352
1    0.73663992  0.00000000  0.26125794  0.62751595  0.71145787
3    0.48890137  0.26125794  0.00000000  0.37633291  0.48059406
4    0.32280334  0.62751595  0.37633291  0.00000000  0.33392310
5    0.07176352  0.71145787  0.48059406  0.33392310  0.00000000

--------------------------------------------------------------------------------
n=4
(result of R-step: (0,1:4)0.56795605)
V=[0, 1, 3, 5]
total successes of this branch: 0
Matrix on 4 elements:

0    0.00000000  0.46164092  0.47238688  0.05524903
1    0.46164092  0.00000000  0.00277343  0.45297336
3    0.47238688  0.00277343  0.00000000  0.48059406
5    0.05524903  0.45297336  0.48059406  0.00000000
reason of abort: no pseudometric

--------------------------------------------------------------------------------
n=4
(result of R-step: (0,3:4)0.58009692)
V=[0, 1, 3, 5]
total successes of this branch: 1
Matrix on 4 elements:

0    0.00000000  0.71334919  0.46295246  0.04847278
1    0.71334919  0.00000000  0.25859977  0.71145787
3    0.46295246  0.25859977  0.00000000  0.47793589
5    0.04847278  0.71145787  0.47793589  0.00000000

--------------------------------------------------------------------------------
n=4
(result of R-step: (1,4:3)0.53515432)
V=[0, 1, 4, 5]
total successes of this branch: 1
Matrix on 4 elements:

0    0.00000000  0.71334919  0.21966863  0.07176352
1    0.71334919  0.00000000  0.50109051  0.68816714
4    0.21966863  0.50109051  0.00000000  0.23078839
5    0.07176352  0.68816714  0.23078839  0.00000000

--------------------------------------------------------------------------------
n=4
(result of R-step: (1,5:4)0.40182757)
V=[0, 1, 3, 5]
total successes of this branch: 0
Matrix on 4 elements:

0    0.00000000  0.46529553  0.48890137  0.01812884
1    0.46529553  0.00000000 -0.01008645  0.38647881
3    0.48890137 -0.01008645  0.00000000  0.42695939
5    0.01812884  0.38647881  0.42695939  0.00000000
reason of abort: no pseudometric

--------------------------------------------------------------------------------
n=4
(result of R-step: (3,5:4)0.38621832)
V=[0, 1, 3, 5]
total successes of this branch: 0
reason of abort: negative delta/dxy
