n=6
V=[0, 1, 2, 3, 4, 5]
total successes of this branch: 2
Matrix on 6 elements:

0    0.00000000  1.71993453  1.60002261  1.13804906  1.47844687  0.86961814
1    1.71993453  0.00000000  1.67812297  1.60500502  1.68691313  1.68320505
2    1.60002261  1.67812297  0.00000000  1.61290413  1.14330737  1.60413932
3    1.13804906  1.60500502  1.61290413  0.00000000  1.51307401  1.01197074
4    1.47844687  1.68691313  1.14330737  1.51307401  0.00000000  1.48951310
5    0.86961814  1.68320505  1.60413932  1.01197074  1.48951310  0.00000000

--------------------------------------------------------------------------------
n=5
(result of R-step: (1,4:2)0.14540057)
V=[0, 1, 3, 4, 5]
total successes of this branch: 2
Matrix on 5 elements:

0    0.00000000  1.20403327  1.13804906  1.00362445  0.86961814
1    1.20403327  0.00000000  1.08910376  0.69618945  1.16730379
3    1.13804906  1.08910376  0.00000000  1.03825159  1.01197074
4    1.00362445  0.69618945  1.03825159  0.00000000  1.01469068
5    0.86961814  1.16730379  1.01197074  1.01469068  0.00000000

--------------------------------------------------------------------------------
n=4
(result of R-step: (0,1:4)0.29357141)
V=[0, 1, 3, 5]
total successes of this branch: 1
Matrix on 4 elements:

0    0.00000000  0.54352871  0.76627915  0.49784823
1    0.54352871  0.00000000  0.80036911  0.87856914
3    0.76627915  0.80036911  0.00000000  1.01197074
5    0.49784823  0.87856914  1.01197074  0.00000000

--------------------------------------------------------------------------------
n=4
(result of R-step: (1,5:0)0.34664479)
V=[1, 3, 4, 5]
total successes of this branch: 0
Matrix on 4 elements:

1    0.00000000  0.59576201  0.20284770  0.39414655
3    0.59576201  0.00000000  1.03825159  0.73215526
4    0.20284770  1.03825159  0.00000000  0.73487520
5    0.39414655  0.73215526  0.73487520  0.00000000
reason of abort: no pseudometric

--------------------------------------------------------------------------------
n=4
(result of R-step: (1,5:4)0.41870559)
V=[0, 1, 3, 5]
total successes of this branch: 0
Matrix on 4 elements:

0    0.00000000  1.17578255  1.13804906  0.41206236
1    1.17578255  0.00000000  1.06085304  0.68149729
3    1.13804906  1.06085304  0.00000000  0.55441496
5    0.41206236  0.68149729  0.55441496  0.00000000
reason of abort: no pseudometric

--------------------------------------------------------------------------------
n=4
(result of R-step: (4,5:0)0.17963350)
V=[1, 3, 4, 5]
total successes of this branch: 1
Matrix on 4 elements:

1    0.00000000  1.08910376  0.55743803  0.82234315
3    1.08910376  0.00000000  0.89950017  0.66701010
4    0.55743803  0.89950017  0.00000000  0.53097862
5    0.82234315  0.66701010  0.53097862  0.00000000
