n=6
V=[0, 1, 2, 3, 4, 5]
total successes of this branch: 2
Matrix on 6 elements:

0    0.00000000  2.69239876  1.72031944  1.93654438  2.67920741  1.92770851
1    2.69239876  0.00000000  2.53878312  1.50163503  0.11462762  1.50706976
2    1.72031944  2.53878312  0.00000000  2.22098100  2.50543418  2.21869595
3    1.93654438  1.50163503  2.22098100  0.00000000  1.51139673  0.00941746
4    2.67920741  0.11462762  2.50543418  1.51139673  0.00000000  1.51672670
5    1.92770851  1.50706976  2.21869595  0.00941746  1.51672670  0.00000000

--------------------------------------------------------------------------------
n=5
(result of R-step: (0,3:5)0.00456407)
V=[0, 1, 2, 3, 4]
total successes of this branch: 2
Matrix on 5 elements:

0    0.00000000  2.69210797  1.72002865  1.93596279  2.67891661
1    2.69210797  0.00000000  2.53878312  1.50134423  0.11462762
2    1.72002865  2.53878312  0.00000000  2.22069021  2.50543418
3    1.93596279  1.50134423  2.22069021  0.00000000  1.51110593
4    2.67891661  0.11462762  2.50543418  1.51110593  0.00000000

--------------------------------------------------------------------------------
n=4
(result of R-step: (0,1:3)0.50681324)
V=[0, 1, 2, 4]
total successes of this branch: 1
Matrix on 4 elements:

0    0.00000000  2.14695528  1.21551530  2.17440326
1    2.14695528  0.00000000  2.49814377  0.07398828
2    1.21551530  2.49814377  0.00000000  2.50543418
4    2.17440326  0.07398828  2.50543418  0.00000000

--------------------------------------------------------------------------------
n=4
(result of R-step: (0,4:3)0.49703161)
V=[0, 1, 2, 4]
total successes of this branch: 0
Matrix on 4 elements:

0    0.00000000  2.20629881  1.23421950  2.11957173
1    2.20629881  0.00000000  2.53878312  0.04109190
2    1.23421950  2.53878312  0.00000000  2.43189845
4    2.11957173  0.04109190  2.43189845  0.00000000
reason of abort: no pseudometric

--------------------------------------------------------------------------------
n=4
(result of R-step: (1,2:3)0.35988803)
V=[0, 1, 2, 4]
total successes of this branch: 0
Matrix on 4 elements:

0    0.00000000  2.67801420  0.59450828  2.67891661
1    2.67801420  0.00000000  1.39916898  0.10053386
2    0.59450828  1.39916898  0.00000000  1.37991381
4    2.67891661  0.10053386  1.37991381  0.00000000
reason of abort: no pseudometric

--------------------------------------------------------------------------------
n=4
(result of R-step: (2,4:3)0.62951318)
V=[0, 1, 2, 4]
total successes of this branch: 0
Matrix on 4 elements:

0    0.00000000  2.69210797  0.58281570  2.58009620
1    2.69210797  0.00000000  1.40157017  0.01580721
2    0.58281570  1.40157017  0.00000000  1.26940082
4    2.58009620  0.01580721  1.26940082  0.00000000
reason of abort: no pseudometric

--------------------------------------------------------------------------------
n=4
(result of R-step: (3,4:1)0.04399203)
V=[0, 2, 3, 4]
total successes of this branch: 1
Matrix on 4 elements:

0    0.00000000  1.72002865  1.81276415  2.67772646
2    1.72002865  0.00000000  2.09749157  2.50424402
3    1.81276415  2.09749157  0.00000000  1.38671714
4    2.67772646  2.50424402  1.38671714  0.00000000
