n=6
V=[0, 1, 2, 3, 4, 5]
total successes of this branch: 2
Matrix on 6 elements:

0    0.00000000  1.72893262  1.49269677  1.47932484  1.49109582  1.57715124
1    1.72893262  0.00000000  1.66094865  1.66520803  1.66145861  1.06916696
2    1.49269677  1.66094865  0.00000000  1.29263909  1.13704267  0.59739982
3    1.47932484  1.66520803  1.29263909  0.00000000  1.27147671  1.42583272
4    1.49109582  1.66145861  1.13704267  1.27147671  0.00000000  1.32452169
5    1.57715124  1.06916696  0.59739982  1.42583272  1.32452169  0.00000000

--------------------------------------------------------------------------------
n=5
(result of R-step: (1,2:5)0.35750062)
V=[0, 1, 2, 3, 4]
total successes of this branch: 2
Matrix on 5 elements:

0    0.00000000  1.72612356  1.48988771  1.47932484  1.49109582
1    1.72612356  0.00000000  1.65533053  1.66239897  1.65864954
2    1.48988771  1.65533053  0.00000000  1.28983003  1.13423360
3    1.47932484  1.66239897  1.28983003  0.00000000  1.27147671
4    1.49109582  1.65864954  1.13423360  1.27147671  0.00000000

--------------------------------------------------------------------------------
n=4
(result of R-step: (0,2:1)0.90726742)
V=[0, 2, 3, 4]
total successes of this branch: 1
Matrix on 4 elements:

0    0.00000000  0.17019928  0.71476748  0.72653847
2    0.17019928  0.00000000  0.73469895  0.57910252
3    0.71476748  0.73469895  0.00000000  1.27147671
4    0.72653847  0.57910252  1.27147671  0.00000000

--------------------------------------------------------------------------------
n=4
(result of R-step: (0,4:1)0.88071312)
V=[0, 2, 3, 4]
total successes of this branch: 0
Matrix on 4 elements:

0    0.00000000  0.72892045  0.71835757  0.15355969
2    0.72892045  0.00000000  1.28983003  0.55766474
3    0.71835757  1.28983003  0.00000000  0.69490784
4    0.15355969  0.55766474  0.69490784  0.00000000
reason of abort: no pseudometric

--------------------------------------------------------------------------------
n=4
(result of R-step: (0,4:2)0.15438983)
V=[0, 1, 3, 4]
total successes of this branch: 0
Matrix on 4 elements:

0    0.00000000  0.94000237  0.69320364  0.16231329
1    0.94000237  0.00000000  1.66239897  1.11598821
3    0.69320364  1.66239897  0.00000000  0.72881537
4    0.16231329  1.11598821  0.72881537  0.00000000
reason of abort: no pseudometric

--------------------------------------------------------------------------------
n=4
(result of R-step: (1,4:2)0.12547864)
V=[0, 1, 3, 4]
total successes of this branch: 1
Matrix on 4 elements:

0    0.00000000  0.78769632  1.47932484  0.94404939
1    0.78769632  0.00000000  0.72397173  0.17317587
3    1.47932484  0.72397173  0.00000000  0.72443027
4    0.94404939  0.17317587  0.72443027  0.00000000
