n=6
V=[0, 1, 2, 3, 4, 5]
total successes of this branch: 1
Matrix on 6 elements:

0    0.00000000  0.81894962  0.79809022  0.80517684  0.58782150  0.80979918
1    0.81894962  0.00000000  0.75294356  0.55794439  0.77187297  0.42509379
2    0.79809022  0.75294356  0.00000000  0.75520645  0.79035542  0.49673232
3    0.80517684  0.55794439  0.75520645  0.00000000  0.75734611  0.64447775
4    0.58782150  0.77187297  0.79035542  0.75734611  0.00000000  0.77998070
5    0.80979918  0.42509379  0.49673232  0.64447775  0.77998070  0.00000000

--------------------------------------------------------------------------------
n=5
(result of R-step: (1,2:5)0.56132795)
V=[0, 1, 2, 3, 4]
total successes of this branch: 1
Matrix on 5 elements:

0    0.00000000  0.73450834  0.71364894  0.80517684  0.58782150
1    0.73450834  0.00000000  0.58406101  0.47350312  0.68743170
2    0.71364894  0.58406101  0.00000000  0.67076518  0.70591414
3    0.80517684  0.47350312  0.67076518  0.00000000  0.75734611
4    0.58782150  0.68743170  0.70591414  0.75734611  0.00000000

--------------------------------------------------------------------------------
n=4
(result of R-step: (0,1:3)0.07325434)
V=[0, 1, 2, 4]
total successes of this branch: 0
Matrix on 4 elements:

0    0.00000000  0.22713342  0.39105283  0.26522538
1    0.22713342  0.00000000  0.39928221  0.50265290
2    0.39105283  0.39928221  0.00000000  0.70591414
4    0.26522538  0.50265290  0.70591414  0.00000000
reason of abort: no pseudometric

--------------------------------------------------------------------------------
n=4
(result of R-step: (1,4:3)0.94028572)
V=[0, 1, 2, 4]
total successes of this branch: 1
Matrix on 4 elements:

0    0.00000000  0.54678570  0.71364894  0.32376320
1    0.54678570  0.00000000  0.39633837  0.23565076
2    0.71364894  0.39633837  0.00000000  0.44185584
4    0.32376320  0.23565076  0.44185584  0.00000000

--------------------------------------------------------------------------------
n=4
(result of R-step: (2,4:0)0.04491351)
V=[1, 2, 3, 4]
total successes of this branch: 0
reason of abort: negative delta/dxy
