n=6
V=[0, 1, 2, 3, 4, 5]
total successes of this branch: 2
Matrix on 6 elements:

0    0.00000000  3.04758636  3.01328151  2.34362177  2.31681393  2.34348267
1    3.04758636  0.00000000  2.50011165  2.70964705  2.71603034  2.70968017
2    3.01328151  2.50011165  0.00000000  1.93325227  1.95365282  1.93335813
3    2.34362177  2.70964705  1.93325227  0.00000000  0.95119058  0.85457214
4    2.31681393  2.71603034  1.95365282  0.95119058  0.00000000  0.95068661
5    2.34348267  2.70968017  1.93335813  0.85457214  0.95068661  0.00000000

--------------------------------------------------------------------------------
n=5
(result of R-step: (0,2:1)0.29692288)
V=[0, 2, 3, 4, 5]
total successes of this branch: 2
Matrix on 5 elements:

0    0.00000000  1.87488215  1.88143040  1.85462256  1.88129130
2    1.87488215  0.00000000  1.25704427  1.27744482  1.25715013
3    1.88143040  1.25704427  0.00000000  0.95119058  0.85457214
4    1.85462256  1.27744482  0.95119058  0.00000000  0.95068661
5    1.88129130  1.25715013  0.85457214  0.95068661  0.00000000

--------------------------------------------------------------------------------
n=4
(result of R-step: (0,3:4)0.18517336)
V=[0, 2, 3, 5]
total successes of this branch: 0
Matrix on 4 elements:

0    0.00000000  0.75271880  0.33168754  0.75912795
2    0.75271880  0.00000000  0.82946476  1.25715013
3    0.33168754  0.82946476  0.00000000  0.42699263
5    0.75912795  1.25715013  0.42699263  0.00000000
reason of abort: no pseudometric

--------------------------------------------------------------------------------
n=4
(result of R-step: (0,5:3)0.00213073)
V=[0, 2, 4, 5]
total successes of this branch: 0
Matrix on 4 elements:

0    0.00000000  0.56788713  0.54762754  0.14739382
2    0.56788713  0.00000000  1.27744482  0.83024766
4    0.54762754  1.27744482  0.00000000  0.52378415
5    0.14739382  0.83024766  0.52378415  0.00000000
reason of abort: no pseudometric

--------------------------------------------------------------------------------
n=4
(result of R-step: (0,5:4)0.18655304)
V=[0, 2, 3, 5]
total successes of this branch: 1
Matrix on 4 elements:

0    0.00000000  0.75124201  0.75779026  0.33065890
2    0.75124201  0.00000000  1.25704427  0.83015788
3    0.75779026  1.25704427  0.00000000  0.42757989
5    0.33065890  0.83015788  0.42757989  0.00000000

--------------------------------------------------------------------------------
n=4
(result of R-step: (2,3:4)0.30045081)
V=[0, 2, 3, 5]
total successes of this branch: 0
Matrix on 4 elements:

0    0.00000000  1.17107155  1.45376139  1.88129130
2    1.17107155  0.00000000  0.12556466  0.55333953
3    1.45376139  0.12556466  0.00000000  0.42690313
5    1.88129130  0.55333953  0.42690313  0.00000000
reason of abort: no pseudometric

--------------------------------------------------------------------------------
n=4
(result of R-step: (2,5:3)0.00109512)
V=[0, 2, 4, 5]
total successes of this branch: 1
Matrix on 4 elements:

0    0.00000000  1.36135404  1.85462256  1.45429905
2    1.36135404  0.00000000  0.76391671  0.31662977
4    1.85462256  0.76391671  0.00000000  0.52369436
5    1.45429905  0.31662977  0.52369436  0.00000000

--------------------------------------------------------------------------------
n=4
(result of R-step: (2,5:4)0.30152315)
V=[0, 2, 3, 5]
total successes of this branch: 0
Matrix on 4 elements:

0    0.00000000  1.17163467  1.88143040  1.45438884
2    1.17163467  0.00000000  0.55379680  0.12700019
3    1.88143040  0.55379680  0.00000000  0.42766968
5    1.45438884  0.12700019  0.42766968  0.00000000
reason of abort: no pseudometric
