n=6
V=[0, 1, 2, 3, 4, 5]
total successes of this branch: 1
Matrix on 6 elements:

0    0.00000000  1.17036621  1.14210923  1.08304142  1.14567704  1.14023367
1    1.17036621  0.00000000  1.04564470  1.08732299  1.03058122  1.04696810
2    1.14210923  1.04564470  0.00000000  1.02441772  0.94140565  0.49437325
3    1.08304142  1.08732299  1.02441772  0.00000000  1.03236033  1.00703542
4    1.14567704  1.03058122  0.94140565  1.03236033  0.00000000  0.94429371
5    1.14023367  1.04696810  0.49437325  1.00703542  0.94429371  0.00000000

--------------------------------------------------------------------------------
n=5
(result of R-step: (0,4:1)0.32845999)
V=[0, 2, 3, 4, 5]
total successes of this branch: 1
Matrix on 5 elements:

0    0.00000000  0.59001416  0.53094635  0.13496730  0.58813859
2    0.59001416  0.00000000  1.02441772  0.48279098  0.49437325
3    0.53094635  1.02441772  0.00000000  0.57374566  1.00703542
4    0.13496730  0.48279098  0.57374566  0.00000000  0.48567904
5    0.58813859  0.49437325  1.00703542  0.48567904  0.00000000

--------------------------------------------------------------------------------
n=4
(result of R-step: (0,2:3)0.95497730)
V=[0, 2, 4, 5]
total successes of this branch: 0
Matrix on 4 elements:

0    0.00000000  0.12713197  0.09241973  0.54559103
2    0.12713197  0.00000000  0.06245636  0.07403862
4    0.09241973  0.06245636  0.00000000  0.48567904
5    0.54559103  0.07403862  0.48567904  0.00000000
reason of abort: no pseudometric

--------------------------------------------------------------------------------
n=4
(result of R-step: (0,5:3)0.99019880)
V=[0, 2, 4, 5]
total successes of this branch: 0
reason of abort: negative delta/dxy

--------------------------------------------------------------------------------
n=4
(result of R-step: (3,4:0)0.23500445)
V=[2, 3, 4, 5]
total successes of this branch: 1
Matrix on 4 elements:

2    0.00000000  0.78592225  0.46959088  0.49437325
3    0.78592225  0.00000000  0.32205009  0.76853995
4    0.46959088  0.32205009  0.00000000  0.47247894
5    0.49437325  0.76853995  0.47247894  0.00000000
