n=6
V=[0, 1, 2, 3, 4, 5]
total successes of this branch: 2
Matrix on 6 elements:

0    0.00000000  2.94945921  2.79125280  2.89422474  2.91787511  1.83408662
1    2.94945921  0.00000000  2.34612846  1.54887481  1.15021758  2.61282899
2    2.79125280  2.34612846  0.00000000  1.91847913  2.35380742  1.58311479
3    2.89422474  1.54887481  1.91847913  0.00000000  1.57208383  2.34980453
4    2.91787511  1.15021758  2.35380742  1.57208383  0.00000000  2.60315184
5    1.83408662  2.61282899  1.58311479  2.34980453  2.60315184  0.00000000

--------------------------------------------------------------------------------
n=5
(result of R-step: (0,2:5)0.44204698)
V=[0, 1, 2, 3, 4]
total successes of this branch: 2
Matrix on 5 elements:

0    0.00000000  2.63648490  2.16530418  2.58125043  2.60490080
1    2.63648490  0.00000000  2.03315415  1.54887481  1.15021758
2    2.16530418  2.03315415  0.00000000  1.60550482  2.04083312
3    2.58125043  1.54887481  1.60550482  0.00000000  1.57208383
4    2.60490080  1.15021758  2.04083312  1.57208383  0.00000000

--------------------------------------------------------------------------------
n=4
(result of R-step: (0,1:3)0.64233970)
V=[0, 1, 2, 4]
total successes of this branch: 0
Matrix on 4 elements:

0    0.00000000  0.44797666  0.49109738  0.93069400
1    0.44797666  0.00000000  1.51885270  0.63591613
2    0.49109738  1.51885270  0.00000000  2.04083312
4    0.93069400  0.63591613  2.04083312  0.00000000
reason of abort: no pseudometric

--------------------------------------------------------------------------------
n=4
(result of R-step: (0,1:4)0.01725129)
V=[0, 1, 2, 3]
total successes of this branch: 1
Matrix on 4 elements:

0    0.00000000  1.83082574  1.91896175  2.33490801
1    1.83082574  0.00000000  1.47383741  0.98955807
2    1.91896175  1.47383741  0.00000000  1.60550482
3    2.33490801  0.98955807  1.60550482  0.00000000

--------------------------------------------------------------------------------
n=4
(result of R-step: (0,4:3)0.61241579)
V=[0, 1, 2, 4]
total successes of this branch: 0
Matrix on 4 elements:

0    0.00000000  0.93568914  0.46450842  0.27410286
1    0.93568914  0.00000000  2.03315415  0.52021540
2    0.46450842  2.03315415  0.00000000  1.41083094
4    0.27410286  0.52021540  1.41083094  0.00000000
reason of abort: no pseudometric

--------------------------------------------------------------------------------
n=4
(result of R-step: (1,2:3)0.64965338)
V=[0, 1, 2, 4]
total successes of this branch: 1
Matrix on 4 elements:

0    0.00000000  2.07716817  1.91581232  2.60490080
1    2.07716817  0.00000000  1.22434556  0.59090084
2    1.91581232  1.22434556  0.00000000  1.79134126
4    2.60490080  0.59090084  1.79134126  0.00000000

--------------------------------------------------------------------------------
n=4
(result of R-step: (1,2:4)0.89618793)
V=[0, 1, 2, 3]
total successes of this branch: 0
Matrix on 4 elements:

0    0.00000000  2.12218346  1.19521098  2.58125043
1    2.12218346  0.00000000  0.54875950  1.03457336
2    1.19521098  0.54875950  0.00000000  0.63541161
3    2.58125043  1.03457336  0.63541161  0.00000000
reason of abort: no pseudometric

--------------------------------------------------------------------------------
n=4
(result of R-step: (2,4:3)0.31931720)
V=[0, 1, 2, 4]
total successes of this branch: 0
Matrix on 4 elements:

0    0.00000000  2.63648490  2.00930815  2.01454483
1    2.63648490  0.00000000  1.87715812  0.55986160
2    2.00930815  1.87715812  0.00000000  1.29448112
4    2.01454483  0.55986160  1.29448112  0.00000000
reason of abort: no pseudometric
