n=6
V=[0, 1, 2, 3, 4, 5]
total successes of this branch: 1
Matrix on 6 elements:

0    0.00000000  1.79750211  1.76367717  0.99483638  1.78139421  1.77894492
1    1.79750211  0.00000000  1.41919018  1.78466859  0.88768973  0.96116685
2    1.76367717  1.41919018  0.00000000  1.73667985  0.93596287  0.84158460
3    0.99483638  1.78466859  1.73667985  0.00000000  1.76181569  1.75834079
4    1.78139421  0.88768973  0.93596287  1.76181569  0.00000000  0.34765112
5    1.77894492  0.96116685  0.84158460  1.75834079  0.34765112  0.00000000

--------------------------------------------------------------------------------
n=5
(result of R-step: (2,4:5)0.13824469)
V=[0, 1, 2, 3, 4]
total successes of this branch: 1
Matrix on 5 elements:

0    0.00000000  1.79750211  1.63704075  0.99483638  1.65475779
1    1.79750211  0.00000000  1.29255376  1.78466859  0.76105331
2    1.63704075  1.29255376  0.00000000  1.61004342  0.68269003
3    0.99483638  1.78466859  1.61004342  0.00000000  1.63517927
4    1.65475779  0.76105331  0.68269003  1.63517927  0.00000000

--------------------------------------------------------------------------------
n=4
(result of R-step: (0,2:3)0.98556045)
V=[0, 1, 2, 4]
total successes of this branch: 1
Matrix on 4 elements:

0    0.00000000  1.30197668  1.06592052  1.15923235
1    1.30197668  0.00000000  1.21695897  0.76105331
2    1.06592052  1.21695897  0.00000000  0.60709524
4    1.15923235  0.76105331  0.60709524  0.00000000

--------------------------------------------------------------------------------
n=4
(result of R-step: (0,4:1)0.28869145)
V=[0, 2, 3, 4]
total successes of this branch: 0
reason of abort: negative delta/dxy

--------------------------------------------------------------------------------
n=4
(result of R-step: (3,4:1)0.29429019)
V=[0, 2, 3, 4]
total successes of this branch: 0
reason of abort: negative delta/dxy
