n=6
V=[0, 1, 2, 3, 4, 5]
total successes of this branch: 2
Matrix on 6 elements:

0    0.00000000  1.25503714  1.19320882  1.20227246  1.19847142  1.24130889
1    1.25503714  0.00000000  1.08434918  1.04444622  1.06118041  0.70292294
2    1.19320882  1.08434918  0.00000000  0.85205093  0.74382176  1.02391008
3    1.20227246  1.04444622  0.85205093  0.00000000  0.70220590  0.92433997
4    1.19847142  1.06118041  0.74382176  0.70220590  0.00000000  0.96778283
5    1.24130889  0.70292294  1.02391008  0.92433997  0.96778283  0.00000000

--------------------------------------------------------------------------------
n=5
(result of R-step: (1,3:5)0.73982113)
V=[0, 1, 2, 3, 4]
total successes of this branch: 2
Matrix on 5 elements:

0    0.00000000  0.96362880  1.19320882  0.91086412  1.19847142
1    0.96362880  0.00000000  0.79294083  0.46162952  0.76977207
2    1.19320882  0.79294083  0.00000000  0.56064258  0.74382176
3    0.91086412  0.46162952  0.56064258  0.00000000  0.41079755
4    1.19847142  0.76977207  0.74382176  0.41079755  0.00000000

--------------------------------------------------------------------------------
n=4
(result of R-step: (0,3:1)0.81669912)
V=[0, 2, 3, 4]
total successes of this branch: 1
Matrix on 4 elements:

0    0.00000000  0.53140779  0.24348306  0.53667039
2    0.53140779  0.00000000  0.55506256  0.74382176
3    0.24348306  0.55506256  0.00000000  0.40521753
4    0.53667039  0.74382176  0.40521753  0.00000000

--------------------------------------------------------------------------------
n=4
(result of R-step: (0,4:1)0.03379862)
V=[0, 2, 3, 4]
total successes of this branch: 0
reason of abort: negative delta/dxy

--------------------------------------------------------------------------------
n=4
(result of R-step: (0,4:3)0.48903534)
V=[0, 1, 2, 4]
total successes of this branch: 0
Matrix on 4 elements:

0    0.00000000  0.24646906  0.47604909  0.25854872
1    0.24646906  0.00000000  0.79294083  0.54700910
2    0.47604909  0.79294083  0.00000000  0.52105879
4    0.25854872  0.54700910  0.52105879  0.00000000
reason of abort: no pseudometric

--------------------------------------------------------------------------------
n=4
(result of R-step: (1,4:3)0.36775427)
V=[0, 1, 2, 4]
total successes of this branch: 1
Matrix on 4 elements:

0    0.00000000  0.72408385  1.19320882  0.93832454
1    0.72408385  0.00000000  0.55339589  0.27008024
2    1.19320882  0.55339589  0.00000000  0.48367487
4    0.93832454  0.27008024  0.48367487  0.00000000
