n=6
V=[0, 1, 2, 3, 4, 5]
total successes of this branch: 1
Matrix on 6 elements:

0    0.00000000  2.19104388  2.07640041  1.67456317  1.02947603  1.73280730
1    2.19104388  0.00000000  2.17775209  2.19102731  2.19104306  2.18910314
2    2.07640041  2.17775209  0.00000000  2.07589876  2.07637555  1.81910591
3    1.67456317  2.19102731  2.07589876  0.00000000  1.64093559  0.56102947
4    1.02947603  2.19104306  2.07637555  1.64093559  0.00000000  1.70405026
5    1.73280730  2.18910314  1.81910591  0.56102947  1.70405026  0.00000000

--------------------------------------------------------------------------------
n=5
(result of R-step: (1,4:0)0.07488653)
V=[1, 2, 3, 4, 5]
total successes of this branch: 1
Matrix on 5 elements:

1    0.00000000  1.03170276  1.04497798  0.57317955  1.04305381
2    1.03170276  0.00000000  2.07589876  1.60456138  1.81910591
3    1.04497798  2.07589876  0.00000000  1.16912142  0.56102947
4    0.57317955  1.60456138  1.16912142  0.00000000  1.23223608
5    1.04305381  1.81910591  0.56102947  1.23223608  0.00000000

--------------------------------------------------------------------------------
n=4
(result of R-step: (2,4:1)0.20330513)
V=[2, 3, 4, 5]
total successes of this branch: 1
Matrix on 4 elements:

2    0.00000000  1.92378045  1.10384040  1.66698760
3    1.92378045  0.00000000  0.82051875  0.56102947
4    1.10384040  0.82051875  0.00000000  0.88363341
5    1.66698760  0.56102947  0.88363341  0.00000000

--------------------------------------------------------------------------------
n=4
(result of R-step: (4,5:3)0.99819431)
V=[1, 2, 4, 5]
total successes of this branch: 0
reason of abort: negative delta/dxy
