n=6
V=[0, 1, 2, 3, 4, 5]
total successes of this branch: 2
Matrix on 6 elements:

0    0.00000000  3.36961907  3.19128870  3.17028779  2.44994851  2.08175336
1    3.36961907  0.00000000  3.13481409  2.98111149  3.25412610  3.22925695
2    3.19128870  3.13481409  0.00000000  3.15396416  3.18019311  1.54228397
3    3.17028779  2.98111149  3.15396416  0.00000000  2.86556373  3.16052983
4    2.44994851  3.25412610  3.18019311  2.86556373  0.00000000  2.88647536
5    2.08175336  3.22925695  1.54228397  3.16052983  2.88647536  0.00000000

--------------------------------------------------------------------------------
n=5
(result of R-step: (0,2:5)0.40221831)
V=[0, 1, 2, 3, 4]
total successes of this branch: 2
Matrix on 5 elements:

0    0.00000000  3.15324475  2.75854007  2.95391348  2.23357419
1    3.15324475  0.00000000  2.91843978  2.98111149  3.25412610
2    2.75854007  2.91843978  0.00000000  2.93758985  2.96381879
3    2.95391348  2.98111149  2.93758985  0.00000000  2.86556373
4    2.23357419  3.25412610  2.96381879  2.86556373  0.00000000

--------------------------------------------------------------------------------
n=4
(result of R-step: (0,4:1)0.54806256)
V=[0, 2, 3, 4]
total successes of this branch: 0
reason of abort: negative delta/dxy

--------------------------------------------------------------------------------
n=4
(result of R-step: (2,3:1)0.64445758)
V=[0, 2, 3, 4]
total successes of this branch: 1
Matrix on 4 elements:

0    0.00000000  1.55693978  1.88130125  2.23357419
2    1.55693978  0.00000000  0.66337734  1.76221851
3    1.88130125  0.66337734  0.00000000  1.79295151
4    2.23357419  1.76221851  1.79295151  0.00000000

--------------------------------------------------------------------------------
n=4
(result of R-step: (2,4:0)0.46412882)
V=[1, 2, 3, 4]
total successes of this branch: 1
Matrix on 4 elements:

1    0.00000000  1.71683949  2.98111149  2.50482277
2    1.71683949  0.00000000  1.73598956  1.01291517
3    2.98111149  1.73598956  0.00000000  2.11626039
4    2.50482277  1.01291517  2.11626039  0.00000000
