n=6
V=[0, 1, 2, 3, 4, 5]
total successes of this branch: 2
Matrix on 6 elements:

0    0.00000000  1.47162920  1.46157125  1.46179941  1.47094508  1.47143140
1    1.47162920  0.00000000  1.47065602  1.45206844  0.43538742  0.22510747
2    1.46157125  1.47065602  0.00000000  0.66984924  1.41492319  1.45454246
3    1.46179941  1.45206844  0.66984924  0.00000000  1.37601893  1.43008088
4    1.47094508  0.43538742  1.41492319  1.37601893  0.00000000  0.34986439
5    1.47143140  0.22510747  1.45454246  1.43008088  0.34986439  0.00000000

--------------------------------------------------------------------------------
n=5
(result of R-step: (0,3:2)0.26957572)
V=[0, 1, 3, 4, 5]
total successes of this branch: 2
Matrix on 5 elements:

0    0.00000000  0.76584793  0.57634918  0.76516381  0.76565014
1    0.76584793  0.00000000  1.27239948  0.43538742  0.22510747
3    0.57634918  1.27239948  0.00000000  1.19634997  1.25041193
4    0.76516381  0.43538742  1.19634997  0.00000000  0.34986439
5    0.76565014  0.22510747  1.25041193  0.34986439  0.00000000

--------------------------------------------------------------------------------
n=4
(result of R-step: (1,3:0)0.20267553)
V=[1, 3, 4, 5]
total successes of this branch: 1
Matrix on 4 elements:

1    0.00000000  0.82921936  0.36559520  0.15531525
3    0.82921936  0.00000000  0.82296207  0.87702403
4    0.36559520  0.82296207  0.00000000  0.34986439
5    0.15531525  0.87702403  0.34986439  0.00000000

--------------------------------------------------------------------------------
n=4
(result of R-step: (1,4:5)0.71087841)
V=[0, 1, 3, 4]
total successes of this branch: 1
Matrix on 4 elements:

0    0.00000000  0.69605571  0.57634918  0.69537159
1    0.69605571  0.00000000  1.20260726  0.29580298
3    0.57634918  1.20260726  0.00000000  1.12655775
4    0.69537159  0.29580298  1.12655775  0.00000000

--------------------------------------------------------------------------------
n=4
(result of R-step: (3,5:0)0.62468634)
V=[1, 3, 4, 5]
total successes of this branch: 0
Matrix on 4 elements:

1    0.00000000  1.09587804  0.43538742  0.09451877
3    1.09587804  0.00000000  1.01982853  0.94330179
4    0.43538742  1.01982853  0.00000000  0.21927570
5    0.09451877  0.94330179  0.21927570  0.00000000
reason of abort: no pseudometric
