n=6
V=[0, 1, 2, 3, 4, 5]
total successes of this branch: 2
Matrix on 6 elements:

0    0.00000000  1.11718197  0.96883578  1.06973986  0.53162362  0.89367631
1    1.11718197  0.00000000  1.08312313  0.90299573  1.11077109  0.37269854
2    0.96883578  1.08312313  0.00000000  0.99843256  0.86745708  1.05673453
3    1.06973986  0.90299573  0.99843256  0.00000000  1.05631772  0.94149643
4    0.53162362  1.11077109  0.86745708  1.05631772  0.00000000  0.97704775
5    0.89367631  0.37269854  1.05673453  0.94149643  0.97704775  0.00000000

--------------------------------------------------------------------------------
n=5
(result of R-step: (0,1:5)0.23089688)
V=[0, 1, 2, 3, 4]
total successes of this branch: 2
Matrix on 5 elements:

0    0.00000000  0.96798908  0.89423933  0.99514342  0.45702718
1    0.96798908  0.00000000  1.00852668  0.82839928  1.03617465
2    0.89423933  1.00852668  0.00000000  0.99843256  0.86745708
3    0.99514342  0.82839928  0.99843256  0.00000000  1.05631772
4    0.45702718  1.03617465  0.86745708  1.05631772  0.00000000

--------------------------------------------------------------------------------
n=4
(result of R-step: (0,1:2)0.45415560)
V=[0, 1, 3, 4]
total successes of this branch: 0
Matrix on 4 elements:

0    0.00000000  0.23427150  0.69616834  0.15805210
1    0.23427150  0.00000000  0.39365678  0.60143214
3    0.69616834  0.39365678  0.00000000  1.05631772
4    0.15805210  0.60143214  1.05631772  0.00000000
reason of abort: no pseudometric

--------------------------------------------------------------------------------
n=4
(result of R-step: (0,3:2)0.49938809)
V=[0, 1, 3, 4]
total successes of this branch: 0
Matrix on 4 elements:

0    0.00000000  0.68199831  0.31857876  0.17103641
1    0.68199831  0.00000000  0.43782540  1.03617465
3    0.31857876  0.43782540  0.00000000  0.66574384
4    0.17103641  1.03617465  0.66574384  0.00000000
reason of abort: no pseudometric

--------------------------------------------------------------------------------
n=4
(result of R-step: (1,2:3)0.92617227)
V=[0, 1, 2, 4]
total successes of this branch: 1
Matrix on 4 elements:

0    0.00000000  0.57856751  0.67911687  0.45702718
1    0.57856751  0.00000000  0.40398264  0.64675307
2    0.67911687  0.40398264  0.00000000  0.65233462
4    0.45702718  0.64675307  0.65233462  0.00000000

--------------------------------------------------------------------------------
n=4
(result of R-step: (1,4:2)0.67006426)
V=[0, 1, 3, 4]
total successes of this branch: 0
Matrix on 4 elements:

0    0.00000000  0.54129807  0.99514342  0.33833947
1    0.54129807  0.00000000  0.40170827  0.49079593
3    0.99514342  0.40170827  0.00000000  0.93763001
4    0.33833947  0.49079593  0.93763001  0.00000000
reason of abort: no pseudometric

--------------------------------------------------------------------------------
n=4
(result of R-step: (3,4:2)0.62322744)
V=[0, 1, 3, 4]
total successes of this branch: 1
Matrix on 4 elements:

0    0.00000000  0.96798908  0.59513080  0.31465012
1    0.96798908  0.00000000  0.42838666  0.89379759
3    0.59513080  0.42838666  0.00000000  0.51392804
4    0.31465012  0.89379759  0.51392804  0.00000000
