n=6
V=[0, 1, 2, 3, 4, 5]
total successes of this branch: 1
Matrix on 6 elements:

0    0.00000000  1.12869966  0.98666765  0.87840657  0.84849584  0.71861721
1    1.12869966  0.00000000  1.08641714  1.11042854  0.90147260  1.00207294
2    0.98666765  1.08641714  0.00000000  0.90428794  1.03133538  1.01155962
3    0.87840657  1.11042854  0.90428794  0.00000000  0.98230578  0.93630644
4    0.84849584  0.90147260  1.03133538  0.98230578  0.00000000  0.68501623
5    0.71861721  1.00207294  1.01155962  0.93630644  0.68501623  0.00000000

--------------------------------------------------------------------------------
n=5
(result of R-step: (0,4:5)0.44273047)
V=[0, 1, 2, 3, 4]
total successes of this branch: 1
Matrix on 5 elements:

0    0.00000000  0.85113087  0.70909886  0.60083777  0.29335825
1    0.85113087  0.00000000  1.08641714  1.11042854  0.62390380
2    0.70909886  1.08641714  0.00000000  0.90428794  0.75376658
3    0.60083777  1.11042854  0.90428794  0.00000000  0.70473699
4    0.29335825  0.62390380  0.75376658  0.70473699  0.00000000

--------------------------------------------------------------------------------
n=4
(result of R-step: (0,1:4)0.55220096)
V=[0, 1, 2, 3]
total successes of this branch: 1
Matrix on 4 elements:

0    0.00000000  0.50743089  0.67603327  0.56777218
1    0.50743089  0.00000000  0.77578275  0.79979415
2    0.67603327  0.77578275  0.00000000  0.90428794
3    0.56777218  0.79979415  0.90428794  0.00000000

--------------------------------------------------------------------------------
n=4
(result of R-step: (2,4:1)0.70346136)
V=[0, 2, 3, 4]
total successes of this branch: 0
reason of abort: negative delta/dxy
