n=6
V=[0, 1, 2, 3, 4, 5]
total successes of this branch: 2
Matrix on 6 elements:

0    0.00000000  1.07306676  0.92105003  1.02639334  0.61322696  0.56896988
1    1.07306676  0.00000000  1.03905709  0.82159366  1.05931233  0.86727148
2    0.92105003  1.03905709  0.00000000  0.94270769  0.71202108  0.95525987
3    1.02639334  0.82159366  0.94270769  0.00000000  0.99254860  0.96702262
4    0.61322696  1.05931233  0.71202108  0.99254860  0.00000000  0.74254557
5    0.56896988  0.86727148  0.95525987  0.96702262  0.74254557  0.00000000

--------------------------------------------------------------------------------
n=5
(result of R-step: (0,1:5)0.71010346)
V=[0, 1, 2, 3, 4]
total successes of this branch: 2
Matrix on 5 elements:

0    0.00000000  0.70989216  0.73946273  0.84480604  0.43163966
1    0.70989216  0.00000000  0.85746979  0.64000636  0.87772503
2    0.73946273  0.85746979  0.00000000  0.94270769  0.71202108
3    0.84480604  0.64000636  0.94270769  0.00000000  0.99254860
4    0.43163966  0.87772503  0.71202108  0.99254860  0.00000000

--------------------------------------------------------------------------------
n=4
(result of R-step: (0,1:2)0.71964365)
V=[0, 1, 3, 4]
total successes of this branch: 0
Matrix on 4 elements:

0    0.00000000  0.10117373  0.57722818  0.16406181
1    0.10117373  0.00000000  0.29886578  0.53658445
3    0.57722818  0.29886578  0.00000000  0.99254860
4    0.16406181  0.53658445  0.99254860  0.00000000
reason of abort: no pseudometric

--------------------------------------------------------------------------------
n=4
(result of R-step: (0,3:1)0.08271915)
V=[0, 2, 3, 4]
total successes of this branch: 1
Matrix on 4 elements:

0    0.00000000  0.71895103  0.47622734  0.41112796
2    0.71895103  0.00000000  0.59464070  0.71202108
3    0.47622734  0.59464070  0.00000000  0.64448160
4    0.41112796  0.71202108  0.64448160  0.00000000

--------------------------------------------------------------------------------
n=4
(result of R-step: (0,3:2)0.78946592)
V=[0, 1, 3, 4]
total successes of this branch: 0
Matrix on 4 elements:

0    0.00000000  0.45699252  0.32242235  0.17874002
1    0.45699252  0.00000000  0.37052232  0.87772503
3    0.32242235  0.37052232  0.00000000  0.72306456
4    0.17874002  0.87772503  0.72306456  0.00000000
reason of abort: no pseudometric

--------------------------------------------------------------------------------
n=4
(result of R-step: (1,4:2)0.56700532)
V=[0, 1, 3, 4]
total successes of this branch: 0
Matrix on 4 elements:

0    0.00000000  0.42121136  0.84480604  0.35739638
1    0.42121136  0.00000000  0.35132556  0.51480094
3    0.84480604  0.35132556  0.00000000  0.91830531
4    0.35739638  0.51480094  0.91830531  0.00000000
reason of abort: no pseudometric

--------------------------------------------------------------------------------
n=4
(result of R-step: (3,4:1)0.72777272)
V=[0, 2, 3, 4]
total successes of this branch: 0
Matrix on 4 elements:

0    0.00000000  0.73946273  0.57532200  0.10504867
2    0.73946273  0.00000000  0.67322365  0.38543009
3    0.57532200  0.67322365  0.00000000  0.39647357
4    0.10504867  0.38543009  0.39647357  0.00000000
reason of abort: no pseudometric

--------------------------------------------------------------------------------
n=4
(result of R-step: (3,4:2)0.50404954)
V=[0, 1, 3, 4]
total successes of this branch: 1
Matrix on 4 elements:

0    0.00000000  0.70989216  0.49673904  0.31856318
1    0.70989216  0.00000000  0.29193937  0.76464855
3    0.49673904  0.29193937  0.00000000  0.53140512
4    0.31856318  0.76464855  0.53140512  0.00000000
