n=6
V=[0, 1, 2, 3, 4, 5]
total successes of this branch: 1
Matrix on 6 elements:

0    0.00000000  1.64378571  1.58282391  1.53398742  1.60197483  0.58510101
1    1.64378571  0.00000000  1.52164750  0.57909983  0.47819549  1.59983210
2    1.58282391  1.52164750  0.00000000  1.52736666  1.52382534  1.02192663
3    1.53398742  0.57909983  1.52736666  0.00000000  0.51704570  1.53160482
4    1.60197483  0.47819549  1.52382534  0.51704570  0.00000000  1.57385134
5    0.58510101  1.59983210  1.02192663  1.53160482  1.57385134  0.00000000

--------------------------------------------------------------------------------
n=5
(result of R-step: (0,2:5)0.64013216)
V=[0, 1, 2, 3, 4]
total successes of this branch: 1
Matrix on 5 elements:

0    0.00000000  1.63168385  1.55862018  1.52188556  1.58987296
1    1.63168385  0.00000000  1.50954564  0.57909983  0.47819549
2    1.55862018  1.50954564  0.00000000  1.51526480  1.51172348
3    1.52188556  0.57909983  1.51526480  0.00000000  0.51704570
4    1.58987296  0.47819549  1.51172348  0.51704570  0.00000000

--------------------------------------------------------------------------------
n=4
(result of R-step: (0,4:1)0.06705197)
V=[0, 2, 3, 4]
total successes of this branch: 0
Matrix on 4 elements:

0    0.00000000  0.41221572  0.37548109  0.24146704
2    0.41221572  0.00000000  1.51526480  1.30972201
3    0.37548109  1.51526480  0.00000000  0.31504423
4    0.24146704  1.30972201  0.31504423  0.00000000
reason of abort: no pseudometric

--------------------------------------------------------------------------------
n=4
(result of R-step: (1,3:4)0.61920277)
V=[0, 1, 2, 3]
total successes of this branch: 1
Matrix on 4 elements:

0    0.00000000  1.42361317  1.55862018  1.31381488
1    1.42361317  0.00000000  1.30147496  0.16295848
2    1.55862018  1.30147496  0.00000000  1.30719412
3    1.31381488  0.16295848  1.30719412  0.00000000

--------------------------------------------------------------------------------
n=4
(result of R-step: (2,4:1)0.01966372)
V=[0, 2, 3, 4]
total successes of this branch: 0
reason of abort: negative delta/dxy
