n=6
V=[0, 1, 2, 3, 4, 5]
total successes of this branch: 2
Matrix on 6 elements:

0    0.00000000  1.61207325  1.57895647  1.31012123  1.16002166  0.69943753
1    1.61207325  0.00000000  1.46554894  1.55998401  1.46746247  1.53051573
2    1.57895647  1.46554894  0.00000000  1.43067020  1.55147032  1.56345485
3    1.31012123  1.55998401  1.43067020  0.00000000  1.37067952  1.34427487
4    1.16002166  1.46746247  1.55147032  1.37067952  0.00000000  0.56426981
5    0.69943753  1.53051573  1.56345485  1.34427487  0.56426981  0.00000000

--------------------------------------------------------------------------------
n=5
(result of R-step: (0,4:5)0.43602049)
V=[0, 1, 2, 3, 4]
total successes of this branch: 2
Matrix on 5 elements:

0    0.00000000  1.56023041  1.52711363  1.25827839  1.05633598
1    1.56023041  0.00000000  1.46554894  1.55998401  1.41561963
2    1.52711363  1.46554894  0.00000000  1.43067020  1.49962748
3    1.25827839  1.55998401  1.43067020  0.00000000  1.31883668
4    1.05633598  1.41561963  1.49962748  1.31883668  0.00000000

--------------------------------------------------------------------------------
n=4
(result of R-step: (0,2:1)0.78745625)
V=[0, 2, 3, 4]
total successes of this branch: 0
reason of abort: negative delta/dxy

--------------------------------------------------------------------------------
n=4
(result of R-step: (2,4:1)0.73199999)
V=[0, 2, 3, 4]
total successes of this branch: 1
Matrix on 4 elements:

0    0.00000000  0.90937895  1.25827839  0.76042716
2    0.90937895  0.00000000  0.81293551  0.58598398
3    1.25827839  0.81293551  0.00000000  1.02292786
4    0.76042716  0.58598398  1.02292786  0.00000000

--------------------------------------------------------------------------------
n=4
(result of R-step: (3,4:0)0.54905174)
V=[1, 2, 3, 4]
total successes of this branch: 1
Matrix on 4 elements:

1    0.00000000  1.46554894  1.01522294  1.11971081
2    1.46554894  0.00000000  0.88590914  1.20371866
3    1.01522294  0.88590914  0.00000000  0.47816680
4    1.11971081  1.20371866  0.47816680  0.00000000
