n=6
V=[0, 1, 2, 3, 4, 5]
total successes of this branch: 2
Matrix on 6 elements:

0    0.00000000  0.98426014  0.86310624  0.91375402  0.95022255  0.89480524
1    0.98426014  0.00000000  0.92730717  0.86733934  0.53467467  0.88977501
2    0.86310624  0.92730717  0.00000000  0.84382672  0.88700608  0.58247896
3    0.91375402  0.86733934  0.84382672  0.00000000  0.55684959  0.40662366
4    0.95022255  0.53467467  0.88700608  0.55684959  0.00000000  0.68037053
5    0.89480524  0.88977501  0.58247896  0.40662366  0.68037053  0.00000000

--------------------------------------------------------------------------------
n=5
(result of R-step: (2,3:5)0.37412848)
V=[0, 1, 2, 3, 4]
total successes of this branch: 2
Matrix on 5 elements:

0    0.00000000  0.98426014  0.79046828  0.84111606  0.95022255
1    0.98426014  0.00000000  0.85466921  0.79470138  0.53467467
2    0.79046828  0.85466921  0.00000000  0.69855081  0.81436812
3    0.84111606  0.79470138  0.69855081  0.00000000  0.48421164
4    0.95022255  0.53467467  0.81436812  0.48421164  0.00000000

--------------------------------------------------------------------------------
n=4
(result of R-step: (1,2:0)0.01785536)
V=[1, 2, 3, 4]
total successes of this branch: 1
Matrix on 4 elements:

1    0.00000000  0.41963074  0.68260892  0.42258221
2    0.41963074  0.00000000  0.37560479  0.49142210
3    0.68260892  0.37560479  0.00000000  0.48421164
4    0.42258221  0.49142210  0.48421164  0.00000000

--------------------------------------------------------------------------------
n=4
(result of R-step: (1,3:4)0.51723919)
V=[0, 1, 2, 3]
total successes of this branch: 1
Matrix on 4 elements:

0    0.00000000  0.87216768  0.79046828  0.80166156
1    0.87216768  0.00000000  0.74257676  0.64315442
2    0.79046828  0.74257676  0.00000000  0.65909630
3    0.80166156  0.64315442  0.65909630  0.00000000

--------------------------------------------------------------------------------
n=4
(result of R-step: (2,4:0)0.87720145)
V=[1, 2, 3, 4]
total successes of this branch: 0
Matrix on 4 elements:

1    0.00000000  0.55737190  0.79470138  0.26198474
2    0.55737190  0.00000000  0.40125350  0.24438089
3    0.79470138  0.40125350  0.00000000  0.21152171
4    0.26198474  0.24438089  0.21152171  0.00000000
reason of abort: no pseudometric
