n=6
V=[0, 1, 2, 3, 4, 5]
total successes of this branch: 2
Matrix on 6 elements:

0    0.00000000  1.50482919  1.20565353  1.31212943  1.50194594  1.49445132
1    1.50482919  0.00000000  1.42937113  0.83661215  0.62481527  0.41954163
2    1.20565353  1.42937113  0.00000000  1.37929622  1.42154193  1.42667434
3    1.31212943  0.83661215  1.37929622  0.00000000  0.84184216  0.81287224
4    1.50194594  0.62481527  1.42154193  0.84184216  0.00000000  0.63650329
5    1.49445132  0.41954163  1.42667434  0.81287224  0.63650329  0.00000000

--------------------------------------------------------------------------------
n=5
(result of R-step: (0,4:2)0.65190241)
V=[0, 1, 3, 4, 5]
total successes of this branch: 2
Matrix on 5 elements:

0    0.00000000  1.15818443  0.96548467  0.85143943  1.14780655
1    1.15818443  0.00000000  0.83661215  0.32095352  0.41954163
3    0.96548467  0.83661215  0.00000000  0.53798040  0.81287224
4    0.85143943  0.32095352  0.53798040  0.00000000  0.33264154
5    1.14780655  0.41954163  0.81287224  0.33264154  0.00000000

--------------------------------------------------------------------------------
n=4
(result of R-step: (0,1:3)0.89141774)
V=[0, 1, 4, 5]
total successes of this branch: 0
Matrix on 4 elements:

0    0.00000000  0.26717736  0.23692168  0.53328880
1    0.26717736  0.00000000  0.04446421  0.14305232
4    0.23692168  0.04446421  0.00000000  0.33264154
5    0.53328880  0.14305232  0.33264154  0.00000000
reason of abort: no pseudometric

--------------------------------------------------------------------------------
n=4
(result of R-step: (0,5:3)0.96309555)
V=[0, 1, 4, 5]
total successes of this branch: 1
Matrix on 4 elements:

0    0.00000000  0.52613988  0.21939489  0.49221570
1    0.52613988  0.00000000  0.32095352  0.39599532
4    0.21939489  0.32095352  0.00000000  0.30909523
5    0.49221570  0.39599532  0.30909523  0.00000000

--------------------------------------------------------------------------------
n=4
(result of R-step: (4,5:1)0.62220512)
V=[0, 3, 4, 5]
total successes of this branch: 1
Matrix on 4 elements:

0    0.00000000  0.96548467  0.85103423  1.12426024
3    0.96548467  0.00000000  0.53757520  0.78932593
4    0.85103423  0.53757520  0.00000000  0.30869003
5    1.12426024  0.78932593  0.30869003  0.00000000
