n=6
V=[0, 1, 2, 3, 4, 5]
total successes of this branch: 1
Matrix on 6 elements:

0    0.00000000  1.82510730  1.68833550  1.24467306  1.72588646  1.14179931
1    1.82510730  0.00000000  1.72167121  1.76686254  1.30700264  1.77212902
2    1.68833550  1.72167121  0.00000000  1.11652212  0.62599318  1.16822538
3    1.24467306  1.76686254  1.11652212  0.00000000  1.29507433  0.20981235
4    1.72588646  1.30700264  0.62599318  1.29507433  0.00000000  1.33402829
5    1.14179931  1.77212902  1.16822538  0.20981235  1.33402829  0.00000000

--------------------------------------------------------------------------------
n=5
(result of R-step: (1,2:4)0.27455192)
V=[0, 1, 2, 3, 5]
total successes of this branch: 1
Matrix on 5 elements:

0    0.00000000  1.71944500  1.58267319  1.24467306  1.14179931
1    1.71944500  0.00000000  1.51034659  1.66120024  1.66646672
2    1.58267319  1.51034659  0.00000000  1.01085981  1.06256307
3    1.24467306  1.66120024  1.01085981  0.00000000  0.20981235
5    1.14179931  1.66646672  1.06256307  0.20981235  0.00000000

--------------------------------------------------------------------------------
n=4
(result of R-step: (0,2:1)0.30041196)
V=[0, 2, 3, 5]
total successes of this branch: 1
Matrix on 4 elements:

0    0.00000000  1.20416081  1.19120376  1.08833001
2    1.20416081  0.00000000  0.68581673  0.73751999
3    1.19120376  0.68581673  0.00000000  0.20981235
5    1.08833001  0.73751999  0.20981235  0.00000000

--------------------------------------------------------------------------------
n=4
(result of R-step: (2,5:3)0.18114123)
V=[0, 1, 2, 5]
total successes of this branch: 0
reason of abort: negative delta/dxy

--------------------------------------------------------------------------------
n=4
(result of R-step: (3,5:1)0.84011305)
V=[0, 2, 3, 5]
total successes of this branch: 0
reason of abort: negative delta/dxy
