n=6
V=[0, 1, 2, 3, 4, 5]
total successes of this branch: 2
Matrix on 6 elements:

0    0.00000000  1.62191806  1.56088517  1.56255551  1.58939064  1.58533499
1    1.62191806  0.00000000  1.60380463  1.60126352  1.08821957  1.16575704
2    1.56088517  1.60380463  0.00000000  1.51349522  1.55432004  1.54815009
3    1.56255551  1.60126352  1.51349522  0.00000000  0.97939245  0.88337690
4    1.58939064  1.08821957  1.55432004  0.97939245  0.00000000  0.44009978
5    1.58533499  1.16575704  1.54815009  0.88337690  0.44009978  0.00000000

--------------------------------------------------------------------------------
n=5
(result of R-step: (1,2:0)0.02525812)
V=[1, 2, 3, 4, 5]
total successes of this branch: 2
Matrix on 5 elements:

1    0.00000000  0.61477251  1.36808927  0.85504532  0.93258280
2    0.61477251  0.00000000  0.75763734  0.79846216  0.79229221
3    1.36808927  0.75763734  0.00000000  0.97939245  0.88337690
4    0.85504532  0.79846216  0.97939245  0.00000000  0.44009978
5    0.93258280  0.79229221  0.88337690  0.44009978  0.00000000

--------------------------------------------------------------------------------
n=4
(result of R-step: (1,3:2)0.51768387)
V=[1, 3, 4, 5]
total successes of this branch: 1
Matrix on 4 elements:

1    0.00000000  1.12701006  0.78600823  0.86354571
3    1.12701006  0.00000000  0.80735033  0.71133478
4    0.78600823  0.80735033  0.00000000  0.44009978
5    0.86354571  0.71133478  0.44009978  0.00000000

--------------------------------------------------------------------------------
n=4
(result of R-step: (1,5:4)0.13567087)
V=[1, 2, 3, 5]
total successes of this branch: 1
Matrix on 4 elements:

1    0.00000000  0.54573542  1.29905218  0.69964908
2    0.54573542  0.00000000  0.75763734  0.62839558
3    1.29905218  0.75763734  0.00000000  0.71948027
5    0.69964908  0.62839558  0.71948027  0.00000000

--------------------------------------------------------------------------------
n=4
(result of R-step: (2,3:4)0.10535103)
V=[1, 2, 3, 5]
total successes of this branch: 0
reason of abort: negative delta/dxy

--------------------------------------------------------------------------------
n=4
(result of R-step: (2,5:4)0.90358913)
V=[1, 2, 3, 5]
total successes of this branch: 0
reason of abort: negative delta/dxy
