n=6
V=[0, 1, 2, 3, 4, 5]
total successes of this branch: 2
Matrix on 6 elements:

0    0.00000000  0.94916631  0.93975449  0.76889949  0.51086763  0.94784703
1    0.94916631  0.00000000  0.90176802  0.94683894  0.94853887  0.18862391
2    0.93975449  0.90176802  0.00000000  0.93093189  0.93737601  0.78550835
3    0.76889949  0.94683894  0.93093189  0.00000000  0.67366132  0.94460920
4    0.51086763  0.94853887  0.93737601  0.67366132  0.00000000  0.94697414
5    0.94784703  0.18862391  0.78550835  0.94460920  0.94697414  0.00000000

--------------------------------------------------------------------------------
n=5
(result of R-step: (1,2:5)0.85982742)
V=[0, 1, 2, 3, 4]
total successes of this branch: 2
Matrix on 5 elements:

0    0.00000000  0.91298419  0.90357238  0.76889949  0.51086763
1    0.91298419  0.00000000  0.82940378  0.91065682  0.91235675
2    0.90357238  0.82940378  0.00000000  0.89474977  0.90119389
3    0.76889949  0.91065682  0.89474977  0.00000000  0.67366132
4    0.51086763  0.91235675  0.90119389  0.67366132  0.00000000

--------------------------------------------------------------------------------
n=4
(result of R-step: (0,2:1)0.01793805)
V=[0, 2, 3, 4]
total successes of this branch: 1
Matrix on 4 elements:

0    0.00000000  0.29098130  0.56108476  0.30305290
2    0.29098130  0.00000000  0.48997342  0.49641754
3    0.56108476  0.48997342  0.00000000  0.67366132
4    0.30305290  0.49641754  0.67366132  0.00000000

--------------------------------------------------------------------------------
n=4
(result of R-step: (1,3:2)0.98149203)
V=[0, 1, 3, 4]
total successes of this branch: 1
Matrix on 4 elements:

0    0.00000000  0.49561224  0.56108476  0.51086763
1    0.49561224  0.00000000  0.28547014  0.49498481
3    0.56108476  0.28547014  0.00000000  0.46584659
4    0.51086763  0.49498481  0.46584659  0.00000000

--------------------------------------------------------------------------------
n=4
(result of R-step: (2,4:1)0.96215257)
V=[0, 2, 3, 4]
total successes of this branch: 0
Matrix on 4 elements:

0    0.00000000  0.50289723  0.76889949  0.23349002
2    0.50289723  0.00000000  0.49407463  0.22314113
3    0.76889949  0.49407463  0.00000000  0.39628371
4    0.23349002  0.22314113  0.39628371  0.00000000
reason of abort: no pseudometric
