n=6
V=[0, 1, 2, 3, 4, 5]
total successes of this branch: 1
Matrix on 6 elements:

0    0.00000000  1.52546992  0.74580803  0.89483204  1.04515942  0.79132178
1    1.52546992  0.00000000  1.48541159  0.89972942  0.74364932  1.40346275
2    0.74580803  1.48541159  0.00000000  1.11416832  1.20266289  0.16355643
3    0.89483204  0.89972942  1.11416832  0.00000000  0.40103840  1.10165018
4    1.04515942  0.74364932  1.20266289  0.40103840  0.00000000  1.17586739
5    0.79132178  1.40346275  0.16355643  1.10165018  1.17586739  0.00000000

--------------------------------------------------------------------------------
n=5
(result of R-step: (1,2:5)0.05837627)
V=[0, 1, 2, 3, 4]
total successes of this branch: 1
Matrix on 5 elements:

0    0.00000000  1.48466613  0.70500424  0.89483204  1.04515942
1    1.48466613  0.00000000  1.40380401  0.85892563  0.70284552
2    0.70500424  1.40380401  0.00000000  1.07336453  1.16185909
3    0.89483204  0.85892563  1.07336453  0.00000000  0.40103840
4    1.04515942  0.70284552  1.16185909  0.40103840  0.00000000

--------------------------------------------------------------------------------
n=4
(result of R-step: (0,4:1)0.22715264)
V=[0, 2, 3, 4]
total successes of this branch: 0
Matrix on 4 elements:

0    0.00000000 -0.02401378  0.16581402  0.23869137
2   -0.02401378  0.00000000  1.07336453  1.08440906
3    0.16581402  1.07336453  0.00000000  0.32358837
4    0.23869137  1.08440906  0.32358837  0.00000000
reason of abort: no pseudometric

--------------------------------------------------------------------------------
n=4
(result of R-step: (1,3:4)0.23837353)
V=[0, 1, 2, 3]
total successes of this branch: 1
Matrix on 4 elements:

0    0.00000000  1.40299077  0.70500424  0.77235289
1    1.40299077  0.00000000  1.32212865  0.65477112
2    0.70500424  1.32212865  0.00000000  0.95088538
3    0.77235289  0.65477112  0.95088538  0.00000000

--------------------------------------------------------------------------------
n=4
(result of R-step: (2,4:1)0.01815393)
V=[0, 2, 3, 4]
total successes of this branch: 0
reason of abort: negative delta/dxy
