n=6
V=[0, 1, 2, 3, 4, 5]
total successes of this branch: 2
Matrix on 6 elements:

0    0.00000000  1.03794875  0.94557181  0.96448554  0.92663085  0.43414902
1    1.03794875  0.00000000  0.84729710  0.82283088  0.64561191  1.00987643
2    0.94557181  0.84729710  0.00000000  0.75226729  0.86901780  0.85726524
3    0.96448554  0.82283088  0.75226729  0.00000000  0.85413943  0.93323767
4    0.92663085  0.64561191  0.86901780  0.85413943  0.00000000  0.91814767
5    0.43414902  1.00987643  0.85726524  0.93323767  0.91814767  0.00000000

--------------------------------------------------------------------------------
n=5
(result of R-step: (0,2:5)0.85275596)
V=[0, 1, 2, 3, 4]
total successes of this branch: 2
Matrix on 5 elements:

0    0.00000000  0.86502753  0.59972937  0.79156431  0.75370963
1    0.86502753  0.00000000  0.67437588  0.82283088  0.64561191
2    0.59972937  0.67437588  0.00000000  0.57934606  0.69609658
3    0.79156431  0.82283088  0.57934606  0.00000000  0.85413943
4    0.75370963  0.64561191  0.69609658  0.85413943  0.00000000

--------------------------------------------------------------------------------
n=4
(result of R-step: (0,1:4)0.22102026)
V=[0, 1, 2, 3]
total successes of this branch: 1
Matrix on 4 elements:

0    0.00000000  0.50365474  0.50550359  0.69733853
1    0.50365474  0.00000000  0.40722887  0.55568387
2    0.50550359  0.40722887  0.00000000  0.57934606
3    0.69733853  0.55568387  0.57934606  0.00000000

--------------------------------------------------------------------------------
n=4
(result of R-step: (0,4:3)0.93092293)
V=[0, 1, 2, 4]
total successes of this branch: 0
reason of abort: negative delta/dxy

--------------------------------------------------------------------------------
n=4
(result of R-step: (1,2:3)0.10701056)
V=[0, 1, 2, 4]
total successes of this branch: 1
Matrix on 4 elements:

0    0.00000000  0.59788052  0.40726601  0.75370963
1    0.59788052  0.00000000  0.21476552  0.37846491
2    0.40726601  0.21476552  0.00000000  0.50363323
4    0.75370963  0.37846491  0.50363323  0.00000000

--------------------------------------------------------------------------------
n=4
(result of R-step: (2,4:3)0.76261934)
V=[0, 1, 2, 4]
total successes of this branch: 0
Matrix on 4 elements:

0    0.00000000  0.86502753  0.43003580  0.39984823
1    0.86502753  0.00000000  0.50468231  0.29175052
2    0.43003580  0.50468231  0.00000000  0.17254162
4    0.39984823  0.29175052  0.17254162  0.00000000
reason of abort: no pseudometric
