n=6
V=[0, 1, 2, 3, 4, 5]
total successes of this branch: 1
Matrix on 6 elements:

0    0.00000000  0.90808827  0.86227588  0.90313116  0.39873601  0.64851179
1    0.90808827  0.00000000  0.88119253  0.77889793  0.80029827  0.51192745
2    0.86227588  0.88119253  0.00000000  0.86878079  0.86557986  0.87323599
3    0.90313116  0.77889793  0.86878079  0.00000000  0.88143260  0.83115172
4    0.39873601  0.80029827  0.86557986  0.88143260  0.00000000  0.50061237
5    0.64851179  0.51192745  0.87323599  0.83115172  0.50061237  0.00000000

--------------------------------------------------------------------------------
n=5
(result of R-step: (1,4:5)0.49037926)
V=[0, 1, 2, 3, 4]
total successes of this branch: 1
Matrix on 5 elements:

0    0.00000000  0.80196749  0.86227588  0.90313116  0.29261524
1    0.80196749  0.00000000  0.77507175  0.67277716  0.58805672
2    0.86227588  0.77507175  0.00000000  0.86878079  0.75945909
3    0.90313116  0.67277716  0.86878079  0.00000000  0.77531183
4    0.29261524  0.58805672  0.75945909  0.77531183  0.00000000

--------------------------------------------------------------------------------
n=4
(result of R-step: (0,3:1)0.19644624)
V=[0, 2, 3, 4]
total successes of this branch: 0
Matrix on 4 elements:

0    0.00000000  0.43293648  0.10804672 -0.13672416
2    0.43293648  0.00000000  0.50303575  0.75945909
3    0.10804672  0.50303575  0.00000000  0.40956678
4   -0.13672416  0.75945909  0.40956678  0.00000000
reason of abort: no pseudometric

--------------------------------------------------------------------------------
n=4
(result of R-step: (1,2:3)0.22505758)
V=[0, 1, 2, 4]
total successes of this branch: 1
Matrix on 4 elements:

0    0.00000000  0.76261526  0.44939561  0.29261524
1    0.76261526  0.00000000  0.32283925  0.54870449
2    0.44939561  0.32283925  0.00000000  0.34657881
4    0.29261524  0.54870449  0.34657881  0.00000000

--------------------------------------------------------------------------------
n=4
(result of R-step: (3,4:1)0.98512626)
V=[0, 2, 3, 4]
total successes of this branch: 0
reason of abort: negative delta/dxy
