n=6
V=[0, 1, 2, 3, 4, 5]
total successes of this branch: 2
Matrix on 6 elements:

0    0.00000000  2.68837504  2.33037811  2.27213828  2.33503925  2.62216036
1    2.68837504  0.00000000  2.46747921  1.81366585  2.43799317  0.29837034
2    2.33037811  2.46747921  0.00000000  2.42327401  0.23230538  2.46044707
3    2.27213828  1.81366585  2.42327401  0.00000000  2.41533687  1.52701302
4    2.33503925  2.43799317  0.23230538  2.41533687  0.00000000  2.43438902
5    2.62216036  0.29837034  2.46044707  1.52701302  2.43438902  0.00000000

--------------------------------------------------------------------------------
n=5
(result of R-step: (1,3:5)0.84092062)
V=[0, 1, 2, 3, 4]
total successes of this branch: 2
Matrix on 5 elements:

0    0.00000000  2.68251629  2.33037811  2.26627953  2.33503925
1    2.68251629  0.00000000  2.46162045  1.80194834  2.43213441
2    2.33037811  2.46162045  0.00000000  2.41741526  0.23230538
3    2.26627953  1.80194834  2.41741526  0.00000000  2.40947811
4    2.33503925  2.43213441  0.23230538  2.40947811  0.00000000

--------------------------------------------------------------------------------
n=4
(result of R-step: (0,1:3)0.63105920)
V=[0, 1, 2, 4]
total successes of this branch: 1
Matrix on 4 elements:

0    0.00000000  1.60609596  1.34950870  1.35416984
1    1.60609596  0.00000000  2.36606953  2.33658350
2    1.34950870  2.36606953  0.00000000  0.23230538
4    1.35416984  2.33658350  0.23230538  0.00000000

--------------------------------------------------------------------------------
n=4
(result of R-step: (1,2:0)0.80057999)
V=[1, 2, 3, 4]
total successes of this branch: 0
Matrix on 4 elements:

1    0.00000000  1.26091294  0.64652030  1.27670637
2    1.26091294  0.00000000  2.37213579  0.18702591
3    0.64652030  2.37213579  0.00000000  2.40947811
4    1.27670637  0.18702591  2.40947811  0.00000000
reason of abort: no pseudometric

--------------------------------------------------------------------------------
n=4
(result of R-step: (1,4:0)0.79005777)
V=[1, 2, 3, 4]
total successes of this branch: 0
Matrix on 4 elements:

1    0.00000000  1.30023479  0.64056268  1.08801389
2    1.30023479  0.00000000  2.41741526  0.04957052
3    0.64056268  2.41741526  0.00000000  2.22674325
4    1.08801389  0.04957052  2.22674325  0.00000000
reason of abort: no pseudometric

--------------------------------------------------------------------------------
n=4
(result of R-step: (2,3:0)0.33664401)
V=[1, 2, 3, 4]
total successes of this branch: 1
Matrix on 4 elements:

1    0.00000000  2.36021078  1.20349299  2.43213441
2    2.36021078  0.00000000  1.71755023  0.13089571
3    1.20349299  1.71755023  0.00000000  1.81102277
4    2.43213441  0.13089571  1.81102277  0.00000000

--------------------------------------------------------------------------------
n=4
(result of R-step: (3,4:0)0.65630430)
V=[1, 2, 3, 4]
total successes of this branch: 0
Matrix on 4 elements:

1    0.00000000  2.46162045  1.21214833  2.30162262
2    2.46162045  0.00000000  1.82761525  0.10179358
3    1.21214833  1.82761525  0.00000000  1.68916631
4    2.30162262  0.10179358  1.68916631  0.00000000
reason of abort: no pseudometric
