n=6
V=[0, 1, 2, 3, 4, 5]
total successes of this branch: 2
Matrix on 6 elements:

0    0.00000000  2.20885931  1.67622156  1.97888000  0.93012888  1.36050585
1    2.20885931  0.00000000  1.55359415  1.14782372  2.09269920  1.78172122
2    1.67622156  1.55359415  0.00000000  1.24526374  1.51546216  0.78416416
3    1.97888000  1.14782372  1.24526374  0.00000000  1.84883045  1.50066833
4    0.93012888  2.09269920  1.51546216  1.84883045  0.00000000  0.97899696
5    1.36050585  1.78172122  0.78416416  1.50066833  0.97899696  0.00000000

--------------------------------------------------------------------------------
n=5
(result of R-step: (0,3:1)0.04776142)
V=[0, 2, 3, 4, 5]
total successes of this branch: 2
Matrix on 5 elements:

0    0.00000000  1.29153683  1.19221494  0.54544414  0.97582111
2    1.29153683  0.00000000  0.84328341  1.51546216  0.78416416
3    1.19221494  0.84328341  0.00000000  1.44685012  1.09868800
4    0.54544414  1.51546216  1.44685012  0.00000000  0.97899696
5    0.97582111  0.78416416  1.09868800  0.97899696  0.00000000

--------------------------------------------------------------------------------
n=4
(result of R-step: (0,2:3)0.32981332)
V=[0, 2, 4, 5]
total successes of this branch: 1
Matrix on 4 elements:

0    0.00000000  1.05348435  0.43124114  0.86161811
2    1.05348435  0.00000000  1.39161268  0.66031468
4    0.43124114  1.39161268  0.00000000  0.97899696
5    0.86161811  0.66031468  0.97899696  0.00000000

--------------------------------------------------------------------------------
n=4
(result of R-step: (2,4:0)0.61521524)
V=[2, 3, 4, 5]
total successes of this branch: 0
reason of abort: negative delta/dxy

--------------------------------------------------------------------------------
n=4
(result of R-step: (2,4:3)0.56017163)
V=[0, 2, 4, 5]
total successes of this branch: 0
reason of abort: negative delta/dxy

--------------------------------------------------------------------------------
n=4
(result of R-step: (3,4:0)0.27876993)
V=[2, 3, 4, 5]
total successes of this branch: 1
Matrix on 4 elements:

2    0.00000000  0.51102871  1.39161268  0.78416416
3    0.51102871  0.00000000  0.99074594  0.76643330
4    1.39161268  0.99074594  0.00000000  0.85514748
5    0.78416416  0.76643330  0.85514748  0.00000000
