n=6
V=[0, 1, 2, 3, 4, 5]
total successes of this branch: 1
Matrix on 6 elements:

0    0.00000000  1.80409713  1.75598685  1.05530757  1.73723277  0.52961060
1    1.80409713  0.00000000  1.24804003  1.80300192  1.26289389  1.80354879
2    1.75598685  1.24804003  0.00000000  1.75460408  0.37748799  1.75529453
3    1.05530757  1.80300192  1.75460408  0.00000000  1.71673110  0.52819195
4    1.73723277  1.26289389  0.37748799  1.71673110  0.00000000  1.72696812
5    0.52961060  1.80354879  1.75529453  0.52819195  1.72696812  0.00000000

--------------------------------------------------------------------------------
n=5
(result of R-step: (0,3:5)0.49932626)
V=[0, 1, 2, 3, 4]
total successes of this branch: 1
Matrix on 5 elements:

0    0.00000000  1.80284964  1.75473936  1.05281260  1.73598529
1    1.80284964  0.00000000  1.24804003  1.80175444  1.26289389
2    1.75473936  1.24804003  0.00000000  1.75335659  0.37748799
3    1.05281260  1.80175444  1.75335659  0.00000000  1.71548361
4    1.73598529  1.26289389  0.37748799  1.71548361  0.00000000

--------------------------------------------------------------------------------
n=4
(result of R-step: (0,2:1)0.40650378)
V=[0, 2, 3, 4]
total successes of this branch: 1
Matrix on 4 elements:

0    0.00000000  1.05818788  0.52606862  1.20924131
2    1.05818788  0.00000000  1.58354908  0.20768048
3    0.52606862  1.58354908  0.00000000  1.71548361
4    1.20924131  0.20768048  1.71548361  0.00000000

--------------------------------------------------------------------------------
n=4
(result of R-step: (0,4:1)0.38446620)
V=[0, 2, 3, 4]
total successes of this branch: 0
Matrix on 4 elements:

0    0.00000000  1.24332043  0.54139366  1.01789956
2    1.24332043  0.00000000  1.75335659  0.17082120
3    0.54139366  1.75335659  0.00000000  1.50881682
4    1.01789956  0.17082120  1.50881682  0.00000000
reason of abort: no pseudometric

--------------------------------------------------------------------------------
n=4
(result of R-step: (1,4:2)0.98518178)
V=[0, 1, 3, 4]
total successes of this branch: 0
reason of abort: negative delta/dxy

--------------------------------------------------------------------------------
n=4
(result of R-step: (2,3:1)0.58954535)
V=[0, 2, 3, 4]
total successes of this branch: 0
Matrix on 4 elements:

0    0.00000000  1.59177710  0.52674738  1.73598529
2    1.59177710  0.00000000  1.06432911  0.21452573
3    0.52674738  1.06432911  0.00000000  1.18941839
4    1.73598529  0.21452573  1.18941839  0.00000000
reason of abort: no pseudometric

--------------------------------------------------------------------------------
n=4
(result of R-step: (3,4:1)0.39032131)
V=[0, 2, 3, 4]
total successes of this branch: 0
Matrix on 4 elements:

0    0.00000000  1.75473936  0.51179752  1.52293628
2    1.75473936  0.00000000  1.21234152  0.16443898
3    0.51179752  1.21234152  0.00000000  0.96141953
4    1.52293628  0.16443898  0.96141953  0.00000000
reason of abort: no pseudometric
