n=6
V=[0, 1, 2, 3, 4, 5]
total successes of this branch: 2
Matrix on 6 elements:

0    0.00000000  1.09638452  1.26876962  0.66473135  1.08771814  1.20316956
1    1.09638452  0.00000000  1.09466302  0.91982402  0.22226857  0.21733659
2    1.26876962  1.09466302  0.00000000  1.04894842  1.10291233  1.20621437
3    0.66473135  0.91982402  1.04894842  0.00000000  0.90468890  1.02478637
4    1.08771814  0.22226857  1.10291233  0.90468890  0.00000000  0.26937043
5    1.20316956  0.21733659  1.20621437  1.02478637  0.26937043  0.00000000

--------------------------------------------------------------------------------
n=5
(result of R-step: (1,4:5)0.71823157)
V=[0, 1, 2, 3, 4]
total successes of this branch: 2
Matrix on 5 elements:

0    0.00000000  1.06472247  1.26876962  0.66473135  1.08682525
1    1.06472247  0.00000000  1.06300097  0.88816197  0.18971362
2    1.26876962  1.06300097  0.00000000  1.04894842  1.10201943
3    0.66473135  0.88816197  1.04894842  0.00000000  0.90379600
4    1.08682525  0.18971362  1.10201943  0.90379600  0.00000000

--------------------------------------------------------------------------------
n=4
(result of R-step: (0,1:2)0.67067472)
V=[0, 1, 3, 4]
total successes of this branch: 0
Matrix on 4 elements:

0    0.00000000  0.55370183  0.21183380  0.63392770
1    0.55370183  0.00000000  0.83003888  0.13159053
3    0.21183380  0.83003888  0.00000000  0.90379600
4    0.63392770  0.13159053  0.90379600  0.00000000
reason of abort: no pseudometric

--------------------------------------------------------------------------------
n=4
(result of R-step: (0,1:4)0.05448384)
V=[0, 1, 2, 3]
total successes of this branch: 0
Matrix on 4 elements:

0    0.00000000  0.52977121  0.78875981  0.18472154
1    0.52977121  0.00000000  1.00805952  0.83322052
2    0.78875981  1.00805952  0.00000000  1.04894842
3    0.18472154  0.83322052  1.04894842  0.00000000
reason of abort: no pseudometric

--------------------------------------------------------------------------------
n=4
(result of R-step: (0,4:2)0.65357890)
V=[0, 1, 3, 4]
total successes of this branch: 0
Matrix on 4 elements:

0    0.00000000  0.61269564  0.21270453  0.50447531
1    0.61269564  0.00000000  0.88816197  0.05939051
3    0.21270453  0.88816197  0.00000000  0.77347289
4    0.50447531  0.05939051  0.77347289  0.00000000
reason of abort: no pseudometric

--------------------------------------------------------------------------------
n=4
(result of R-step: (1,2:4)0.85047064)
V=[0, 1, 2, 3]
total successes of this branch: 0
Matrix on 4 elements:

0    0.00000000  1.04169285  0.57868249  0.66473135
1    1.04169285  0.00000000  0.34988422  0.86513236
2    0.57868249  0.34988422  0.00000000  0.35886129
3    0.66473135  0.86513236  0.35886129  0.00000000
reason of abort: no pseudometric

--------------------------------------------------------------------------------
n=4
(result of R-step: (1,3:2)0.36426218)
V=[0, 1, 3, 4]
total successes of this branch: 1
Matrix on 4 elements:

0    0.00000000  1.00978102  0.45466993  1.08682525
1    1.00978102  0.00000000  0.62315910  0.13477217
3    0.45466993  0.62315910  0.00000000  0.69373459
4    1.08682525  0.13477217  0.69373459  0.00000000

--------------------------------------------------------------------------------
n=4
(result of R-step: (1,3:4)0.95617002)
V=[0, 1, 2, 3]
total successes of this branch: 1
Matrix on 4 elements:

0    0.00000000  1.00659938  1.26876962  0.49443953
1    1.00659938  0.00000000  1.00487788  0.65974706
2    1.26876962  1.00487788  0.00000000  0.87865660
3    0.49443953  0.65974706  0.87865660  0.00000000

--------------------------------------------------------------------------------
n=4
(result of R-step: (3,4:2)0.61697181)
V=[0, 1, 3, 4]
total successes of this branch: 0
Matrix on 4 elements:

0    0.00000000  1.06472247  0.45369686  0.95362570
1    1.06472247  0.00000000  0.67712747  0.05651407
3    0.45369686  0.67712747  0.00000000  0.55956196
4    0.95362570  0.05651407  0.55956196  0.00000000
reason of abort: no pseudometric
