n=6
V=[0, 1, 2, 3, 4, 5]
total successes of this branch: 2
Matrix on 6 elements:

0    0.00000000  1.61715353  1.14528157  0.94873425  0.59649730  0.96773148
1    1.61715353  0.00000000  1.70759817  0.94466641  1.27181492  1.27654671
2    1.14528157  1.70759817  0.00000000  1.27998989  1.23495696  1.50459777
3    0.94873425  0.94466641  1.27998989  0.00000000  0.58302080  0.83208477
4    0.59649730  1.27181492  1.23495696  0.58302080  0.00000000  0.46914191
5    0.96773148  1.27654671  1.50459777  0.83208477  0.46914191  0.00000000

--------------------------------------------------------------------------------
n=5
(result of R-step: (1,4:5)0.18538428)
V=[0, 1, 2, 3, 4]
total successes of this branch: 2
Matrix on 5 elements:

0    0.00000000  1.45941164  1.14528157  0.94873425  0.56498129
1    1.45941164  0.00000000  1.54985628  0.78692453  1.08255703
2    1.14528157  1.54985628  0.00000000  1.27998989  1.20344096
3    0.94873425  0.78692453  1.27998989  0.00000000  0.55150480
4    0.56498129  1.08255703  1.20344096  0.55150480  0.00000000

--------------------------------------------------------------------------------
n=4
(result of R-step: (0,1:4)0.19597220)
V=[0, 1, 2, 3]
total successes of this branch: 0
reason of abort: negative delta/dxy

--------------------------------------------------------------------------------
n=4
(result of R-step: (0,3:4)0.46107971)
V=[0, 1, 2, 3]
total successes of this branch: 1
Matrix on 4 elements:

0    0.00000000  1.38553415  1.07140408  0.75563657
1    1.38553415  0.00000000  1.54985628  0.66770434
2    1.07140408  1.54985628  0.00000000  1.16076971
3    0.75563657  0.66770434  1.16076971  0.00000000

--------------------------------------------------------------------------------
n=4
(result of R-step: (1,2:4)0.18357984)
V=[0, 1, 2, 3]
total successes of this branch: 0
reason of abort: negative delta/dxy

--------------------------------------------------------------------------------
n=4
(result of R-step: (1,4:3)0.56057590)
V=[0, 1, 2, 4]
total successes of this branch: 1
Matrix on 4 elements:

0    0.00000000  1.07688893  1.14528157  0.49410151
1    1.07688893  0.00000000  1.16733357  0.62915453
2    1.14528157  1.16733357  0.00000000  1.13256118
4    0.49410151  0.62915453  1.13256118  0.00000000
