n=6
V=[0, 1, 2, 3, 4, 5]
total successes of this branch: 2
Matrix on 6 elements:

0    0.00000000  1.26470733  1.05276499  0.95687808  0.75782510  1.41556815
1    1.26470733  0.00000000  1.20450194  1.28365350  1.21631304  1.68332529
2    1.05276499  1.20450194  0.00000000  0.99693004  1.24473580  0.98806382
3    0.95687808  1.28365350  0.99693004  0.00000000  1.20183820  1.54878708
4    0.75782510  1.21631304  1.24473580  1.20183820  0.00000000  1.33378595
5    1.41556815  1.68332529  0.98806382  1.54878708  1.33378595  0.00000000

--------------------------------------------------------------------------------
n=5
(result of R-step: (2,4:5)0.62177730)
V=[0, 1, 2, 3, 4]
total successes of this branch: 2
Matrix on 5 elements:

0    0.00000000  1.26470733  1.01825074  0.95687808  0.64482109
1    1.26470733  0.00000000  1.16998769  1.28365350  1.10330903
2    1.01825074  1.16998769  0.00000000  0.96241579  1.09721755
3    0.95687808  1.28365350  0.96241579  0.00000000  1.08883419
4    0.64482109  1.10330903  1.09721755  1.08883419  0.00000000

--------------------------------------------------------------------------------
n=4
(result of R-step: (0,1:4)0.69727050)
V=[0, 1, 2, 3]
total successes of this branch: 1
Matrix on 4 elements:

0    0.00000000  0.78932351  0.85409256  0.79271989
1    0.78932351  0.00000000  0.85876206  0.97242786
2    0.85409256  0.85876206  0.00000000  0.96241579
3    0.79271989  0.97242786  0.96241579  0.00000000

--------------------------------------------------------------------------------
n=4
(result of R-step: (0,4:2)0.65823813)
V=[0, 1, 3, 4]
total successes of this branch: 0
reason of abort: negative delta/dxy

--------------------------------------------------------------------------------
n=4
(result of R-step: (1,3:2)0.18063239)
V=[0, 1, 3, 4]
total successes of this branch: 1
Matrix on 4 elements:

0    0.00000000  0.95348169  0.51459939  0.64482109
1    0.95348169  0.00000000  0.53014917  0.79208340
3    0.51459939  0.53014917  0.00000000  0.64655551
4    0.64482109  0.79208340  0.64655551  0.00000000
