n=6
V=[0, 1, 2, 3, 4, 5]
total successes of this branch: 2
Matrix on 6 elements:

0    0.00000000  2.19191472  1.59605486  1.58765254  1.76583737  0.75847050
1    2.19191472  0.00000000  1.48808120  1.45108706  1.65255538  1.44851070
2    1.59605486  1.48808120  0.00000000  0.73873459  0.66319635  1.37223864
3    1.58765254  1.45108706  0.73873459  0.00000000  0.82941447  1.35196541
4    1.76583737  1.65255538  0.66319635  0.82941447  0.00000000  1.53981721
5    0.75847050  1.44851070  1.37223864  1.35196541  1.53981721  0.00000000

--------------------------------------------------------------------------------
n=5
(result of R-step: (0,1:5)0.58481438)
V=[0, 1, 2, 3, 4]
total successes of this branch: 2
Matrix on 5 elements:

0    0.00000000  1.75224225  1.57262338  1.56422105  1.74240589
1    1.75224225  0.00000000  1.07184020  1.03484607  1.23631438
2    1.57262338  1.07184020  0.00000000  0.73873459  0.66319635
3    1.56422105  1.03484607  0.73873459  0.00000000  0.82941447
4    1.74240589  1.23631438  0.66319635  0.82941447  0.00000000

--------------------------------------------------------------------------------
n=4
(result of R-step: (0,3:1)0.93289315)
V=[0, 2, 3, 4]
total successes of this branch: 1
Matrix on 4 elements:

0    0.00000000  0.45132893  0.29079243  0.62111144
2    0.45132893  0.00000000  0.58660042  0.66319635
3    0.29079243  0.58660042  0.00000000  0.67728030
4    0.62111144  0.66319635  0.67728030  0.00000000

--------------------------------------------------------------------------------
n=4
(result of R-step: (0,4:2)0.33714698)
V=[0, 1, 3, 4]
total successes of this branch: 1
Matrix on 4 elements:

0    0.00000000  0.63094780  0.44292660  0.30869891
1    0.63094780  0.00000000  1.03484607  0.92390186
3    0.44292660  1.03484607  0.00000000  0.51700195
4    0.30869891  0.92390186  0.51700195  0.00000000

--------------------------------------------------------------------------------
n=4
(result of R-step: (1,4:2)0.40442000)
V=[0, 1, 3, 4]
total successes of this branch: 0
Matrix on 4 elements:

0    0.00000000  1.12260398  1.56422105  1.45951642
1    1.12260398  0.00000000  0.40520781  0.32378666
3    1.56422105  0.40520781  0.00000000  0.54652500
4    1.45951642  0.32378666  0.54652500  0.00000000
reason of abort: no pseudometric
