n=6
V=[0, 1, 2, 3, 4, 5]
total successes of this branch: 3
Matrix on 6 elements:

0    0.00000000  1.48618604  1.49394191  1.15642253  1.56844961  1.00472580
1    1.48618604  0.00000000  1.12081389  0.77835603  0.97104180  1.41117329
2    1.49394191  1.12081389  0.00000000  0.58580236  1.18572208  1.33097355
3    1.15642253  0.77835603  0.58580236  0.00000000  0.83261526  1.02064010
4    1.56844961  0.97104180  1.18572208  0.83261526  0.00000000  1.48829829
5    1.00472580  1.41117329  1.33097355  1.02064010  1.48829829  0.00000000

--------------------------------------------------------------------------------
n=5
(result of R-step: (1,3:4)0.91544191)
V=[0, 1, 2, 3, 5]
total successes of this branch: 3
Matrix on 5 elements:

0    0.00000000  1.05192705  1.49394191  1.09771858  1.00472580
1    1.05192705  0.00000000  0.68655490  0.28539308  0.97691429
2    1.49394191  0.68655490  0.00000000  0.52709840  1.33097355
3    1.09771858  0.28539308  0.52709840  0.00000000  0.96193614
5    1.00472580  0.97691429  1.33097355  0.96193614  0.00000000

--------------------------------------------------------------------------------
n=4
(result of R-step: (0,2:1)0.12527367)
V=[0, 2, 3, 5]
total successes of this branch: 0
Matrix on 4 elements:

0    0.00000000  0.79666490  0.86492532  0.77193254
2    0.79666490  0.00000000  0.06261466  0.86648981
3    0.86492532  0.06261466  0.00000000  0.96193614
5    0.77193254  0.86648981  0.96193614  0.00000000
reason of abort: no pseudometric

--------------------------------------------------------------------------------
n=4
(result of R-step: (0,2:5)0.70392078)
V=[0, 1, 2, 3]
total successes of this branch: 1
Matrix on 4 elements:

0    0.00000000  0.67600812  0.70227199  0.72179964
1    0.67600812  0.00000000  0.27080391  0.28539308
2    0.70227199  0.27080391  0.00000000  0.11134741
3    0.72179964  0.28539308  0.11134741  0.00000000

--------------------------------------------------------------------------------
n=4
(result of R-step: (0,3:1)0.15635274)
V=[0, 2, 3, 5]
total successes of this branch: 1
Matrix on 4 elements:

0    0.00000000  1.11802298  0.65928898  0.62880686
2    1.11802298  0.00000000  0.46458774  1.33097355
3    0.65928898  0.46458774  0.00000000  0.89942548
5    0.62880686  1.33097355  0.89942548  0.00000000

--------------------------------------------------------------------------------
n=4
(result of R-step: (0,3:2)0.04438641)
V=[0, 1, 3, 5]
total successes of this branch: 0
Matrix on 4 elements:

0    0.00000000  0.17543146  0.16302138  0.12823020
1    0.17543146  0.00000000  0.22719148  0.97691429
3    0.16302138  0.22719148  0.00000000  0.90373454
5    0.12823020  0.97691429  0.90373454  0.00000000
reason of abort: no pseudometric

--------------------------------------------------------------------------------
n=4
(result of R-step: (0,3:5)0.56090159)
V=[0, 1, 2, 3]
total successes of this branch: 0
Matrix on 4 elements:

0    0.00000000  0.81913379  1.26114865  0.76853126
1    0.81913379  0.00000000  0.68655490  0.18899902
2    1.26114865  0.68655490  0.00000000  0.43070434
3    0.76853126  0.18899902  0.43070434  0.00000000
reason of abort: no pseudometric

--------------------------------------------------------------------------------
n=4
(result of R-step: (1,2:3)0.30908689)
V=[0, 1, 2, 5]
total successes of this branch: 1
Matrix on 4 elements:

0    0.00000000  0.93764587  1.07819092  1.00472580
1    0.93764587  0.00000000  0.15652273  0.86263311
2    1.07819092  0.15652273  0.00000000  0.91522257
5    1.00472580  0.86263311  0.91522257  0.00000000

--------------------------------------------------------------------------------
n=4
(result of R-step: (1,5:0)0.84626979)
V=[1, 2, 3, 5]
total successes of this branch: 0
reason of abort: negative delta/dxy

--------------------------------------------------------------------------------
n=4
(result of R-step: (2,5:1)0.78322743)
V=[0, 2, 3, 5]
total successes of this branch: 0
Matrix on 4 elements:

0    0.00000000  1.02536628  1.09771858  0.38097179
2    1.02536628  0.00000000  0.05852278  0.23864392
3    1.09771858  0.05852278  0.00000000  0.33818213
5    0.38097179  0.23864392  0.33818213  0.00000000
reason of abort: no pseudometric

--------------------------------------------------------------------------------
n=4
(result of R-step: (3,5:1)0.77115022)
V=[0, 2, 3, 5]
total successes of this branch: 0
Matrix on 4 elements:

0    0.00000000  1.49394191  1.03951698  0.43748213
2    1.49394191  0.00000000  0.46889680  0.76372989
3    1.03951698  0.46889680  0.00000000  0.33649088
5    0.43748213  0.76372989  0.33649088  0.00000000
reason of abort: no pseudometric

--------------------------------------------------------------------------------
n=4
(result of R-step: (3,5:2)0.99370503)
V=[0, 1, 3, 5]
total successes of this branch: 0
reason of abort: negative delta/dxy
