n=6
V=[0, 1, 2, 3, 4, 5]
total successes of this branch: 3
Matrix on 6 elements:

0    0.00000000  0.87427065  1.10732287  0.91160392  1.23342931  1.01203130
1    0.87427065  0.00000000  1.38154239  0.84540951  1.02151620  1.06351150
2    1.10732287  1.38154239  0.00000000  1.47815911  1.32178631  0.49951531
3    0.91160392  0.84540951  1.47815911  0.00000000  1.37124447  1.29454850
4    1.23342931  1.02151620  1.32178631  1.37124447  0.00000000  1.21164195
5    1.01203130  1.06351150  0.49951531  1.29454850  1.21164195  0.00000000

--------------------------------------------------------------------------------
n=5
(result of R-step: (1,2:5)0.22096478)
V=[0, 1, 2, 3, 4]
total successes of this branch: 3
Matrix on 5 elements:

0    0.00000000  0.80404099  0.95454522  0.91160392  1.23342931
1    0.80404099  0.00000000  1.15853509  0.77517986  0.95128654
2    0.95454522  1.15853509  0.00000000  1.32538147  1.16900866
3    0.91160392  0.77517986  1.32538147  0.00000000  1.37124447
4    1.23342931  0.95128654  1.16900866  1.37124447  0.00000000

--------------------------------------------------------------------------------
n=4
(result of R-step: (0,1:3)0.52066355)
V=[0, 1, 2, 4]
total successes of this branch: 1
Matrix on 4 elements:

0    0.00000000  0.47385848  0.71145033  0.99033443
1    0.47385848  0.00000000  1.07144746  0.86419891
2    0.71145033  1.07144746  0.00000000  1.16900866
4    0.99033443  0.86419891  1.16900866  0.00000000

--------------------------------------------------------------------------------
n=4
(result of R-step: (0,2:1)0.69527550)
V=[0, 2, 3, 4]
total successes of this branch: 0
reason of abort: negative delta/dxy

--------------------------------------------------------------------------------
n=4
(result of R-step: (0,3:4)0.83182804)
V=[0, 1, 2, 3]
total successes of this branch: 0
reason of abort: negative delta/dxy

--------------------------------------------------------------------------------
n=4
(result of R-step: (0,4:2)0.81022918)
V=[0, 1, 3, 4]
total successes of this branch: 0
reason of abort: negative delta/dxy

--------------------------------------------------------------------------------
n=4
(result of R-step: (1,2:4)0.58299379)
V=[0, 1, 2, 3]
total successes of this branch: 1
Matrix on 4 elements:

0    0.00000000  0.71695337  0.80231394  0.91160392
1    0.71695337  0.00000000  0.91921618  0.68809223
2    0.80231394  0.91921618  0.00000000  1.17315019
3    0.91160392  0.68809223  1.17315019  0.00000000

--------------------------------------------------------------------------------
n=4
(result of R-step: (1,3:2)0.78483045)
V=[0, 1, 3, 4]
total successes of this branch: 0
reason of abort: negative delta/dxy

--------------------------------------------------------------------------------
n=4
(result of R-step: (1,4:0)0.41868317)
V=[1, 2, 3, 4]
total successes of this branch: 0
reason of abort: negative delta/dxy

--------------------------------------------------------------------------------
n=4
(result of R-step: (2,3:0)0.28462917)
V=[1, 2, 3, 4]
total successes of this branch: 1
Matrix on 4 elements:

1    0.00000000  1.00630381  0.34560221  0.95128654
2    1.00630381  0.00000000  0.74357254  1.01677738
3    0.34560221  0.74357254  0.00000000  0.94166682
4    0.95128654  1.01677738  0.94166682  0.00000000

--------------------------------------------------------------------------------
n=4
(result of R-step: (2,4:3)0.29975093)
V=[0, 1, 2, 4]
total successes of this branch: 0
reason of abort: negative delta/dxy

--------------------------------------------------------------------------------
n=4
(result of R-step: (3,4:1)0.87602744)
V=[0, 2, 3, 4]
total successes of this branch: 0
reason of abort: negative delta/dxy
