n=6
V=[0, 1, 2, 3, 4, 5]
total successes of this branch: 2
Matrix on 6 elements:

0    0.00000000  1.36472697  1.33567382  1.36217330  1.36288151  1.36287052
1    1.36472697  0.00000000  1.35620516  1.00090621  0.91342803  0.91478509
2    1.33567382  1.35620516  0.00000000  1.32196607  1.33146164  1.33131433
3    1.36217330  1.00090621  1.32196607  0.00000000  0.77295570  0.76225429
4    1.36288151  0.91342803  1.33146164  0.77295570  0.00000000  0.09382324
5    1.36287052  0.91478509  1.33131433  0.76225429  0.09382324  0.00000000

--------------------------------------------------------------------------------
n=5
(result of R-step: (1,2:0)0.09061577)
V=[1, 2, 3, 4, 5]
total successes of this branch: 2
Matrix on 5 elements:

1    0.00000000  0.38475529  0.65816745  0.57068927  0.57204632
2    0.38475529  0.00000000  0.69325496  0.70275053  0.70260322
3    0.65816745  0.69325496  0.00000000  0.77295570  0.76225429
4    0.57068927  0.70275053  0.77295570  0.00000000  0.09382324
5    0.57204632  0.70260322  0.76225429  0.09382324  0.00000000

--------------------------------------------------------------------------------
n=4
(result of R-step: (1,4:3)0.85143308)
V=[1, 2, 4, 5]
total successes of this branch: 0
Matrix on 4 elements:

1    0.00000000  0.20146091  0.30057920  0.38875194
2    0.20146091  0.00000000  0.61593484  0.70260322
4    0.30057920  0.61593484  0.00000000  0.00700755
5    0.38875194  0.70260322  0.00700755  0.00000000
reason of abort: no pseudometric

--------------------------------------------------------------------------------
n=4
(result of R-step: (1,5:3)0.86632518)
V=[1, 2, 4, 5]
total successes of this branch: 0
Matrix on 4 elements:

1    0.00000000  0.20255589  0.38848988  0.38736050
2    0.20255589  0.00000000  0.70275053  0.70011679
4    0.38848988  0.70275053  0.00000000  0.09133682
5    0.38736050  0.70011679  0.09133682  0.00000000
reason of abort: no pseudometric

--------------------------------------------------------------------------------
n=4
(result of R-step: (2,4:3)0.73102135)
V=[1, 2, 4, 5]
total successes of this branch: 0
Matrix on 4 elements:

1    0.00000000  0.19267459  0.50408514  0.57204632
2    0.19267459  0.00000000  0.44406569  0.51052252
4    0.50408514  0.44406569  0.00000000  0.02721911
5    0.57204632  0.51052252  0.02721911  0.00000000
reason of abort: no pseudometric

--------------------------------------------------------------------------------
n=4
(result of R-step: (2,5:3)0.74478484)
V=[1, 2, 4, 5]
total successes of this branch: 1
Matrix on 4 elements:

1    0.00000000  0.19119112  0.57068927  0.54588523
2    0.19119112  0.00000000  0.50918635  0.48287796
4    0.57068927  0.50918635  0.00000000  0.06766215
5    0.54588523  0.48287796  0.06766215  0.00000000

--------------------------------------------------------------------------------
n=4
(result of R-step: (3,4:5)0.01551303)
V=[1, 2, 3, 4]
total successes of this branch: 1
Matrix on 4 elements:

1    0.00000000  0.38475529  0.61660653  0.52912836
2    0.38475529  0.00000000  0.65169405  0.66118961
3    0.61660653  0.65169405  0.00000000  0.68983387
4    0.52912836  0.66118961  0.68983387  0.00000000
