n=6
V=[0, 1, 2, 3, 4, 5]
total successes of this branch: 2
Matrix on 6 elements:

0    0.00000000  1.40654172  1.39453233  1.39714087  0.88972564  0.92679920
1    1.40654172  0.00000000  1.32183596  1.20818348  1.13550621  1.36739791
2    1.39453233  1.32183596  0.00000000  0.91224656  1.36952344  0.99268701
3    1.39714087  1.20818348  0.91224656  0.00000000  1.33213604  1.17306390
4    0.88972564  1.13550621  1.36952344  1.33213604  0.00000000  1.11144744
5    0.92679920  1.36739791  0.99268701  1.17306390  1.11144744  0.00000000

--------------------------------------------------------------------------------
n=5
(result of R-step: (0,2:5)0.53788492)
V=[0, 1, 2, 3, 4]
total successes of this branch: 2
Matrix on 5 elements:

0    0.00000000  1.14406478  0.86957845  1.13466393  0.62724870
1    1.14406478  0.00000000  1.05935902  1.20818348  1.13550621
2    0.86957845  1.05935902  0.00000000  0.64976962  1.10704649
3    1.13466393  1.20818348  0.64976962  0.00000000  1.33213604
4    0.62724870  1.13550621  1.10704649  1.33213604  0.00000000

--------------------------------------------------------------------------------
n=4
(result of R-step: (1,2:3)0.16256753)
V=[0, 1, 2, 4]
total successes of this branch: 1
Matrix on 4 elements:

0    0.00000000  0.83471971  0.71607991  0.62724870
1    0.83471971  0.00000000  0.59651541  0.82616114
2    0.71607991  0.59651541  0.00000000  0.95354795
4    0.62724870  0.82616114  0.95354795  0.00000000

--------------------------------------------------------------------------------
n=4
(result of R-step: (2,4:0)0.33986167)
V=[1, 2, 3, 4]
total successes of this branch: 1
Matrix on 4 elements:

1    0.00000000  0.90586048  1.20818348  0.97147396
2    0.90586048  0.00000000  0.49627108  0.78951570
3    1.20818348  0.49627108  0.00000000  1.16810378
4    0.97147396  0.78951570  1.16810378  0.00000000

--------------------------------------------------------------------------------
n=4
(result of R-step: (3,4:0)0.46424133)
V=[1, 2, 3, 4]
total successes of this branch: 0
Matrix on 4 elements:

1    0.00000000  1.05935902  0.72767723  1.10377801
2    1.05935902  0.00000000  0.16926337  1.07531829
3    0.72767723  0.16926337  0.00000000  0.81990158
4    1.10377801  1.07531829  0.81990158  0.00000000
reason of abort: no pseudometric
