n=6
V=[0, 1, 2, 3, 4, 5]
total successes of this branch: 1
Matrix on 6 elements:

0    0.00000000  1.98351197  1.30601942  1.88924084  1.77868200  1.65179191
1    1.98351197  0.00000000  1.68650911  0.82644512  0.82580560  1.05686840
2    1.30601942  1.68650911  0.00000000  1.65784443  1.31352025  1.03763177
3    1.88924084  0.82644512  1.65784443  0.00000000  1.07780656  1.23352241
4    1.77868200  0.82580560  1.31352025  1.07780656  0.00000000  0.56173064
5    1.65179191  1.05686840  1.03763177  1.23352241  0.56173064  0.00000000

--------------------------------------------------------------------------------
n=5
(result of R-step: (2,4:5)0.26845807)
V=[0, 1, 2, 3, 4]
total successes of this branch: 1
Matrix on 5 elements:

0    0.00000000  1.98351197  1.16309833  1.88924084  1.63576091
1    1.98351197  0.00000000  1.54358802  0.82644512  0.68288451
2    1.16309833  1.54358802  0.00000000  1.51492335  1.02767808
3    1.88924084  0.82644512  1.51492335  0.00000000  0.93488547
4    1.63576091  0.68288451  1.02767808  0.93488547  0.00000000

--------------------------------------------------------------------------------
n=4
(result of R-step: (0,4:2)0.81053495)
V=[0, 1, 3, 4]
total successes of this branch: 0
reason of abort: negative delta/dxy

--------------------------------------------------------------------------------
n=4
(result of R-step: (1,2:0)0.68017393)
V=[1, 2, 3, 4]
total successes of this branch: 0
reason of abort: negative delta/dxy

--------------------------------------------------------------------------------
n=4
(result of R-step: (2,3:0)0.73066580)
V=[1, 2, 3, 4]
total successes of this branch: 1
Matrix on 4 elements:

1    0.00000000  1.46010074  0.54934868  0.68288451
2    1.46010074  0.00000000  1.15433962  0.94419079
3    0.54934868  1.15433962  0.00000000  0.65778903
4    0.68288451  0.94419079  0.65778903  0.00000000
