n=6
V=[0, 1, 2, 3, 4, 5]
total successes of this branch: 2
Matrix on 6 elements:

0    0.00000000  1.98135836  1.08055728  0.99915410  0.90177635  0.99573791
1    1.98135836  0.00000000  1.91386973  1.93850749  1.94944192  1.93873076
2    1.08055728  1.91386973  0.00000000  0.93897798  0.97510537  0.93971569
3    0.99915410  1.93850749  0.93897798  0.00000000  0.71491901  0.34694441
4    0.90177635  1.94944192  0.97510537  0.71491901  0.00000000  0.71589265
5    0.99573791  1.93873076  0.93971569  0.34694441  0.71589265  0.00000000

--------------------------------------------------------------------------------
n=5
(result of R-step: (0,3:5)0.00521058)
V=[0, 1, 2, 3, 4]
total successes of this branch: 2
Matrix on 5 elements:

0    0.00000000  1.80959425  0.90879317  0.65562588  0.73001224
1    1.80959425  0.00000000  1.91386973  1.76674338  1.94944192
2    0.90879317  1.91386973  0.00000000  0.76721387  0.97510537
3    0.65562588  1.76674338  0.76721387  0.00000000  0.54315490
4    0.73001224  1.94944192  0.97510537  0.54315490  0.00000000

--------------------------------------------------------------------------------
n=4
(result of R-step: (0,3:4)0.25517421)
V=[0, 1, 2, 3]
total successes of this branch: 1
Matrix on 4 elements:

0    0.00000000  1.67258773  0.77178665  0.38161285
1    1.67258773  0.00000000  1.91386973  1.62973686
2    0.77178665  1.91386973  0.00000000  0.63020735
3    0.38161285  1.62973686  0.63020735  0.00000000

--------------------------------------------------------------------------------
n=4
(result of R-step: (1,4:3)0.94807107)
V=[0, 1, 2, 4]
total successes of this branch: 0
reason of abort: negative delta/dxy

--------------------------------------------------------------------------------
n=4
(result of R-step: (2,4:3)0.50529793)
V=[0, 1, 2, 4]
total successes of this branch: 1
Matrix on 4 elements:

0    0.00000000  1.80959425  0.46395539  0.51254785
1    1.80959425  0.00000000  1.46903195  1.73197754
2    0.46395539  1.46903195  0.00000000  0.31280320
4    0.51254785  1.73197754  0.31280320  0.00000000
