n=6
V=[0, 1, 2, 3, 4, 5]
total successes of this branch: 1
Matrix on 6 elements:

0    0.00000000  1.92519348  1.75110986  1.62033835  1.65701634  1.80566956
1    1.92519348  0.00000000  1.76357020  1.81410108  1.67863554  0.82157103
2    1.75110986  1.76357020  0.00000000  1.46360802  1.49969732  1.64596465
3    1.62033835  1.81410108  1.46360802  0.00000000  0.82362243  1.37265448
4    1.65701634  1.67863554  1.49969732  0.82362243  0.00000000  0.98951692
5    1.80566956  0.82157103  1.64596465  1.37265448  0.98951692  0.00000000

--------------------------------------------------------------------------------
n=5
(result of R-step: (1,4:5)0.55430983)
V=[0, 1, 2, 3, 4]
total successes of this branch: 1
Matrix on 5 elements:

0    0.00000000  1.85896727  1.75110986  1.62033835  1.59079014
1    1.85896727  0.00000000  1.69734400  1.74787487  1.54618313
2    1.75110986  1.69734400  0.00000000  1.46360802  1.43347112
3    1.62033835  1.74787487  1.46360802  0.00000000  0.75739623
4    1.59079014  1.54618313  1.43347112  0.75739623  0.00000000

--------------------------------------------------------------------------------
n=4
(result of R-step: (0,1:2)0.99658028)
V=[0, 1, 3, 4]
total successes of this branch: 0
Matrix on 4 elements:

0    0.00000000  0.62689226  0.66611558  0.63656737
1    0.62689226  0.00000000  1.47002263  1.26833089
3    0.66611558  1.47002263  0.00000000  0.75739623
4    0.63656737  1.26833089  0.75739623  0.00000000
reason of abort: no pseudometric

--------------------------------------------------------------------------------
n=4
(result of R-step: (0,3:4)0.97248106)
V=[0, 1, 2, 3]
total successes of this branch: 0
reason of abort: negative delta/dxy

--------------------------------------------------------------------------------
n=4
(result of R-step: (1,3:0)0.98349907)
V=[1, 2, 3, 4]
total successes of this branch: 0
reason of abort: negative delta/dxy

--------------------------------------------------------------------------------
n=4
(result of R-step: (1,3:2)0.99117599)
V=[0, 1, 3, 4]
total successes of this branch: 0
reason of abort: negative delta/dxy

--------------------------------------------------------------------------------
n=4
(result of R-step: (1,3:4)0.12031284)
V=[0, 1, 2, 3]
total successes of this branch: 1
Matrix on 4 elements:

0    0.00000000  1.58111503  1.75110986  1.27625991
1    1.58111503  0.00000000  1.41949175  1.12594419
2    1.75110986  1.41949175  0.00000000  1.11952957
3    1.27625991  1.12594419  1.11952957  0.00000000

--------------------------------------------------------------------------------
n=4
(result of R-step: (1,4:0)0.75048040)
V=[1, 2, 3, 4]
total successes of this branch: 0
Matrix on 4 elements:

1    0.00000000  0.79555032  0.84608120  0.02158731
2    0.79555032  0.00000000  1.46360802  0.81066897
3    0.84608120  1.46360802  0.00000000  0.13459408
4    0.02158731  0.81066897  0.13459408  0.00000000
reason of abort: no pseudometric

--------------------------------------------------------------------------------
n=4
(result of R-step: (1,4:2)0.75576758)
V=[0, 1, 3, 4]
total successes of this branch: 0
Matrix on 4 elements:

0    0.00000000  0.95784645  1.62033835  0.96172562
1    0.95784645  0.00000000  0.84675405  0.01599779
3    1.62033835  0.84675405  0.00000000  0.12833172
4    0.96172562  0.01599779  0.12833172  0.00000000
reason of abort: no pseudometric

--------------------------------------------------------------------------------
n=4
(result of R-step: (2,3:0)0.99407622)
V=[1, 2, 3, 4]
total successes of this branch: 0
Matrix on 4 elements:

1    0.00000000  0.90207509  1.40379643  1.54618313
2    0.90207509  0.00000000  0.32426066  0.63820220
3    1.40379643  0.32426066  0.00000000  0.41331778
4    1.54618313  0.63820220  0.41331778  0.00000000
reason of abort: no pseudometric

--------------------------------------------------------------------------------
n=4
(result of R-step: (2,3:4)0.94948298)
V=[0, 1, 2, 3]
total successes of this branch: 0
reason of abort: negative delta/dxy

--------------------------------------------------------------------------------
n=4
(result of R-step: (2,4:0)0.99118470)
V=[1, 2, 3, 4]
total successes of this branch: 0
Matrix on 4 elements:

1    0.00000000  0.90257912  1.74787487  1.14916359
2    0.90257912  0.00000000  0.66884314  0.24168670
3    1.74787487  0.66884314  0.00000000  0.36037669
4    1.14916359  0.24168670  0.36037669  0.00000000
reason of abort: no pseudometric
