n=6
V=[0, 1, 2, 3, 4, 5]
total successes of this branch: 3
Matrix on 6 elements:

0    0.00000000  1.43062950  1.29210556  1.37798516  1.41977637  0.84795877
1    1.43062950  0.00000000  1.38264773  1.15534776  0.99657922  1.40168717
2    1.29210556  1.38264773  0.00000000  1.24331246  1.35392245  0.61694700
3    1.37798516  1.15534776  1.24331246  0.00000000  1.11411577  1.29675136
4    1.41977637  0.99657922  1.35392245  1.11411577  0.00000000  1.38005367
5    0.84795877  1.40168717  0.61694700  1.29675136  1.38005367  0.00000000

--------------------------------------------------------------------------------
n=5
(result of R-step: (1,3:4)0.79384057)
V=[0, 1, 2, 3, 5]
total successes of this branch: 3
Matrix on 5 elements:

0    0.00000000  0.95295589  1.29210556  0.90031155  0.84795877
1    0.95295589  0.00000000  0.90497412  0.20000054  0.92401356
2    1.29210556  0.90497412  0.00000000  0.76563885  0.61694700
3    0.90031155  0.20000054  0.76563885  0.00000000  0.81907775
5    0.84795877  0.92401356  0.61694700  0.81907775  0.00000000

--------------------------------------------------------------------------------
n=4
(result of R-step: (0,2:5)0.39680574)
V=[0, 1, 2, 3]
total successes of this branch: 1
Matrix on 4 elements:

0    0.00000000  0.86655579  1.11930535  0.81391144
1    0.86655579  0.00000000  0.81857402  0.20000054
2    1.11930535  0.81857402  0.00000000  0.67923875
3    0.81391144  0.20000054  0.67923875  0.00000000

--------------------------------------------------------------------------------
n=4
(result of R-step: (0,3:1)0.06913273)
V=[0, 2, 3, 5]
total successes of this branch: 1
Matrix on 4 elements:

0    0.00000000  1.20570546  0.79520827  0.76155867
2    1.20570546  0.00000000  0.74693567  0.61694700
3    0.79520827  0.74693567  0.00000000  0.80037457
5    0.76155867  0.61694700  0.80037457  0.00000000

--------------------------------------------------------------------------------
n=4
(result of R-step: (1,2:0)0.11039136)
V=[1, 2, 3, 5]
total successes of this branch: 0
reason of abort: negative delta/dxy

--------------------------------------------------------------------------------
n=4
(result of R-step: (1,2:3)0.91908054)
V=[0, 1, 2, 5]
total successes of this branch: 1
Matrix on 4 elements:

0    0.00000000  0.84042023  1.20570546  0.84795877
1    0.84042023  0.00000000  0.70603836  0.81147790
2    1.20570546  0.70603836  0.00000000  0.53054689
5    0.84795877  0.81147790  0.53054689  0.00000000

--------------------------------------------------------------------------------
n=4
(result of R-step: (1,5:0)0.65474802)
V=[1, 2, 3, 5]
total successes of this branch: 0
reason of abort: negative delta/dxy

--------------------------------------------------------------------------------
n=4
(result of R-step: (1,5:2)0.68720250)
V=[0, 1, 3, 5]
total successes of this branch: 0
reason of abort: negative delta/dxy

--------------------------------------------------------------------------------
n=4
(result of R-step: (1,5:3)0.52635674)
V=[0, 1, 2, 5]
total successes of this branch: 0
reason of abort: negative delta/dxy

--------------------------------------------------------------------------------
n=4
(result of R-step: (2,3:0)0.79822607)
V=[1, 2, 3, 5]
total successes of this branch: 0
reason of abort: negative delta/dxy

--------------------------------------------------------------------------------
n=4
(result of R-step: (3,5:0)0.74047510)
V=[1, 2, 3, 5]
total successes of this branch: 0
reason of abort: negative delta/dxy

--------------------------------------------------------------------------------
n=4
(result of R-step: (3,5:2)0.59660824)
V=[0, 1, 3, 5]
total successes of this branch: 0
reason of abort: negative delta/dxy
