n=6
V=[0, 1, 2, 3, 4, 5]
total successes of this branch: 3
Matrix on 6 elements:

0    0.00000000  2.33538960  2.27717469  2.03844670  2.29113379  2.20294323
1    2.33538960  0.00000000  2.03573002  1.29584753  0.76284278  0.94886725
2    2.27717469  2.03573002  0.00000000  2.08937468  2.04372512  2.05965731
3    2.03844670  1.29584753  2.08937468  0.00000000  1.20249666  0.80391067
4    2.29113379  0.76284278  2.04372512  1.20249666  0.00000000  0.45903818
5    2.20294323  0.94886725  2.05965731  0.80391067  0.45903818  0.00000000

--------------------------------------------------------------------------------
n=5
(result of R-step: (0,1:2)0.62028797)
V=[0, 1, 3, 4, 5]
total successes of this branch: 3
Matrix on 5 elements:

0    0.00000000  1.14821913  1.18602218  1.43870927  1.35051871
1    1.14821913  0.00000000  0.96110158  0.42809682  0.61412130
3    1.18602218  0.96110158  0.00000000  1.20249666  0.80391067
4    1.43870927  0.42809682  1.20249666  0.00000000  0.45903818
5    1.35051871  0.61412130  0.80391067  0.45903818  0.00000000

--------------------------------------------------------------------------------
n=4
(result of R-step: (0,1:5)0.23944790)
V=[0, 1, 3, 4]
total successes of this branch: 0
reason of abort: negative delta/dxy

--------------------------------------------------------------------------------
n=4
(result of R-step: (0,3:4)0.52333028)
V=[0, 1, 3, 5]
total successes of this branch: 0
reason of abort: negative delta/dxy

--------------------------------------------------------------------------------
n=4
(result of R-step: (0,4:1)0.43667164)
V=[0, 3, 4, 5]
total successes of this branch: 1
Matrix on 4 elements:

0    0.00000000  0.53111986  0.75358085  0.69561639
3    0.53111986  0.00000000  1.17227057  0.80391067
4    0.75358085  1.17227057  0.00000000  0.42881209
5    0.69561639  0.80391067  0.42881209  0.00000000

--------------------------------------------------------------------------------
n=4
(result of R-step: (0,4:5)0.79366417)
V=[0, 1, 3, 4]
total successes of this branch: 0
reason of abort: negative delta/dxy

--------------------------------------------------------------------------------
n=4
(result of R-step: (0,5:3)0.88981598)
V=[0, 1, 4, 5]
total successes of this branch: 0
reason of abort: negative delta/dxy

--------------------------------------------------------------------------------
n=4
(result of R-step: (1,3:0)0.53094403)
V=[1, 3, 4, 5]
total successes of this branch: 1
Matrix on 4 elements:

1    0.00000000  0.88375835  0.38097969  0.56700417
3    0.88375835  0.00000000  1.17227057  0.77368457
4    0.38097969  1.17227057  0.00000000  0.45903818
5    0.56700417  0.77368457  0.45903818  0.00000000

--------------------------------------------------------------------------------
n=4
(result of R-step: (1,5:4)0.86343156)
V=[0, 1, 3, 5]
total successes of this branch: 0
reason of abort: negative delta/dxy

--------------------------------------------------------------------------------
n=4
(result of R-step: (3,4:1)0.74565497)
V=[0, 3, 4, 5]
total successes of this branch: 0
reason of abort: negative delta/dxy

--------------------------------------------------------------------------------
n=4
(result of R-step: (3,4:5)0.34901092)
V=[0, 1, 3, 4]
total successes of this branch: 1
Matrix on 4 elements:

0    0.00000000  1.14821913  1.15579609  1.40848317
1    1.14821913  0.00000000  0.93087548  0.39787073
3    1.15579609  0.93087548  0.00000000  1.14204448
4    1.40848317  0.39787073  1.14204448  0.00000000

--------------------------------------------------------------------------------
n=4
(result of R-step: (3,5:1)0.18872987)
V=[0, 3, 4, 5]
total successes of this branch: 0
reason of abort: negative delta/dxy
