n=6
V=[0, 1, 2, 3, 4, 5]
total successes of this branch: 3
Matrix on 6 elements:

0    0.00000000  1.25883065  1.25623546  1.03346143  0.80125885  1.20362774
1    1.25883065  0.00000000  1.02083595  1.14221548  0.96527494  1.01441158
2    1.25623546  1.02083595  0.00000000  1.04220570  1.16423660  0.32557190
3    1.03346143  1.14221548  1.04220570  0.00000000  1.07596470  1.04610916
4    0.80125885  0.96527494  1.16423660  1.07596470  0.00000000  1.05458540
5    1.20362774  1.01441158  0.32557190  1.04610916  1.05458540  0.00000000

--------------------------------------------------------------------------------
n=5
(result of R-step: (2,4:5)0.88437270)
V=[0, 1, 2, 3, 4]
total successes of this branch: 3
Matrix on 5 elements:

0    0.00000000  1.25883065  1.14827511  1.03346143  0.69329851
1    1.25883065  0.00000000  0.91287560  1.14221548  0.85731459
2    1.14827511  0.91287560  0.00000000  0.93424535  0.94831591
3    1.03346143  1.14221548  0.93424535  0.00000000  0.96800435
4    0.69329851  0.85731459  0.94831591  0.96800435  0.00000000

--------------------------------------------------------------------------------
n=4
(result of R-step: (0,1:4)0.60917992)
V=[0, 1, 2, 3]
total successes of this branch: 1
Matrix on 4 elements:

0    0.00000000  0.75112751  0.89442354  0.77960986
1    0.75112751  0.00000000  0.65902403  0.88836391
2    0.89442354  0.65902403  0.00000000  0.93424535
3    0.77960986  0.88836391  0.93424535  0.00000000

--------------------------------------------------------------------------------
n=4
(result of R-step: (0,2:1)0.84399546)
V=[0, 2, 3, 4]
total successes of this branch: 0
reason of abort: negative delta/dxy

--------------------------------------------------------------------------------
n=4
(result of R-step: (0,2:3)0.34885366)
V=[0, 1, 2, 4]
total successes of this branch: 1
Matrix on 4 elements:

0    0.00000000  1.00497908  0.56806589  0.43944694
1    1.00497908  0.00000000  0.58651795  0.85731459
2    0.56806589  0.58651795  0.00000000  0.62195826
4    0.43944694  0.85731459  0.62195826  0.00000000

--------------------------------------------------------------------------------
n=4
(result of R-step: (0,3:1)0.18275733)
V=[0, 2, 3, 4]
total successes of this branch: 0
reason of abort: negative delta/dxy

--------------------------------------------------------------------------------
n=4
(result of R-step: (0,4:2)0.26578672)
V=[0, 1, 3, 4]
total successes of this branch: 0
reason of abort: negative delta/dxy

--------------------------------------------------------------------------------
n=4
(result of R-step: (1,3:2)0.40023368)
V=[0, 1, 3, 4]
total successes of this branch: 1
Matrix on 4 elements:

0    0.00000000  1.00497908  0.65624875  0.69329851
1    1.00497908  0.00000000  0.51115123  0.60346302
3    0.65624875  0.51115123  0.00000000  0.59079167
4    0.69329851  0.60346302  0.59079167  0.00000000

--------------------------------------------------------------------------------
n=4
(result of R-step: (1,4:3)0.58943381)
V=[0, 1, 2, 4]
total successes of this branch: 0
reason of abort: negative delta/dxy

--------------------------------------------------------------------------------
n=4
(result of R-step: (2,4:1)0.80068039)
V=[0, 2, 3, 4]
total successes of this branch: 0
reason of abort: negative delta/dxy

--------------------------------------------------------------------------------
n=4
(result of R-step: (2,4:3)0.13835723)
V=[0, 1, 2, 4]
total successes of this branch: 0
reason of abort: negative delta/dxy

--------------------------------------------------------------------------------
n=4
(result of R-step: (3,4:0)0.67416758)
V=[1, 2, 3, 4]
total successes of this branch: 0
reason of abort: negative delta/dxy
