n=6
V=[0, 1, 2, 3, 4, 5]
total successes of this branch: 3
Matrix on 6 elements:

0    0.00000000  2.04185603  1.95854332  1.44326546  1.74022563  1.85675518
1    2.04185603  0.00000000  1.60797283  1.94463323  1.37259364  1.18148250
2    1.95854332  1.60797283  0.00000000  1.80973831  1.71688569  1.67480914
3    1.44326546  1.94463323  1.80973831  0.00000000  1.78887169  1.84904739
4    1.74022563  1.37259364  1.71688569  1.78887169  0.00000000  1.06902397
5    1.85675518  1.18148250  1.67480914  1.84904739  1.06902397  0.00000000

--------------------------------------------------------------------------------
n=5
(result of R-step: (1,4:5)0.38633223)
V=[0, 1, 2, 3, 4]
total successes of this branch: 3
Matrix on 5 elements:

0    0.00000000  1.60289961  1.95854332  1.44326546  1.30126922
1    1.60289961  0.00000000  1.16901641  1.50567681  0.49468081
2    1.95854332  1.16901641  0.00000000  1.80973831  1.27792928
3    1.44326546  1.50567681  1.80973831  0.00000000  1.34991527
4    1.30126922  0.49468081  1.27792928  1.34991527  0.00000000

--------------------------------------------------------------------------------
n=4
(result of R-step: (0,1:2)0.55142360)
V=[0, 1, 3, 4]
total successes of this branch: 0
reason of abort: negative delta/dxy

--------------------------------------------------------------------------------
n=4
(result of R-step: (0,1:4)0.31067323)
V=[0, 1, 2, 3]
total successes of this branch: 1
Matrix on 4 elements:

0    0.00000000  0.97089279  1.42306170  0.90778384
1    0.97089279  0.00000000  1.07249121  1.40915161
2    1.42306170  1.07249121  0.00000000  1.80973831
3    0.90778384  1.40915161  1.80973831  0.00000000

--------------------------------------------------------------------------------
n=4
(result of R-step: (0,2:3)0.64469310)
V=[0, 1, 2, 4]
total successes of this branch: 1
Matrix on 4 elements:

0    0.00000000  1.06741799  0.73331989  0.76578760
1    1.06741799  0.00000000  0.47927460  0.49468081
2    0.73331989  0.47927460  0.00000000  0.58818747
4    0.76578760  0.49468081  0.58818747  0.00000000

--------------------------------------------------------------------------------
n=4
(result of R-step: (0,4:2)0.21136979)
V=[0, 1, 3, 4]
total successes of this branch: 0
reason of abort: negative delta/dxy

--------------------------------------------------------------------------------
n=4
(result of R-step: (1,3:0)0.92046385)
V=[1, 2, 3, 4]
total successes of this branch: 0
reason of abort: negative delta/dxy

--------------------------------------------------------------------------------
n=4
(result of R-step: (1,3:2)0.57865998)
V=[0, 1, 3, 4]
total successes of this branch: 1
Matrix on 4 elements:

0    0.00000000  1.50637441  0.83145623  1.30126922
1    1.50637441  0.00000000  0.79734238  0.39815560
3    0.83145623  0.79734238  0.00000000  0.73810604
4    1.30126922  0.39815560  0.73810604  0.00000000

--------------------------------------------------------------------------------
n=4
(result of R-step: (1,3:4)0.48704921)
V=[0, 1, 2, 3]
total successes of this branch: 0
reason of abort: negative delta/dxy

--------------------------------------------------------------------------------
n=4
(result of R-step: (2,4:1)0.73875951)
V=[0, 2, 3, 4]
total successes of this branch: 0
reason of abort: negative delta/dxy

--------------------------------------------------------------------------------
n=4
(result of R-step: (3,4:0)0.89235473)
V=[1, 2, 3, 4]
total successes of this branch: 0
reason of abort: negative delta/dxy

--------------------------------------------------------------------------------
n=4
(result of R-step: (3,4:2)0.01963350)
V=[0, 1, 3, 4]
total successes of this branch: 0
reason of abort: negative delta/dxy
