n=6
V=[0, 1, 2, 3, 4, 5]
total successes of this branch: 2
Matrix on 6 elements:

0    0.00000000  1.20835355  1.14856069  0.85322546  0.77641220  1.20467767
1    1.20835355  0.00000000  1.08159275  1.13161870  0.82479559  0.11697995
2    1.14856069  1.08159275  0.00000000  0.69554578  1.11706332  1.01840690
3    0.85322546  1.13161870  0.69554578  0.00000000  0.98416358  1.10481030
4    0.77641220  0.82479559  1.11706332  0.98416358  0.00000000  0.84276330
5    1.20467767  0.11697995  1.01840690  1.10481030  0.84276330  0.00000000

--------------------------------------------------------------------------------
n=5
(result of R-step: (1,2:5)0.93852313)
V=[0, 1, 2, 3, 4]
total successes of this branch: 2
Matrix on 5 elements:

0    0.00000000  1.18145649  1.12166364  0.85322546  0.77641220
1    1.18145649  0.00000000  1.02779865  1.10472165  0.79789854
2    1.12166364  1.02779865  0.00000000  0.66864873  1.09016627
3    0.85322546  1.10472165  0.66864873  0.00000000  0.98416358
4    0.77641220  0.79789854  1.09016627  0.98416358  0.00000000

--------------------------------------------------------------------------------
n=4
(result of R-step: (0,2:3)0.39135865)
V=[0, 1, 2, 4]
total successes of this branch: 1
Matrix on 4 elements:

0    0.00000000  0.98502937  0.75034840  0.57998508
1    0.98502937  0.00000000  0.85291052  0.79789854
2    0.75034840  0.85291052  0.00000000  0.91527814
4    0.57998508  0.79789854  0.91527814  0.00000000

--------------------------------------------------------------------------------
n=4
(result of R-step: (1,2:0)0.68420017)
V=[1, 2, 3, 4]
total successes of this branch: 0
reason of abort: negative delta/dxy

--------------------------------------------------------------------------------
n=4
(result of R-step: (2,4:0)0.94331127)
V=[1, 2, 3, 4]
total successes of this branch: 0
reason of abort: negative delta/dxy

--------------------------------------------------------------------------------
n=4
(result of R-step: (3,4:0)0.48337351)
V=[1, 2, 3, 4]
total successes of this branch: 1
Matrix on 4 elements:

1    0.00000000  1.02779865  0.99142138  0.73455896
2    1.02779865  0.00000000  0.55534846  1.02682669
3    0.99142138  0.55534846  0.00000000  0.80752373
4    0.73455896  1.02682669  0.80752373  0.00000000
