n=6
V=[0, 1, 2, 3, 4, 5]
total successes of this branch: 3
Matrix on 6 elements:

0    0.00000000  2.55589377  2.35447845  2.14824883  2.31783746  2.38955814
1    2.55589377  0.00000000  2.55564046  2.55575147  1.03791910  2.15194211
2    2.35447845  2.55564046  0.00000000  2.09010972  2.52836994  0.64144365
3    2.14824883  2.55575147  2.09010972  0.00000000  2.50050838  2.17120865
4    2.31783746  1.03791910  2.52836994  2.50050838  0.00000000  2.26878419
5    2.38955814  2.15194211  0.64144365  2.17120865  2.26878419  0.00000000

--------------------------------------------------------------------------------
n=5
(result of R-step: (1,2:5)0.17416592)
V=[0, 1, 2, 3, 4]
total successes of this branch: 3
Matrix on 5 elements:

0    0.00000000  2.43702112  2.23560580  2.14824883  2.31783746
1    2.43702112  0.00000000  2.31789517  2.43687882  0.91904646
2    2.23560580  2.31789517  0.00000000  1.97123707  2.40949729
3    2.14824883  2.43687882  1.97123707  0.00000000  2.50050838
4    2.31783746  0.91904646  2.40949729  2.50050838  0.00000000

--------------------------------------------------------------------------------
n=4
(result of R-step: (0,1:4)0.13556498)
V=[0, 1, 2, 3]
total successes of this branch: 1
Matrix on 4 elements:

0    0.00000000  1.75603098  1.83567441  1.74831743
1    1.75603098  0.00000000  2.03683642  2.15582007
2    1.83567441  2.03683642  0.00000000  1.97123707
3    1.74831743  2.15582007  1.97123707  0.00000000

--------------------------------------------------------------------------------
n=4
(result of R-step: (0,2:3)0.13270612)
V=[0, 1, 2, 4]
total successes of this branch: 1
Matrix on 4 elements:

0    0.00000000  2.03708973  0.92976257  1.91790606
1    2.03708973  0.00000000  1.41198333  0.91904646
2    0.92976257  1.41198333  0.00000000  1.50358545
4    1.91790606  0.91904646  1.50358545  0.00000000

--------------------------------------------------------------------------------
n=4
(result of R-step: (1,2:0)0.13735116)
V=[1, 2, 3, 4]
total successes of this branch: 0
Matrix on 4 elements:

1    0.00000000  0.09112482  1.25583229 -0.26200007
2    0.09112482  0.00000000  0.92551325  1.36377347
3    1.25583229  0.92551325  0.00000000  2.50050838
4   -0.26200007  1.36377347  2.50050838  0.00000000
reason of abort: no pseudometric

--------------------------------------------------------------------------------
n=4
(result of R-step: (1,3:0)0.23185261)
V=[1, 2, 3, 4]
total successes of this branch: 0
Matrix on 4 elements:

1    0.00000000  1.49594224  0.70412610  0.09709352
2    1.49594224  0.00000000  1.06043728  2.40949729
3    0.70412610  1.06043728  0.00000000  1.58970859
4    0.09709352  2.40949729  1.58970859  0.00000000
reason of abort: no pseudometric

--------------------------------------------------------------------------------
n=4
(result of R-step: (1,3:2)0.09537205)
V=[0, 1, 3, 4]
total successes of this branch: 1
Matrix on 4 elements:

0    0.00000000  2.15596237  1.22023706  2.31783746
1    2.15596237  0.00000000  1.22780830  0.63798771
3    1.22023706  1.22780830  0.00000000  1.57249661
4    2.31783746  0.63798771  1.57249661  0.00000000

--------------------------------------------------------------------------------
n=4
(result of R-step: (2,4:0)0.96997811)
V=[1, 2, 3, 4]
total successes of this branch: 0
reason of abort: negative delta/dxy

--------------------------------------------------------------------------------
n=4
(result of R-step: (2,4:1)0.40894185)
V=[0, 2, 3, 4]
total successes of this branch: 0
reason of abort: negative delta/dxy

--------------------------------------------------------------------------------
n=4
(result of R-step: (3,4:0)0.86492131)
V=[1, 2, 3, 4]
total successes of this branch: 0
reason of abort: negative delta/dxy

--------------------------------------------------------------------------------
n=4
(result of R-step: (3,4:1)0.78454810)
V=[0, 2, 3, 4]
total successes of this branch: 0
reason of abort: negative delta/dxy

--------------------------------------------------------------------------------
n=4
(result of R-step: (3,4:2)0.87771835)
V=[0, 1, 3, 4]
total successes of this branch: 0
Matrix on 4 elements:

0    0.00000000  2.43702112  1.23744904  1.71212185
1    2.43702112  0.00000000  1.52607903  0.31333085
3    1.23744904  1.52607903  0.00000000  0.98399298
4    1.71212185  0.31333085  0.98399298  0.00000000
reason of abort: no pseudometric
