n=6
V=[0, 1, 2, 3, 4, 5]
total successes of this branch: 2
Matrix on 6 elements:

0    0.00000000  2.73859976  2.69626830  2.31443002  2.51254564  2.66727253
1    2.73859976  0.00000000  2.42799211  2.53406032  2.47902715  2.43604664
2    2.69626830  2.42799211  0.00000000  1.95994033  1.54002158  0.90731182
3    2.31443002  2.53406032  1.95994033  0.00000000  1.57052838  1.89848196
4    2.51254564  2.47902715  1.54002158  1.57052838  0.00000000  1.42145201
5    2.66727253  2.43604664  0.90731182  1.89848196  1.42145201  0.00000000

--------------------------------------------------------------------------------
n=5
(result of R-step: (1,3:0)0.46700124)
V=[1, 2, 3, 4, 5]
total successes of this branch: 2
Matrix on 5 elements:

1    0.00000000  1.49630128  1.02706467  1.54733632  1.50435581
2    1.49630128  0.00000000  1.38463552  1.54002158  0.90731182
3    1.02706467  1.38463552  0.00000000  0.99522357  1.32317714
4    1.54733632  1.54002158  0.99522357  0.00000000  1.42145201
5    1.50435581  0.90731182  1.32317714  1.42145201  0.00000000

--------------------------------------------------------------------------------
n=4
(result of R-step: (2,3:1)0.38612287)
V=[2, 3, 4, 5]
total successes of this branch: 1
Matrix on 4 elements:

2    0.00000000  0.86754322  1.14565046  0.51294070
3    0.86754322  0.00000000  0.87250239  1.20045596
4    1.14565046  0.87250239  0.00000000  1.42145201
5    0.51294070  1.20045596  1.42145201  0.00000000

--------------------------------------------------------------------------------
n=4
(result of R-step: (2,4:5)0.84217644)
V=[1, 2, 3, 4]
total successes of this branch: 1
Matrix on 4 elements:

1    0.00000000  1.10193015  1.02706467  1.15296520
2    1.10193015  0.00000000  0.99026440  0.75127934
3    1.02706467  0.99026440  0.00000000  0.60085244
4    1.15296520  0.75127934  0.60085244  0.00000000

--------------------------------------------------------------------------------
n=4
(result of R-step: (3,5:1)0.51253837)
V=[2, 3, 4, 5]
total successes of this branch: 0
Matrix on 4 elements:

2    0.00000000  1.34783453  1.54002158  0.41308419
3    1.34783453  0.00000000  0.95842257  0.79214852
4    1.54002158  0.95842257  0.00000000  0.92722438
5    0.41308419  0.79214852  0.92722438  0.00000000
reason of abort: no pseudometric

--------------------------------------------------------------------------------
n=4
(result of R-step: (4,5:1)0.92134455)
V=[2, 3, 4, 5]
total successes of this branch: 0
reason of abort: negative delta/dxy
