n=6
V=[0, 1, 2, 3, 4, 5]
total successes of this branch: 2
Matrix on 6 elements:

0    0.00000000  1.70860133  1.23180699  1.17940509  0.94211984  1.36175023
1    1.70860133  0.00000000  1.45133053  1.48765209  1.62909780  0.90689803
2    1.23180699  1.45133053  0.00000000  0.91303869  1.11710552  1.38503678
3    1.17940509  1.48765209  0.91303869  0.00000000  1.04603227  1.39456480
4    0.94211984  1.62909780  1.11710552  1.04603227  0.00000000  1.42163783
5    1.36175023  0.90689803  1.38503678  1.39456480  1.42163783  0.00000000

--------------------------------------------------------------------------------
n=5
(result of R-step: (0,1:5)0.30198927)
V=[0, 1, 2, 3, 4]
total successes of this branch: 2
Matrix on 5 elements:

0    0.00000000  1.14855440  0.95178353  0.89938162  0.66209637
1    1.14855440  0.00000000  1.17130707  1.20762863  1.34907434
2    0.95178353  1.17130707  0.00000000  0.91303869  1.11710552
3    0.89938162  1.20762863  0.91303869  0.00000000  1.04603227
4    0.66209637  1.34907434  1.11710552  1.04603227  0.00000000

--------------------------------------------------------------------------------
n=4
(result of R-step: (0,3:4)0.64017290)
V=[0, 1, 2, 3]
total successes of this branch: 1
Matrix on 4 elements:

0    0.00000000  1.02420435  0.82743348  0.37065807
1    1.02420435  0.00000000  1.17130707  0.80325512
2    0.82743348  1.17130707  0.00000000  0.50866518
3    0.37065807  0.80325512  0.50866518  0.00000000

--------------------------------------------------------------------------------
n=4
(result of R-step: (1,4:0)0.17385705)
V=[1, 2, 3, 4]
total successes of this branch: 1
Matrix on 4 elements:

1    0.00000000  0.57089582  0.60721738  0.38414046
2    0.57089582  0.00000000  0.91303869  0.75258289
3    0.60721738  0.91303869  0.00000000  0.68150964
4    0.38414046  0.75258289  0.68150964  0.00000000
