n=6
V=[0, 1, 2, 3, 4, 5]
total successes of this branch: 2
Matrix on 6 elements:

0    0.00000000  1.71250207  1.70586709  1.10360727  1.55465924  1.01894959
1    1.71250207  0.00000000  1.57249576  1.37132297  1.58957063  1.40111326
2    1.70586709  1.57249576  0.00000000  1.65797238  0.61723788  1.66215434
3    1.10360727  1.37132297  1.65797238  0.00000000  1.59036321  0.21870652
4    1.55465924  1.58957063  0.61723788  1.59036321  0.00000000  1.58724569
5    1.01894959  1.40111326  1.66215434  0.21870652  1.58724569  0.00000000

--------------------------------------------------------------------------------
n=5
(result of R-step: (1,4:2)0.22181596)
V=[0, 1, 3, 4, 5]
total successes of this branch: 2
Matrix on 5 elements:

0    0.00000000  1.21812495  1.10360727  1.45927694  1.01894959
1    1.21812495  0.00000000  0.87694585  0.99981121  0.90673614
3    1.10360727  0.87694585  0.00000000  1.49498091  0.21870652
4    1.45927694  0.99981121  1.49498091  0.00000000  1.49186340
5    1.01894959  0.90673614  0.21870652  1.49186340  0.00000000

--------------------------------------------------------------------------------
n=4
(result of R-step: (0,1:4)0.28753512)
V=[0, 1, 3, 5]
total successes of this branch: 1
Matrix on 4 elements:

0    0.00000000  1.08324065  1.03658285  0.95192517
1    1.08324065  0.00000000  0.80908597  0.83887627
3    1.03658285  0.80908597  0.00000000  0.21870652
5    0.95192517  0.83887627  0.21870652  0.00000000

--------------------------------------------------------------------------------
n=4
(result of R-step: (1,3:0)0.70651413)
V=[1, 3, 4, 5]
total successes of this branch: 0
Matrix on 4 elements:

1    0.00000000  0.12989915  0.54220301  0.44912795
3    0.12989915  0.00000000  1.20554241 -0.07073198
4    0.54220301  1.20554241  0.00000000  1.49186340
5    0.44912795 -0.07073198  1.49186340  0.00000000
reason of abort: no pseudometric

--------------------------------------------------------------------------------
n=4
(result of R-step: (1,5:0)0.79761278)
V=[1, 3, 4, 5]
total successes of this branch: 0
reason of abort: negative delta/dxy

--------------------------------------------------------------------------------
n=4
(result of R-step: (3,4:0)0.60091511)
V=[1, 3, 4, 5]
total successes of this branch: 0
Matrix on 4 elements:

1    0.00000000  0.69818717  0.66307216  0.90673614
3    0.69818717  0.00000000  0.97948319  0.03994784
4    0.66307216  0.97948319  0.00000000  1.15512435
5    0.90673614  0.03994784  1.15512435  0.00000000
reason of abort: no pseudometric

--------------------------------------------------------------------------------
n=4
(result of R-step: (4,5:0)0.48471287)
V=[1, 3, 4, 5]
total successes of this branch: 1
Matrix on 4 elements:

1    0.00000000  0.87694585  0.56216571  0.87806274
3    0.87694585  0.00000000  1.05733542  0.19003312
4    0.56216571  1.05733542  0.00000000  1.02554449
5    0.87806274  0.19003312  1.02554449  0.00000000
