n=6
V=[0, 1, 2, 3, 4, 5]
total successes of this branch: 1
Matrix on 6 elements:

0    0.00000000  1.41105341  1.32899335  1.40106756  1.34842018  1.30454047
1    1.41105341  0.00000000  1.30985459  0.98482169  1.22224545  1.31188097
2    1.32899335  1.30985459  0.00000000  1.26482141  0.67688161  0.13225777
3    1.40106756  0.98482169  1.26482141  0.00000000  1.04787219  1.26754958
4    1.34842018  1.22224545  0.67688161  1.04787219  0.00000000  0.69032839
5    1.30454047  1.31188097  0.13225777  1.26754958  0.69032839  0.00000000

--------------------------------------------------------------------------------
n=5
(result of R-step: (0,2:5)0.02002383)
V=[0, 1, 2, 3, 4]
total successes of this branch: 1
Matrix on 5 elements:

0    0.00000000  1.35715096  1.22118845  1.34716511  1.29451773
1    1.35715096  0.00000000  1.25595214  0.98482169  1.22224545
2    1.22118845  1.25595214  0.00000000  1.21091896  0.62297917
3    1.34716511  0.98482169  1.21091896  0.00000000  1.04787219
4    1.29451773  1.22224545  0.62297917  1.04787219  0.00000000

--------------------------------------------------------------------------------
n=4
(result of R-step: (0,3:1)0.54717929)
V=[0, 2, 3, 4]
total successes of this branch: 1
Matrix on 4 elements:

0    0.00000000  0.57449660  0.47050706  0.64782588
2    0.57449660  0.00000000  0.98095276  0.62297917
3    0.47050706  0.98095276  0.00000000  0.81790599
4    0.64782588  0.62297917  0.81790599  0.00000000

--------------------------------------------------------------------------------
n=4
(result of R-step: (1,2:3)0.64518440)
V=[0, 1, 2, 4]
total successes of this branch: 0
Matrix on 4 elements:

0    0.00000000  0.96894062  0.71058172  1.29451773
1    0.96894062  0.00000000  0.35713507  0.83403511
2    0.71058172  0.35713507  0.00000000  0.11237244
4    1.29451773  0.83403511  0.11237244  0.00000000
reason of abort: no pseudometric

--------------------------------------------------------------------------------
n=4
(result of R-step: (1,4:3)0.93855009)
V=[0, 1, 2, 4]
total successes of this branch: 0
reason of abort: negative delta/dxy
