n=6
V=[0, 1, 2, 3, 4, 5]
total successes of this branch: 2
Matrix on 6 elements:

0    0.00000000  1.40555835  1.24717604  1.02650536  0.75383548  1.12345971
1    1.40555835  0.00000000  1.16619579  1.31106369  1.36454196  1.24741421
2    1.24717604  1.16619579  0.00000000  1.10323661  1.18469764  0.83650241
3    1.02650536  1.31106369  1.10323661  0.00000000  0.81737494  0.76287669
4    0.75383548  1.36454196  1.18469764  0.81737494  0.00000000  0.97876264
5    1.12345971  1.24741421  0.83650241  0.76287669  0.97876264  0.00000000

--------------------------------------------------------------------------------
n=5
(result of R-step: (2,3:5)0.43936218)
V=[0, 1, 2, 3, 4]
total successes of this branch: 2
Matrix on 5 elements:

0    0.00000000  1.40555835  0.99910479  0.77843411  0.75383548
1    1.40555835  0.00000000  0.91812454  1.06299244  1.36454196
2    0.99910479  0.91812454  0.00000000  0.60709411  0.93662639
3    0.77843411  1.06299244  0.60709411  0.00000000  0.56930369
4    0.75383548  1.36454196  0.93662639  0.56930369  0.00000000

--------------------------------------------------------------------------------
n=4
(result of R-step: (0,3:4)0.56593963)
V=[0, 1, 2, 3]
total successes of this branch: 1
Matrix on 4 elements:

0    0.00000000  1.13320582  0.72675226  0.48180030
1    1.13320582  0.00000000  0.91812454  1.03871116
2    0.72675226  0.91812454  0.00000000  0.58281283
3    0.48180030  1.03871116  0.58281283  0.00000000

--------------------------------------------------------------------------------
n=4
(result of R-step: (1,3:2)0.87233657)
V=[0, 1, 3, 4]
total successes of this branch: 1
Matrix on 4 elements:

0    0.00000000  0.77001695  0.75415283  0.75383548
1    0.77001695  0.00000000  0.40316976  0.72900056
3    0.75415283  0.40316976  0.00000000  0.54502241
4    0.75383548  0.72900056  0.54502241  0.00000000
