n=6
V=[0, 1, 2, 3, 4, 5]
total successes of this branch: 3
Matrix on 6 elements:

0    0.00000000  1.06080287  1.01023012  0.99272537  1.04504446  1.02537723
1    1.06080287  0.00000000  1.01772312  0.94974145  0.56273928  0.77787020
2    1.01023012  1.01772312  0.00000000  1.01487558  1.01706398  0.45676162
3    0.99272537  0.94974145  1.01487558  0.00000000  0.83317713  0.99536718
4    1.04504446  0.56273928  1.01706398  0.83317713  0.00000000  0.88098862
5    1.02537723  0.77787020  0.45676162  0.99536718  0.88098862  0.00000000

--------------------------------------------------------------------------------
n=5
(result of R-step: (0,4:3)0.77083091)
V=[0, 1, 2, 4, 5]
total successes of this branch: 3
Matrix on 5 elements:

0    0.00000000  0.57421488  0.52364213  0.50490388  0.53878924
1    0.57421488  0.00000000  1.01772312  0.50918669  0.77787020
2    0.52364213  1.01772312  0.00000000  0.96351139  0.45676162
4    0.50490388  0.50918669  0.96351139  0.00000000  0.82743604
5    0.53878924  0.77787020  0.45676162  0.82743604  0.00000000

--------------------------------------------------------------------------------
n=4
(result of R-step: (0,1:4)0.40697080)
V=[0, 1, 2, 5]
total successes of this branch: 1
Matrix on 4 elements:

0    0.00000000  0.44424439  0.50212599  0.51727310
1    0.44424439  0.00000000  0.90926877  0.66941585
2    0.50212599  0.90926877  0.00000000  0.45676162
5    0.51727310  0.66941585  0.45676162  0.00000000

--------------------------------------------------------------------------------
n=4
(result of R-step: (0,5:2)0.87298391)
V=[0, 1, 4, 5]
total successes of this branch: 0
reason of abort: negative delta/dxy

--------------------------------------------------------------------------------
n=4
(result of R-step: (1,2:0)0.69720392)
V=[1, 2, 4, 5]
total successes of this branch: 0
reason of abort: negative delta/dxy

--------------------------------------------------------------------------------
n=4
(result of R-step: (1,2:5)0.29951124)
V=[0, 1, 2, 4]
total successes of this branch: 1
Matrix on 4 elements:

0    0.00000000  0.46576053  0.41518778  0.50490388
1    0.46576053  0.00000000  0.80081442  0.40073234
2    0.41518778  0.80081442  0.00000000  0.85505704
4    0.50490388  0.40073234  0.85505704  0.00000000

--------------------------------------------------------------------------------
n=4
(result of R-step: (1,5:0)0.44291158)
V=[1, 2, 4, 5]
total successes of this branch: 0
Matrix on 4 elements:

1    0.00000000  0.65371341  0.14517697  0.07653760
2    0.65371341  0.00000000  0.96351139  0.11943873
4    0.14517697  0.96351139  0.00000000  0.49011315
5    0.07653760  0.11943873  0.49011315  0.00000000
reason of abort: no pseudometric

--------------------------------------------------------------------------------
n=4
(result of R-step: (2,4:0)0.40226414)
V=[1, 2, 4, 5]
total successes of this branch: 1
Matrix on 4 elements:

1    0.00000000  0.90926877  0.29432960  0.77787020
2    0.90926877  0.00000000  0.64019995  0.34830727
4    0.29432960  0.64019995  0.00000000  0.61257894
5    0.77787020  0.34830727  0.61257894  0.00000000

--------------------------------------------------------------------------------
n=4
(result of R-step: (2,4:1)0.30527214)
V=[0, 2, 4, 5]
total successes of this branch: 0
Matrix on 4 elements:

0    0.00000000  0.05724815  0.39589518  0.53878924
2    0.05724815  0.00000000  0.38810870 -0.00963236
4    0.39589518  0.38810870  0.00000000  0.71842733
5    0.53878924 -0.00963236  0.71842733  0.00000000
reason of abort: no pseudometric

--------------------------------------------------------------------------------
n=4
(result of R-step: (2,4:5)0.47937735)
V=[0, 1, 2, 4]
total successes of this branch: 0
reason of abort: negative delta/dxy

--------------------------------------------------------------------------------
n=4
(result of R-step: (4,5:0)0.34888344)
V=[1, 2, 4, 5]
total successes of this branch: 0
Matrix on 4 elements:

1    0.00000000  1.01772312  0.40017798  0.50140158
2    1.01772312  0.00000000  0.85450269  0.18029300
4    0.40017798  0.85450269  0.00000000  0.44195871
5    0.50140158  0.18029300  0.44195871  0.00000000
reason of abort: no pseudometric

--------------------------------------------------------------------------------
n=4
(result of R-step: (4,5:1)0.97207124)
V=[0, 2, 4, 5]
total successes of this branch: 0
reason of abort: negative delta/dxy
