n=6
V=[0, 1, 2, 3, 4, 5]
total successes of this branch: 2
Matrix on 6 elements:

0    0.00000000  1.41730233  1.39087717  1.38661231  1.38765930  1.38714035
1    1.41730233  0.00000000  1.12879481  1.13227537  1.13142092  1.13184444
2    1.39087717  1.12879481  0.00000000  1.04162359  1.03137076  1.03645269
3    1.38661231  1.13227537  1.04162359  0.00000000  1.01011206  0.57027293
4    1.38765930  1.13142092  1.03137076  1.01011206  0.00000000  0.56257283
5    1.38714035  1.13184444  1.03645269  0.57027293  0.56257283  0.00000000

--------------------------------------------------------------------------------
n=5
(result of R-step: (3,4:5)0.49566132)
V=[0, 1, 2, 3, 4]
total successes of this branch: 2
Matrix on 5 elements:

0    0.00000000  1.41730233  1.39087717  1.32524546  1.32629245
1    1.41730233  0.00000000  1.12879481  1.07090852  1.07005407
2    1.39087717  1.12879481  0.00000000  0.98025674  0.97000391
3    1.32524546  1.07090852  0.98025674  0.00000000  0.88737837
4    1.32629245  1.07005407  0.97000391  0.88737837  0.00000000

--------------------------------------------------------------------------------
n=4
(result of R-step: (1,3:0)0.82881116)
V=[1, 2, 3, 4]
total successes of this branch: 1
Matrix on 4 elements:

1    0.00000000  0.55781774  0.06136870  0.49907701
2    0.55781774  0.00000000  0.54169398  0.97000391
3    0.06136870  0.54169398  0.00000000  0.44881560
4    0.49907701  0.97000391  0.44881560  0.00000000

--------------------------------------------------------------------------------
n=4
(result of R-step: (1,4:0)0.68691756)
V=[1, 2, 3, 4]
total successes of this branch: 0
Matrix on 4 elements:

1    0.00000000  0.56796318  0.51007690  0.06292384
2    0.56796318  0.00000000  0.98025674  0.52370530
3    0.51007690  0.98025674  0.00000000  0.44107976
4    0.06292384  0.52370530  0.44107976  0.00000000
reason of abort: no pseudometric

--------------------------------------------------------------------------------
n=4
(result of R-step: (2,3:4)0.24549247)
V=[0, 1, 2, 3]
total successes of this branch: 1
Matrix on 4 elements:

0    0.00000000  1.41730233  0.89094756  0.88668269
1    1.41730233  0.00000000  0.62886519  0.63234576
2    0.89094756  0.62886519  0.00000000  0.04176437
3    0.88668269  0.63234576  0.04176437  0.00000000
