n=6
V=[0, 1, 2, 3, 4, 5]
total successes of this branch: 2
Matrix on 6 elements:

0    0.00000000  3.05937598  2.74349961  1.87078238  2.88630692  1.20518688
1    3.05937598  0.00000000  2.99769022  3.03253347  2.03128372  2.47159545
2    2.74349961  2.99769022  0.00000000  2.07117684  1.82649621  2.80468313
3    1.87078238  3.03253347  2.07117684  0.00000000  2.50580496  2.15041512
4    2.88630692  2.03128372  1.82649621  2.50580496  0.00000000  2.68050338
5    1.20518688  2.47159545  2.80468313  2.15041512  2.68050338  0.00000000

--------------------------------------------------------------------------------
n=5
(result of R-step: (0,1:5)0.75930064)
V=[0, 1, 2, 3, 4]
total successes of this branch: 2
Matrix on 5 elements:

0    0.00000000  2.44196962  2.43479643  1.56207920  2.57760374
1    2.44196962  0.00000000  2.68898704  2.72383029  1.72258054
2    2.43479643  2.68898704  0.00000000  2.07117684  1.82649621
3    1.56207920  2.72383029  2.07117684  0.00000000  2.50580496
4    2.57760374  1.72258054  1.82649621  2.50580496  0.00000000

--------------------------------------------------------------------------------
n=4
(result of R-step: (0,4:1)0.41524144)
V=[0, 2, 3, 4]
total successes of this branch: 1
Matrix on 4 elements:

0    0.00000000  2.04370542  1.17098819  2.15029839
2    2.04370542  0.00000000  2.07117684  1.79028187
3    1.17098819  2.07117684  0.00000000  2.46959063
4    2.15029839  1.79028187  2.46959063  0.00000000

--------------------------------------------------------------------------------
n=4
(result of R-step: (1,3:0)0.20828951)
V=[1, 2, 3, 4]
total successes of this branch: 1
Matrix on 4 elements:

1    0.00000000  2.56764536  2.12264294  1.60123887
2    2.56764536  0.00000000  1.59133116  1.82649621
3    2.12264294  1.59133116  0.00000000  2.02595928
4    1.60123887  1.82649621  2.02595928  0.00000000

--------------------------------------------------------------------------------
n=4
(result of R-step: (3,4:0)0.14683239)
V=[1, 2, 3, 4]
total successes of this branch: 0
reason of abort: negative delta/dxy

--------------------------------------------------------------------------------
n=4
(result of R-step: (3,4:1)0.79203369)
V=[0, 2, 3, 4]
total successes of this branch: 0
reason of abort: negative delta/dxy
