n=6
V=[0, 1, 2, 3, 4, 5]
total successes of this branch: 3
Matrix on 6 elements:

0    0.00000000  2.39013111  2.38428943  2.27260213  1.43645632  1.16607700
1    2.39013111  0.00000000  2.37408476  2.37557299  2.38660559  1.46357392
2    2.38428943  2.37408476  0.00000000  1.29174281  2.11970891  2.37989291
3    2.27260213  2.37557299  1.29174281  0.00000000  2.00540774  2.31696551
4    1.43645632  2.38660559  2.11970891  2.00540774  0.00000000  1.84581325
5    1.16607700  1.46357392  2.37989291  2.31696551  1.84581325  0.00000000

--------------------------------------------------------------------------------
n=5
(result of R-step: (0,1:5)0.56916567)
V=[0, 1, 2, 3, 4]
total successes of this branch: 3
Matrix on 5 elements:

0    0.00000000  2.15061130  2.26452952  2.15284222  1.31669641
1    2.15061130  0.00000000  2.25432486  2.25581308  2.26684568
2    2.26452952  2.25432486  0.00000000  1.29174281  2.11970891
3    2.15284222  2.25581308  1.29174281  0.00000000  2.00540774
4    1.31669641  2.26684568  2.11970891  2.00540774  0.00000000

--------------------------------------------------------------------------------
n=4
(result of R-step: (0,2:1)0.49091259)
V=[0, 2, 3, 4]
total successes of this branch: 1
Matrix on 4 elements:

0    0.00000000  1.20909871  1.68797116  0.85182535
2    1.20909871  0.00000000  0.70118306  1.52914915
3    1.68797116  0.70118306  0.00000000  2.00540774
4    0.85182535  1.52914915  2.00540774  0.00000000

--------------------------------------------------------------------------------
n=4
(result of R-step: (0,2:3)0.16557925)
V=[0, 1, 2, 4]
total successes of this branch: 0
Matrix on 4 elements:

0    0.00000000  1.41195968  0.98770656  0.57804480
1    1.41195968  0.00000000  1.71615351  2.26684568
2    0.98770656  1.71615351  0.00000000  1.58153756
4    0.57804480  2.26684568  1.58153756  0.00000000
reason of abort: no pseudometric

--------------------------------------------------------------------------------
n=4
(result of R-step: (0,2:4)0.72671504)
V=[0, 1, 2, 3]
total successes of this branch: 0
Matrix on 4 elements:

0    0.00000000  1.73095332  1.13837418  1.73318424
1    1.73095332  0.00000000  1.54782749  2.25581308
2    1.13837418  1.54782749  0.00000000  0.58524545
3    1.73318424  2.25581308  0.58524545  0.00000000
reason of abort: no pseudometric

--------------------------------------------------------------------------------
n=4
(result of R-step: (0,3:1)0.42199514)
V=[0, 2, 3, 4]
total successes of this branch: 0
Matrix on 4 elements:

0    0.00000000  1.84487154  1.04525460  0.89703843
2    1.84487154  0.00000000  0.60381318  2.11970891
3    1.04525460  0.60381318  0.00000000  1.31747810
4    0.89703843  2.11970891  1.31747810  0.00000000
reason of abort: no pseudometric

--------------------------------------------------------------------------------
n=4
(result of R-step: (0,3:4)0.75783137)
V=[0, 1, 2, 3]
total successes of this branch: 1
Matrix on 4 elements:

0    0.00000000  1.68574024  1.79965846  1.10334020
1    1.68574024  0.00000000  2.25432486  1.67118212
2    1.79965846  2.25432486  0.00000000  0.70711185
3    1.10334020  1.67118212  0.70711185  0.00000000

--------------------------------------------------------------------------------
n=4
(result of R-step: (1,3:2)0.00991345)
V=[0, 1, 3, 4]
total successes of this branch: 0
reason of abort: negative delta/dxy

--------------------------------------------------------------------------------
n=4
(result of R-step: (1,4:0)0.02257433)
V=[1, 2, 3, 4]
total successes of this branch: 0
reason of abort: negative delta/dxy

--------------------------------------------------------------------------------
n=4
(result of R-step: (2,4:1)0.35119484)
V=[0, 2, 3, 4]
total successes of this branch: 0
Matrix on 4 elements:

0    0.00000000  1.72635818  2.15284222  0.52957716
2    1.72635818  0.00000000  0.75357147  0.79441831
3    2.15284222  0.75357147  0.00000000  1.21828849
4    0.52957716  0.79441831  1.21828849  0.00000000
reason of abort: no pseudometric

--------------------------------------------------------------------------------
n=4
(result of R-step: (2,4:3)0.88215227)
V=[0, 1, 2, 4]
total successes of this branch: 1
Matrix on 4 elements:

0    0.00000000  2.15061130  1.67396977  0.74184854
1    2.15061130  0.00000000  1.66376510  1.69199781
2    1.67396977  1.66376510  0.00000000  0.95430127
4    0.74184854  1.69199781  0.95430127  0.00000000

--------------------------------------------------------------------------------
n=4
(result of R-step: (3,4:1)0.42022351)
V=[0, 2, 3, 4]
total successes of this branch: 0
Matrix on 4 elements:

0    0.00000000  2.26452952  1.42635020  0.50467708
2    2.26452952  0.00000000  0.56525079  1.30768957
3    1.42635020  0.56525079  0.00000000  0.46689637
4    0.50467708  1.30768957  0.46689637  0.00000000
reason of abort: no pseudometric
