n=6
V=[0, 1, 2, 3, 4, 5]
total successes of this branch: 1
Matrix on 6 elements:

0    0.00000000  1.75762467  1.52859710  1.75254648  1.58507678  1.48305133
1    1.75762467  0.00000000  1.60590625  1.36921679  1.45651343  1.61103560
2    1.52859710  1.60590625  0.00000000  1.60490852  1.14950469  0.22696889
3    1.75254648  1.36921679  1.60490852  0.00000000  1.54678542  1.60989992
4    1.58507678  1.45651343  1.14950469  1.54678542  0.00000000  1.16423068
5    1.48305133  1.61103560  0.22696889  1.60989992  1.16423068  0.00000000

--------------------------------------------------------------------------------
n=5
(result of R-step: (0,2:5)0.03380838)
V=[0, 1, 2, 3, 4]
total successes of this branch: 1
Matrix on 5 elements:

0    0.00000000  1.66691310  1.34717397  1.66183492  1.49436522
1    1.66691310  0.00000000  1.51519468  1.36921679  1.45651343
2    1.34717397  1.51519468  0.00000000  1.51419696  1.05879313
3    1.66183492  1.36921679  1.51419696  0.00000000  1.54678542
4    1.49436522  1.45651343  1.05879313  1.54678542  0.00000000

--------------------------------------------------------------------------------
n=4
(result of R-step: (1,2:4)0.24660648)
V=[0, 1, 2, 3]
total successes of this branch: 1
Matrix on 4 elements:

0    0.00000000  1.16685717  0.93782960  1.66183492
1    1.16685717  0.00000000  0.60579437  0.86916085
2    0.93782960  0.60579437  0.00000000  1.10485258
3    1.66183492  0.86916085  1.10485258  0.00000000

--------------------------------------------------------------------------------
n=4
(result of R-step: (2,3:1)0.55010347)
V=[0, 2, 3, 4]
total successes of this branch: 0
Matrix on 4 elements:

0    0.00000000  0.75111478  1.26387950  1.49436522
2    0.75111478  0.00000000  0.52018235  0.46273394
3    1.26387950  0.52018235  0.00000000  1.14883000
4    1.49436522  0.46273394  1.14883000  0.00000000
reason of abort: no pseudometric

--------------------------------------------------------------------------------
n=4
(result of R-step: (2,3:4)0.55307177)
V=[0, 1, 2, 3]
total successes of this branch: 0
Matrix on 4 elements:

0    0.00000000  1.66691310  1.00771045  0.87561759
1    1.66691310  0.00000000  1.17573116  0.58299947
2    1.00771045  1.17573116  0.00000000  0.38851611
3    0.87561759  0.58299947  0.38851611  0.00000000
reason of abort: no pseudometric

--------------------------------------------------------------------------------
n=4
(result of R-step: (3,4:1)0.98582848)
V=[0, 2, 3, 4]
total successes of this branch: 0
reason of abort: negative delta/dxy
