n=6
V=[0, 1, 2, 3, 4, 5]
total successes of this branch: 1
Matrix on 6 elements:

0    0.00000000  2.34783996  2.13847660  1.60332758  2.27154912  2.31335740
1    2.34783996  0.00000000  1.45762662  1.65296608  1.08674484  0.75927374
2    2.13847660  1.45762662  0.00000000  1.80979147  1.24499909  1.36152150
3    1.60332758  1.65296608  1.80979147  0.00000000  1.71011237  1.67879552
4    2.27154912  1.08674484  1.24499909  1.71011237  0.00000000  0.81665389
5    2.31335740  0.75927374  1.36152150  1.67879552  0.81665389  0.00000000

--------------------------------------------------------------------------------
n=5
(result of R-step: (1,4:5)0.54801187)
V=[0, 1, 2, 3, 4]
total successes of this branch: 1
Matrix on 5 elements:

0    0.00000000  2.10324856  2.13847660  1.60332758  2.02695772
1    2.10324856  0.00000000  1.21303522  1.40837468  0.59756204
2    2.13847660  1.21303522  0.00000000  1.80979147  1.00040769
3    1.60332758  1.40837468  1.80979147  0.00000000  1.46552097
4    2.02695772  0.59756204  1.00040769  1.46552097  0.00000000

--------------------------------------------------------------------------------
n=4
(result of R-step: (0,4:1)0.26970308)
V=[0, 2, 3, 4]
total successes of this branch: 0
Matrix on 4 elements:

0    0.00000000  0.80871660  0.27356758  0.59778716
2    0.80871660  0.00000000  1.80979147  0.90099713
3    0.27356758  1.80979147  0.00000000  1.36611041
4    0.59778716  0.90099713  1.36611041  0.00000000
reason of abort: no pseudometric

--------------------------------------------------------------------------------
n=4
(result of R-step: (1,2:4)0.63560559)
V=[0, 1, 2, 3]
total successes of this branch: 1
Matrix on 4 elements:

0    0.00000000  1.91078130  1.70141795  1.60332758
1    1.91078130  0.00000000  0.58350932  1.21590742
2    1.70141795  0.58350932  0.00000000  1.37273282
3    1.60332758  1.21590742  1.37273282  0.00000000

--------------------------------------------------------------------------------
n=4
(result of R-step: (3,4:1)0.11057190)
V=[0, 2, 3, 4]
total successes of this branch: 0
reason of abort: negative delta/dxy
