n=6
V=[0, 1, 2, 3, 4, 5]
total successes of this branch: 2
Matrix on 6 elements:

0    0.00000000  1.68829570  1.65385526  1.66170113  1.67376765  1.35677710
1    1.68829570  0.00000000  1.67913506  1.27940369  1.37560565  1.68387225
2    1.65385526  1.67913506  0.00000000  1.67759126  1.45768055  1.37645207
3    1.66170113  1.27940369  1.67759126  0.00000000  1.44737156  1.66937409
4    1.67376765  1.37560565  1.45768055  1.44737156  0.00000000  1.56942440
5    1.35677710  1.68387225  1.37645207  1.66937409  1.56942440  0.00000000

--------------------------------------------------------------------------------
n=5
(result of R-step: (0,2:5)0.51712411)
V=[0, 1, 2, 3, 4]
total successes of this branch: 2
Matrix on 5 elements:

0    0.00000000  1.14860874  0.57448136  1.12201417  1.13408070
1    1.14860874  0.00000000  1.13944811  1.27940369  1.37560565
2    0.57448136  1.13944811  0.00000000  1.13790430  0.91799360
3    1.12201417  1.27940369  1.13790430  0.00000000  1.44737156
4    1.13408070  1.37560565  0.91799360  1.44737156  0.00000000

--------------------------------------------------------------------------------
n=4
(result of R-step: (0,4:2)0.74531674)
V=[0, 1, 3, 4]
total successes of this branch: 1
Matrix on 4 elements:

0    0.00000000  0.91204963  0.88545506  0.62322555
1    0.91204963  0.00000000  1.27940369  1.10130962
3    0.88545506  1.27940369  0.00000000  1.17307553
4    0.62322555  1.10130962  1.17307553  0.00000000

--------------------------------------------------------------------------------
n=4
(result of R-step: (3,4:1)0.89201196)
V=[0, 2, 3, 4]
total successes of this branch: 1
Matrix on 4 elements:

0    0.00000000  0.57448136  0.50665620  0.85978467
2    0.57448136  0.00000000  0.52254633  0.64369757
3    0.50665620  0.52254633  0.00000000  0.55771756
4    0.85978467  0.64369757  0.55771756  0.00000000
