n=6
V=[0, 1, 2, 3, 4, 5]
total successes of this branch: 3
Matrix on 6 elements:

0    0.00000000  1.71240967  1.64100657  1.46070004  1.15733661  1.65505360
1    1.71240967  0.00000000  1.32720134  1.33648041  1.47661061  1.14155962
2    1.64100657  1.32720134  0.00000000  1.45305046  0.87767426  0.56919884
3    1.46070004  1.33648041  1.45305046  0.00000000  1.45601747  1.43011781
4    1.15733661  1.47661061  0.87767426  1.45601747  0.00000000  0.99550212
5    1.65505360  1.14155962  0.56919884  1.43011781  0.99550212  0.00000000

--------------------------------------------------------------------------------
n=5
(result of R-step: (1,2:5)0.19672851)
V=[0, 1, 2, 3, 4]
total successes of this branch: 3
Matrix on 5 elements:

0    0.00000000  1.52063112  1.44922802  1.46070004  1.15733661
1    1.52063112  0.00000000  0.94364423  1.14470186  1.28483206
2    1.44922802  0.94364423  0.00000000  1.26127190  0.68589570
3    1.46070004  1.14470186  1.26127190  0.00000000  1.45601747
4    1.15733661  1.28483206  0.68589570  1.45601747  0.00000000

--------------------------------------------------------------------------------
n=4
(result of R-step: (0,1:3)0.23131742)
V=[0, 1, 2, 4]
total successes of this branch: 1
Matrix on 4 elements:

0    0.00000000  0.93837498  1.25222587  0.96033446
1    0.93837498  0.00000000  0.55839025  0.89957807
2    1.25222587  0.55839025  0.00000000  0.68589570
4    0.96033446  0.89957807  0.68589570  0.00000000

--------------------------------------------------------------------------------
n=4
(result of R-step: (0,2:4)0.38786614)
V=[0, 1, 2, 3]
total successes of this branch: 1
Matrix on 4 elements:

0    0.00000000  1.32362897  1.24700228  1.26369789
1    1.32362897  0.00000000  0.93842064  1.14470186
2    1.24700228  0.93842064  0.00000000  1.25604831
3    1.26369789  1.14470186  1.25604831  0.00000000

--------------------------------------------------------------------------------
n=4
(result of R-step: (0,3:2)0.84354522)
V=[0, 1, 3, 4]
total successes of this branch: 0
reason of abort: negative delta/dxy

--------------------------------------------------------------------------------
n=4
(result of R-step: (0,4:1)0.75010128)
V=[0, 2, 3, 4]
total successes of this branch: 0
reason of abort: negative delta/dxy

--------------------------------------------------------------------------------
n=4
(result of R-step: (1,2:0)0.38016819)
V=[1, 2, 3, 4]
total successes of this branch: 0
reason of abort: negative delta/dxy

--------------------------------------------------------------------------------
n=4
(result of R-step: (1,3:4)0.72045151)
V=[0, 1, 2, 3]
total successes of this branch: 0
reason of abort: negative delta/dxy

--------------------------------------------------------------------------------
n=4
(result of R-step: (1,4:2)0.72136032)
V=[0, 1, 3, 4]
total successes of this branch: 0
reason of abort: negative delta/dxy

--------------------------------------------------------------------------------
n=4
(result of R-step: (2,3:1)0.30464189)
V=[0, 2, 3, 4]
total successes of this branch: 1
Matrix on 4 elements:

0    0.00000000  1.44400442  0.95949091  1.15733661
2    1.44400442  0.00000000  0.75483918  0.68067211
3    0.95949091  0.75483918  0.00000000  0.95480834
4    1.15733661  0.68067211  0.95480834  0.00000000

--------------------------------------------------------------------------------
n=4
(result of R-step: (2,4:3)0.70053416)
V=[0, 1, 2, 4]
total successes of this branch: 0
reason of abort: negative delta/dxy

--------------------------------------------------------------------------------
n=4
(result of R-step: (3,4:0)0.73728656)
V=[1, 2, 3, 4]
total successes of this branch: 0
reason of abort: negative delta/dxy
