n=6
V=[0, 1, 2, 3, 4, 5]
total successes of this branch: 1
Matrix on 6 elements:

0    0.00000000  1.36296214  1.28593322  1.34895527  1.34904019  1.34459855
1    1.36296214  0.00000000  1.25435544  1.11559181  1.11362199  1.12518455
2    1.28593322  1.25435544  0.00000000  1.22351476  1.22370174  1.15601063
3    1.34895527  1.11559181  1.22351476  0.00000000  0.79265696  0.31453897
4    1.34904019  1.11362199  1.22370174  0.79265696  0.00000000  0.82245512
5    1.34459855  1.12518455  1.15601063  0.31453897  0.82245512  0.00000000

--------------------------------------------------------------------------------
n=5
(result of R-step: (0,4:1)0.59158221)
V=[0, 2, 3, 4, 5]
total successes of this branch: 1
Matrix on 5 elements:

0    0.00000000  0.59443892  0.65746097  0.26369044  0.65310425
2    0.59443892  0.00000000  1.22351476  0.82984628  1.15601063
3    0.65746097  1.22351476  0.00000000  0.39880151  0.31453897
4    0.26369044  0.82984628  0.39880151  0.00000000  0.42859967
5    0.65310425  1.15601063  0.31453897  0.42859967  0.00000000

--------------------------------------------------------------------------------
n=4
(result of R-step: (0,3:5)0.19698224)
V=[0, 2, 3, 4]
total successes of this branch: 0
Matrix on 4 elements:

0    0.00000000  0.41995929  0.40289706  0.08921081
2    0.41995929  0.00000000  1.14343048  0.82984628
3    0.40289706  1.14343048  0.00000000  0.31871723
4    0.08921081  0.82984628  0.31871723  0.00000000
reason of abort: no pseudometric

--------------------------------------------------------------------------------
n=4
(result of R-step: (2,3:5)0.06913008)
V=[0, 2, 3, 4]
total successes of this branch: 1
Matrix on 4 elements:

0    0.00000000  0.47092150  0.53394355  0.26369044
2    0.47092150  0.00000000  0.97647992  0.70632886
3    0.53394355  0.97647992  0.00000000  0.27528409
4    0.26369044  0.70632886  0.27528409  0.00000000

--------------------------------------------------------------------------------
n=4
(result of R-step: (4,5:3)0.99838640)
V=[0, 2, 4, 5]
total successes of this branch: 0
reason of abort: negative delta/dxy
