n=6
V=[0, 1, 2, 3, 4, 5]
total successes of this branch: 2
Matrix on 6 elements:

0    0.00000000  1.51170973  1.45737387  1.48080576  1.47996246  0.83355836
1    1.51170973  0.00000000  1.44936095  1.37063874  1.37347190  1.47755030
2    1.45737387  1.44936095  0.00000000  1.34553542  1.30539096  0.70144357
3    1.48080576  1.37063874  1.34553542  0.00000000  0.27022811  1.40669432
4    1.47996246  1.37347190  1.30539096  0.27022811  0.00000000  1.38431884
5    0.83355836  1.47755030  0.70144357  1.40669432  1.38431884  0.00000000

--------------------------------------------------------------------------------
n=5
(result of R-step: (0,2:5)0.45212351)
V=[0, 1, 2, 3, 4]
total successes of this branch: 2
Matrix on 5 elements:

0    0.00000000  1.47289570  1.37974581  1.44199173  1.44114843
1    1.47289570  0.00000000  1.41054692  1.37063874  1.37347190
2    1.37974581  1.41054692  0.00000000  1.30672139  1.26657693
3    1.44199173  1.37063874  1.30672139  0.00000000  0.27022811
4    1.44114843  1.37347190  1.26657693  0.27022811  0.00000000

--------------------------------------------------------------------------------
n=4
(result of R-step: (0,3:1)0.91030330)
V=[0, 2, 3, 4]
total successes of this branch: 1
Matrix on 4 elements:

0    0.00000000  0.66229118  0.60949527  0.72369380
2    0.66229118  0.00000000  1.19167957  1.26657693
3    0.60949527  1.19167957  0.00000000  0.15518629
4    0.72369380  1.26657693  0.15518629  0.00000000

--------------------------------------------------------------------------------
n=4
(result of R-step: (0,4:1)0.90350027)
V=[0, 2, 3, 4]
total successes of this branch: 0
Matrix on 4 elements:

0    0.00000000  0.66469157  0.72693750  0.57235268
2    0.66469157  0.00000000  1.30672139  1.11283542
3    0.72693750  1.30672139  0.00000000  0.11648660
4    0.57235268  1.11283542  0.11648660  0.00000000
reason of abort: no pseudometric

--------------------------------------------------------------------------------
n=4
(result of R-step: (2,3:4)0.03598942)
V=[0, 1, 2, 3]
total successes of this branch: 1
Matrix on 4 elements:

0    0.00000000  1.47289570  1.30351801  1.32694991
1    1.47289570  0.00000000  1.33431912  1.25559691
2    1.30351801  1.33431912  0.00000000  1.11545177
3    1.32694991  1.25559691  1.11545177  0.00000000

--------------------------------------------------------------------------------
n=4
(result of R-step: (2,4:1)0.97337403)
V=[0, 2, 3, 4]
total successes of this branch: 0
reason of abort: negative delta/dxy
