n=6
V=[0, 1, 2, 3, 4, 5]
total successes of this branch: 2
Matrix on 6 elements:

0    0.00000000  1.48351621  1.34507862  1.35005985  1.45559667  0.94839898
1    1.48351621  0.00000000  1.42766047  1.40040815  0.81930498  1.45484245
2    1.34507862  1.42766047  0.00000000  1.37676996  1.27397508  0.92662859
3    1.35005985  1.40040815  1.37676996  0.00000000  1.39564090  1.36377159
4    1.45559667  0.81930498  1.27397508  1.39564090  0.00000000  1.36236051
5    0.94839898  1.45484245  0.92662859  1.36377159  1.36236051  0.00000000

--------------------------------------------------------------------------------
n=5
(result of R-step: (0,2:5)0.48664606)
V=[0, 1, 2, 3, 4]
total successes of this branch: 2
Matrix on 5 elements:

0    0.00000000  1.21854174  0.81512966  1.08508537  1.19062219
1    1.21854174  0.00000000  1.16268599  1.40040815  0.81930498
2    0.81512966  1.16268599  0.00000000  1.11179548  1.00900060
3    1.08508537  1.40040815  1.11179548  0.00000000  1.39564090
4    1.19062219  0.81930498  1.00900060  1.39564090  0.00000000

--------------------------------------------------------------------------------
n=4
(result of R-step: (0,1:3)0.87251288)
V=[0, 1, 2, 4]
total successes of this branch: 1
Matrix on 4 elements:

0    0.00000000  0.49755422  0.42695194  0.80244447
1    0.49755422  0.00000000  0.82987619  0.48649519
2    0.42695194  0.82987619  0.00000000  1.00900060
4    0.80244447  0.48649519  1.00900060  0.00000000

--------------------------------------------------------------------------------
n=4
(result of R-step: (0,4:3)0.80644425)
V=[0, 1, 2, 4]
total successes of this branch: 0
Matrix on 4 elements:

0    0.00000000  0.84933295  0.44592087  0.36591287
1    0.84933295  0.00000000  1.16268599  0.36380446
2    0.44592087  1.16268599  0.00000000  0.55350007
4    0.36591287  0.36380446  0.55350007  0.00000000
reason of abort: no pseudometric

--------------------------------------------------------------------------------
n=4
(result of R-step: (1,2:4)0.79832395)
V=[0, 1, 2, 3]
total successes of this branch: 1
Matrix on 4 elements:

0    0.00000000  0.88573194  0.74729434  1.08508537
1    0.88573194  0.00000000  0.76204087  1.06759836
2    0.74729434  0.76204087  0.00000000  1.04396016
3    1.08508537  1.06759836  1.04396016  0.00000000

--------------------------------------------------------------------------------
n=4
(result of R-step: (2,4:3)0.95516103)
V=[0, 1, 2, 4]
total successes of this branch: 0
reason of abort: negative delta/dxy
