n=6
V=[0, 1, 2, 3, 4, 5]
total successes of this branch: 2
Matrix on 6 elements:

0    0.00000000  0.85308569  0.84924188  0.77411578  0.85255370  0.85305397
1    0.85308569  0.00000000  0.84472233  0.85151334  0.49122351  0.37447569
2    0.84924188  0.84472233  0.00000000  0.83184759  0.78793763  0.84133667
3    0.77411578  0.85151334  0.83184759  0.00000000  0.84879153  0.85135106
4    0.85255370  0.49122351  0.78793763  0.84879153  0.00000000  0.48382134
5    0.85305397  0.37447569  0.84133667  0.85135106  0.48382134  0.00000000

--------------------------------------------------------------------------------
n=5
(result of R-step: (0,2:3)0.96107187)
V=[0, 1, 2, 4, 5]
total successes of this branch: 2
Matrix on 5 elements:

0    0.00000000  0.46690065  0.24583743  0.46636865  0.46686893
1    0.46690065  0.00000000  0.62750293  0.49122351  0.37447569
2    0.24583743  0.62750293  0.00000000  0.57071823  0.62411727
4    0.46636865  0.49122351  0.57071823  0.00000000  0.48382134
5    0.46686893  0.37447569  0.62411727  0.48382134  0.00000000

--------------------------------------------------------------------------------
n=4
(result of R-step: (0,1:4)0.35044254)
V=[0, 1, 2, 5]
total successes of this branch: 0
Matrix on 4 elements:

0    0.00000000  0.15109640  0.12296033  0.34399183
1    0.15109640  0.00000000  0.43457578  0.18154855
2    0.12296033  0.43457578  0.00000000  0.62411727
5    0.34399183  0.18154855  0.62411727  0.00000000
reason of abort: no pseudometric

--------------------------------------------------------------------------------
n=4
(result of R-step: (0,5:4)0.36147253)
V=[0, 1, 2, 5]
total successes of this branch: 0
Matrix on 4 elements:

0    0.00000000  0.34943490  0.12837168  0.16795263
1    0.34943490  0.00000000  0.62750293  0.19302515
2    0.12837168  0.62750293  0.00000000  0.44266672
5    0.16795263  0.19302515  0.44266672  0.00000000
reason of abort: no pseudometric

--------------------------------------------------------------------------------
n=4
(result of R-step: (1,2:4)0.76656783)
V=[0, 1, 2, 5]
total successes of this branch: 0
Matrix on 4 elements:

0    0.00000000  0.27535017  0.16310805  0.46686893
1    0.27535017  0.00000000  0.35322306  0.18292522
2    0.16310805  0.35322306  0.00000000  0.54138788
5    0.46686893  0.18292522  0.54138788  0.00000000
reason of abort: no pseudometric

--------------------------------------------------------------------------------
n=4
(result of R-step: (1,4:5)0.94037720)
V=[0, 1, 2, 4]
total successes of this branch: 1
Matrix on 4 elements:

0    0.00000000  0.28336389  0.24583743  0.28283189
1    0.28336389  0.00000000  0.44396617  0.12414998
2    0.24583743  0.44396617  0.00000000  0.38718147
4    0.28283189  0.12414998  0.38718147  0.00000000

--------------------------------------------------------------------------------
n=4
(result of R-step: (2,5:4)0.24732820)
V=[0, 1, 2, 5]
total successes of this branch: 1
Matrix on 4 elements:

0    0.00000000  0.46690065  0.15123496  0.28399208
1    0.46690065  0.00000000  0.53290046  0.19159884
2    0.15123496  0.53290046  0.00000000  0.34663794
5    0.28399208  0.19159884  0.34663794  0.00000000
