n=6
V=[0, 1, 2, 3, 4, 5]
total successes of this branch: 2
Matrix on 6 elements:

0    0.00000000  1.35846662  1.34225136  0.94231198  0.47546481  0.20179651
1    1.35846662  0.00000000  1.33819122  1.32168112  1.35349525  1.35654371
2    1.34225136  1.33819122  0.00000000  1.34192161  1.34220680  1.34223412
3    0.94231198  1.32168112  1.34192161  0.00000000  0.86936091  0.91409466
4    0.47546481  1.35349525  1.34220680  0.86936091  0.00000000  0.30283933
5    0.20179651  1.35654371  1.34223412  0.91409466  0.30283933  0.00000000

--------------------------------------------------------------------------------
n=5
(result of R-step: (0,4:5)0.61320213)
V=[0, 1, 2, 3, 4]
total successes of this branch: 2
Matrix on 5 elements:

0    0.00000000  1.34388111  1.32766584  0.92772646  0.44629378
1    1.34388111  0.00000000  1.33819122  1.32168112  1.33890973
2    1.32766584  1.33819122  0.00000000  1.34192161  1.32762128
3    0.92772646  1.32168112  1.34192161  0.00000000  0.85477540
4    0.44629378  1.33890973  1.32762128  0.85477540  0.00000000

--------------------------------------------------------------------------------
n=4
(result of R-step: (0,1:2)0.06322718)
V=[0, 1, 3, 4]
total successes of this branch: 1
Matrix on 4 elements:

0    0.00000000  0.51240439  0.74105510  0.25962242
1    0.51240439  0.00000000  0.67687576  0.69410437
3    0.74105510  0.67687576  0.00000000  0.85477540
4    0.25962242  0.69410437  0.85477540  0.00000000

--------------------------------------------------------------------------------
n=4
(result of R-step: (1,4:0)0.15976503)
V=[1, 2, 3, 4]
total successes of this branch: 0
Matrix on 4 elements:

1    0.00000000  0.64803244  0.63152234  0.50948814
2    0.64803244  0.00000000  1.34192161  1.18835847
3    0.63152234  1.34192161  0.00000000  0.71551258
4    0.50948814  1.18835847  0.71551258  0.00000000
reason of abort: no pseudometric

--------------------------------------------------------------------------------
n=4
(result of R-step: (1,4:2)0.91535333)
V=[0, 1, 3, 4]
total successes of this branch: 0
Matrix on 4 elements:

0    0.00000000  0.70746322  0.92772646  0.19653034
1    0.70746322  0.00000000  0.68526323  0.45272840
3    0.92772646  0.68526323  0.00000000  0.60501195
4    0.19653034  0.45272840  0.60501195  0.00000000
reason of abort: no pseudometric

--------------------------------------------------------------------------------
n=4
(result of R-step: (2,4:0)0.13934126)
V=[1, 2, 3, 4]
total successes of this branch: 1
Matrix on 4 elements:

1    0.00000000  0.69241879  1.32168112  1.19005290
2    0.69241879  0.00000000  0.69614919  0.53299202
3    1.32168112  0.69614919  0.00000000  0.70591857
4    1.19005290  0.53299202  0.70591857  0.00000000
