n=6
V=[0, 1, 2, 3, 4, 5]
total successes of this branch: 5
Matrix on 6 elements:

0    0.00000000  1.58880014  1.19521213  1.46821187  0.62949362  1.57230589
1    1.58880014  0.00000000  1.54374367  0.82642612  1.57860480  0.28406485
2    1.19521213  1.54374367  0.00000000  1.49614389  1.02976442  1.53723290
3    1.46821187  0.82642612  1.49614389  0.00000000  1.47453231  0.74048609
4    0.62949362  1.57860480  1.02976442  1.47453231  0.00000000  1.56436960
5    1.57230589  0.28406485  1.53723290  0.74048609  1.56436960  0.00000000

--------------------------------------------------------------------------------
n=5
(result of R-step: (0,2:4)0.77372080)
V=[0, 1, 2, 3, 5]
total successes of this branch: 5
Matrix on 5 elements:

0    0.00000000  1.35677718  0.73116622  1.23618892  1.34028293
1    1.35677718  0.00000000  1.31172072  0.82642612  0.28406485
2    0.73116622  1.31172072  0.00000000  1.26412093  1.30520995
3    1.23618892  0.82642612  1.26412093  0.00000000  0.74048609
5    1.34028293  0.28406485  1.30520995  0.74048609  0.00000000

--------------------------------------------------------------------------------
n=4
(result of R-step: (0,1:2)0.90253772)
V=[0, 1, 3, 5]
total successes of this branch: 1
Matrix on 4 elements:

0    0.00000000  0.96350922  0.94198338  1.04607739
1    0.96350922  0.00000000  0.72736370  0.18500244
3    0.94198338  0.72736370  0.00000000  0.74048609
5    1.04607739  0.18500244  0.74048609  0.00000000

--------------------------------------------------------------------------------
n=4
(result of R-step: (0,1:3)0.30793589)
V=[0, 1, 2, 5]
total successes of this branch: 0
Matrix on 4 elements:

0    0.00000000  0.88672581  0.46156734  1.07068405
1    0.88672581  0.00000000  1.11126823  0.08361237
2    0.46156734  1.11126823  0.00000000  1.30520995
5    1.07068405  0.08361237  1.30520995  0.00000000
reason of abort: no pseudometric

--------------------------------------------------------------------------------
n=4
(result of R-step: (0,5:1)0.07425053)
V=[0, 2, 3, 5]
total successes of this branch: 0
Matrix on 4 elements:

0    0.00000000  0.28081830  0.78584099  0.81679734
2    0.28081830  0.00000000  1.26412093  1.23207228
3    0.78584099  1.26412093  0.00000000  0.66734843
5    0.81679734  1.23207228  0.66734843  0.00000000
reason of abort: no pseudometric

--------------------------------------------------------------------------------
n=4
(result of R-step: (0,5:2)0.87350558)
V=[0, 1, 3, 5]
total successes of this branch: 0
Matrix on 4 elements:

0    0.00000000  1.08717830  0.96659003  0.89743662
1    1.08717830  0.00000000  0.82642612  0.11081743
3    0.96659003  0.82642612  0.00000000  0.56723866
5    0.89743662  0.11081743  0.56723866  0.00000000
reason of abort: no pseudometric

--------------------------------------------------------------------------------
n=4
(result of R-step: (0,5:3)0.35430280)
V=[0, 1, 2, 5]
total successes of this branch: 1
Matrix on 4 elements:

0    0.00000000  1.06257164  0.43696068  0.96606789
1    1.06257164  0.00000000  1.31172072  0.20405536
2    0.43696068  1.31172072  0.00000000  1.22520045
5    0.96606789  0.20405536  1.22520045  0.00000000

--------------------------------------------------------------------------------
n=4
(result of R-step: (1,2:3)0.64960839)
V=[0, 1, 2, 5]
total successes of this branch: 0
Matrix on 4 elements:

0    0.00000000  1.15035311  0.28395862  1.34028293
1    1.15035311  0.00000000  0.65808904  0.07764078
2    0.28395862  0.65808904  0.00000000  0.85800234
5    1.34028293  0.07764078  0.85800234  0.00000000
reason of abort: no pseudometric

--------------------------------------------------------------------------------
n=4
(result of R-step: (1,3:5)0.86321845)
V=[0, 1, 2, 3]
total successes of this branch: 1
Matrix on 4 elements:

0    0.00000000  1.25771476  0.73116622  1.13712650
1    1.25771476  0.00000000  1.21265830  0.62830128
2    0.73116622  1.21265830  0.00000000  1.16505852
3    1.13712650  0.62830128  1.16505852  0.00000000

--------------------------------------------------------------------------------
n=4
(result of R-step: (2,3:0)0.87430981)
V=[1, 2, 3, 5]
total successes of this branch: 1
Matrix on 4 elements:

1    0.00000000  1.04509590  0.72736370  0.28406485
2    1.04509590  0.00000000  0.89843370  1.03858513
3    0.72736370  0.89843370  0.00000000  0.64142368
5    0.28406485  1.03858513  0.64142368  0.00000000

--------------------------------------------------------------------------------
n=4
(result of R-step: (2,5:1)0.06130715)
V=[0, 2, 3, 5]
total successes of this branch: 1
Matrix on 4 elements:

0    0.00000000  0.46454140  1.23618892  1.26027343
2    0.46454140  0.00000000  0.99749611  0.95857563
3    1.23618892  0.99749611  0.00000000  0.66047660
5    1.26027343  0.95857563  0.66047660  0.00000000

--------------------------------------------------------------------------------
n=4
(result of R-step: (2,5:3)0.39495730)
V=[0, 1, 2, 5]
total successes of this branch: 0
Matrix on 4 elements:

0    0.00000000  1.35677718  0.30335781  1.26714527
1    1.35677718  0.00000000  0.88391231  0.21092719
2    0.30335781  0.88391231  0.00000000  0.80426387
5    1.26714527  0.21092719  0.80426387  0.00000000
reason of abort: no pseudometric
