n=6
V=[0, 1, 2, 3, 4, 5]
total successes of this branch: 3
Matrix on 6 elements:

0    0.00000000  1.19773466  1.12640498  0.90612230  0.88685201  0.90099885
1    1.19773466  0.00000000  1.14512387  1.19179609  1.19699274  1.19317774
2    1.12640498  1.14512387  0.00000000  1.12677857  1.12645165  1.12669165
3    0.90612230  1.19179609  1.12677857  0.00000000  0.90337110  0.44313512
4    0.88685201  1.19699274  1.12645165  0.90337110  0.00000000  0.73669082
5    0.90099885  1.19317774  1.12669165  0.44313512  0.73669082  0.00000000

--------------------------------------------------------------------------------
n=5
(result of R-step: (0,1:2)0.22575647)
V=[0, 1, 3, 4, 5]
total successes of this branch: 3
Matrix on 5 elements:

0    0.00000000  0.19045361  0.46407190  0.44480161  0.45894844
1    0.19045361  0.00000000  0.62656545  0.63176209  0.62794710
3    0.46407190  0.62656545  0.00000000  0.90337110  0.44313512
4    0.44480161  0.63176209  0.90337110  0.00000000  0.73669082
5    0.45894844  0.62794710  0.44313512  0.73669082  0.00000000

--------------------------------------------------------------------------------
n=4
(result of R-step: (0,3:1)0.96213642)
V=[0, 3, 4, 5]
total successes of this branch: 1
Matrix on 4 elements:

0    0.00000000  0.32413745  0.44309458  0.45724142
3    0.32413745  0.00000000  0.76514368  0.30490770
4    0.44309458  0.76514368  0.00000000  0.73669082
5    0.45724142  0.30490770  0.73669082  0.00000000

--------------------------------------------------------------------------------
n=4
(result of R-step: (0,3:4)0.63806814)
V=[0, 1, 3, 5]
total successes of this branch: 0
reason of abort: negative delta/dxy

--------------------------------------------------------------------------------
n=4
(result of R-step: (0,5:1)0.92178739)
V=[0, 3, 4, 5]
total successes of this branch: 0
reason of abort: negative delta/dxy

--------------------------------------------------------------------------------
n=4
(result of R-step: (0,5:4)0.99561704)
V=[0, 1, 3, 5]
total successes of this branch: 0
reason of abort: negative delta/dxy

--------------------------------------------------------------------------------
n=4
(result of R-step: (1,3:4)0.68238511)
V=[0, 1, 3, 5]
total successes of this branch: 0
reason of abort: negative delta/dxy

--------------------------------------------------------------------------------
n=4
(result of R-step: (1,4:0)0.96129341)
V=[1, 3, 4, 5]
total successes of this branch: 1
Matrix on 4 elements:

1    0.00000000  0.45013232  0.31710155  0.45151397
3    0.45013232  0.00000000  0.76514368  0.44313512
4    0.31710155  0.76514368  0.00000000  0.59846339
5    0.45151397  0.44313512  0.59846339  0.00000000

--------------------------------------------------------------------------------
n=4
(result of R-step: (1,5:3)0.98771578)
V=[0, 1, 4, 5]
total successes of this branch: 0
reason of abort: negative delta/dxy

--------------------------------------------------------------------------------
n=4
(result of R-step: (3,4:5)0.73412672)
V=[0, 1, 3, 4]
total successes of this branch: 1
Matrix on 4 elements:

0    0.00000000  0.19045361  0.32584448  0.30657419
1    0.19045361  0.00000000  0.48833803  0.49353467
3    0.32584448  0.48833803  0.00000000  0.62691626
4    0.30657419  0.49353467  0.62691626  0.00000000

--------------------------------------------------------------------------------
n=4
(result of R-step: (3,5:0)0.86637275)
V=[1, 3, 4, 5]
total successes of this branch: 0
reason of abort: negative delta/dxy

--------------------------------------------------------------------------------
n=4
(result of R-step: (4,5:1)0.95265921)
V=[0, 3, 4, 5]
total successes of this branch: 0
reason of abort: negative delta/dxy
