n=6
V=[0, 1, 2, 3, 4, 5]
total successes of this branch: 2
Matrix on 6 elements:

0    0.00000000  0.95272180  0.73002116  0.85740685  0.81213157  0.28351612
1    0.95272180  0.00000000  0.87932746  0.71851911  0.77567344  0.82689940
2    0.73002116  0.87932746  0.00000000  0.75900437  0.65847394  0.75365061
3    0.85740685  0.71851911  0.75900437  0.00000000  0.57668425  0.83542626
4    0.81213157  0.77567344  0.65847394  0.57668425  0.00000000  0.80636164
5    0.28351612  0.82689940  0.75365061  0.83542626  0.80636164  0.00000000

--------------------------------------------------------------------------------
n=5
(result of R-step: (0,1:5)0.84173842)
V=[0, 1, 2, 3, 4]
total successes of this branch: 2
Matrix on 5 elements:

0    0.00000000  0.79502808  0.65117430  0.77855999  0.73328471
1    0.79502808  0.00000000  0.80048060  0.63967225  0.69682658
2    0.65117430  0.80048060  0.00000000  0.75900437  0.65847394
3    0.77855999  0.63967225  0.75900437  0.00000000  0.57668425
4    0.73328471  0.69682658  0.65847394  0.57668425  0.00000000

--------------------------------------------------------------------------------
n=4
(result of R-step: (0,3:1)0.29749251)
V=[0, 2, 3, 4]
total successes of this branch: 1
Matrix on 4 elements:

0    0.00000000  0.35784087  0.24714966  0.43995128
2    0.35784087  0.00000000  0.52092746  0.65847394
3    0.24714966  0.52092746  0.00000000  0.33860734
4    0.43995128  0.65847394  0.33860734  0.00000000

--------------------------------------------------------------------------------
n=4
(result of R-step: (1,2:0)0.35041529)
V=[1, 2, 3, 4]
total successes of this branch: 1
Matrix on 4 elements:

1    0.00000000  0.25751302  0.33478158  0.39193590
2    0.25751302  0.00000000  0.52092746  0.42039703
3    0.33478158  0.52092746  0.00000000  0.57668425
4    0.39193590  0.42039703  0.57668425  0.00000000

--------------------------------------------------------------------------------
n=4
(result of R-step: (2,3:1)0.49563307)
V=[0, 2, 3, 4]
total successes of this branch: 0
Matrix on 4 elements:

0    0.00000000  0.31013648  0.59627214  0.73328471
2    0.31013648  0.00000000  0.23567870  0.31743612
3    0.59627214  0.23567870  0.00000000  0.39439640
4    0.73328471  0.31743612  0.39439640  0.00000000
reason of abort: no pseudometric

--------------------------------------------------------------------------------
n=4
(result of R-step: (2,4:1)0.00470682)
V=[0, 2, 3, 4]
total successes of this branch: 0
reason of abort: negative delta/dxy
