n=6
V=[0, 1, 2, 3, 4, 5]
total successes of this branch: 2
Matrix on 6 elements:

0    0.00000000  1.85678251  1.80392840  1.85409101  1.73884114  1.00336464
1    1.85678251  0.00000000  1.84835130  1.51161733  1.57386720  1.85420111
2    1.80392840  1.84835130  0.00000000  1.84800759  1.84005799  1.45065644
3    1.85409101  1.51161733  1.84800759  0.00000000  1.33029949  1.85222843
4    1.73884114  1.57386720  1.84005799  1.33029949  0.00000000  1.76983088
5    1.00336464  1.85420111  1.45065644  1.85222843  1.76983088  0.00000000

--------------------------------------------------------------------------------
n=5
(result of R-step: (0,2:5)0.69382820)
V=[0, 1, 2, 3, 4]
total successes of this branch: 2
Matrix on 5 elements:

0    0.00000000  1.53173617  1.15383573  1.52904467  1.41379480
1    1.53173617  0.00000000  1.52330497  1.51161733  1.57386720
2    1.15383573  1.52330497  0.00000000  1.52296125  1.51501165
3    1.52904467  1.51161733  1.52296125  0.00000000  1.33029949
4    1.41379480  1.57386720  1.51501165  1.33029949  0.00000000

--------------------------------------------------------------------------------
n=4
(result of R-step: (0,3:1)0.53736809)
V=[0, 2, 3, 4]
total successes of this branch: 0
Matrix on 4 elements:

0    0.00000000  0.57169163  0.41596279  0.83165070
2    0.57169163  0.00000000  0.99202347  1.51501165
3    0.41596279  0.99202347  0.00000000  0.79936171
4    0.83165070  1.51501165  0.79936171  0.00000000
reason of abort: no pseudometric

--------------------------------------------------------------------------------
n=4
(result of R-step: (0,3:4)0.18034806)
V=[0, 1, 2, 3]
total successes of this branch: 1
Matrix on 4 elements:

0    0.00000000  1.24925770  0.87135725  0.63904138
1    1.24925770  0.00000000  1.52330497  0.90409252
2    0.87135725  1.52330497  0.00000000  0.91543644
3    0.63904138  0.90409252  0.91543644  0.00000000

--------------------------------------------------------------------------------
n=4
(result of R-step: (0,4:1)0.30901591)
V=[0, 2, 3, 4]
total successes of this branch: 0
reason of abort: negative delta/dxy

--------------------------------------------------------------------------------
n=4
(result of R-step: (2,3:1)0.43019669)
V=[0, 2, 3, 4]
total successes of this branch: 1
Matrix on 4 elements:

0    0.00000000  0.58268831  0.92151986  1.41379480
2    0.58268831  0.00000000  0.34428902  0.94386423
3    0.92151986  0.34428902  0.00000000  0.72277468
4    1.41379480  0.94386423  0.72277468  0.00000000

--------------------------------------------------------------------------------
n=4
(result of R-step: (2,3:4)0.45877826)
V=[0, 1, 2, 3]
total successes of this branch: 0
Matrix on 4 elements:

0    0.00000000  1.53173617  0.46301825  0.99810688
1    1.53173617  0.00000000  0.83248749  0.98067955
2    0.46301825  0.83248749  0.00000000  0.30120599
3    0.99810688  0.98067955  0.30120599  0.00000000
reason of abort: no pseudometric

--------------------------------------------------------------------------------
n=4
(result of R-step: (2,4:1)0.14002110)
V=[0, 2, 3, 4]
total successes of this branch: 0
Matrix on 4 elements:

0    0.00000000  0.91785062  1.52904467  0.71180521
2    0.91785062  0.00000000  1.28697615  0.57703696
3    1.52904467  1.28697615  0.00000000  0.62830990
4    0.71180521  0.57703696  0.62830990  0.00000000
reason of abort: no pseudometric
