n=6
V=[0, 1, 2, 3, 4, 5]
total successes of this branch: 2
Matrix on 6 elements:

0    0.00000000  0.96612511  0.95080166  0.55520903  0.92707367  0.41136484
1    0.96612511  0.00000000  0.77274380  0.95608835  0.78374096  0.95995015
2    0.95080166  0.77274380  0.00000000  0.92914588  0.46359350  0.93747827
3    0.55520903  0.95608835  0.92914588  0.00000000  0.89943985  0.32520397
4    0.92707367  0.78374096  0.46359350  0.89943985  0.00000000  0.91007238
5    0.41136484  0.95995015  0.93747827  0.32520397  0.91007238  0.00000000

--------------------------------------------------------------------------------
n=5
(result of R-step: (0,3:5)0.38476523)
V=[0, 1, 2, 3, 4]
total successes of this branch: 2
Matrix on 5 elements:

0    0.00000000  0.87544522  0.86012177  0.37384925  0.83639378
1    0.87544522  0.00000000  0.77274380  0.86540846  0.78374096
2    0.86012177  0.77274380  0.00000000  0.83846599  0.46359350
3    0.37384925  0.86540846  0.83846599  0.00000000  0.80875996
4    0.83639378  0.78374096  0.46359350  0.80875996  0.00000000

--------------------------------------------------------------------------------
n=4
(result of R-step: (0,2:1)0.35013020)
V=[0, 2, 3, 4]
total successes of this branch: 1
Matrix on 4 elements:

0    0.00000000  0.46201795  0.19268916  0.65523369
2    0.46201795  0.00000000  0.62152226  0.24664977
3    0.19268916  0.62152226  0.00000000  0.80875996
4    0.65523369  0.24664977  0.80875996  0.00000000

--------------------------------------------------------------------------------
n=4
(result of R-step: (0,2:4)0.07174669)
V=[0, 1, 2, 3]
total successes of this branch: 0
Matrix on 4 elements:

0    0.00000000  0.63603197  0.40619060  0.13443599
1    0.63603197  0.00000000  0.55822588  0.86540846
2    0.40619060  0.55822588  0.00000000  0.62394807
3    0.13443599  0.86540846  0.62394807  0.00000000
reason of abort: no pseudometric

--------------------------------------------------------------------------------
n=4
(result of R-step: (0,4:1)0.30369251)
V=[0, 2, 3, 4]
total successes of this branch: 0
Matrix on 4 elements:

0    0.00000000  0.68835207  0.20207955  0.41975610
2    0.68835207  0.00000000  0.83846599  0.21872553
3    0.20207955  0.83846599  0.00000000  0.56389198
4    0.41975610  0.21872553  0.56389198  0.00000000
reason of abort: no pseudometric

--------------------------------------------------------------------------------
n=4
(result of R-step: (2,3:1)0.63337778)
V=[0, 2, 3, 4]
total successes of this branch: 0
Matrix on 4 elements:

0    0.00000000  0.64560386  0.18190648  0.83639378
2    0.64560386  0.00000000  0.43200530  0.24907559
3    0.18190648  0.43200530  0.00000000  0.61681719
4    0.83639378  0.24907559  0.61681719  0.00000000
reason of abort: no pseudometric

--------------------------------------------------------------------------------
n=4
(result of R-step: (2,3:4)0.94001912)
V=[0, 1, 2, 3]
total successes of this branch: 1
Matrix on 4 elements:

0    0.00000000  0.87544522  0.64317804  0.24758540
1    0.87544522  0.00000000  0.55580006  0.73914461
2    0.64317804  0.55580006  0.00000000  0.49525841
3    0.24758540  0.73914461  0.49525841  0.00000000

--------------------------------------------------------------------------------
n=4
(result of R-step: (3,4:1)0.32253804)
V=[0, 2, 3, 4]
total successes of this branch: 0
Matrix on 4 elements:

0    0.00000000  0.86012177  0.17346249  0.58940910
2    0.86012177  0.00000000  0.63807923  0.21660882
3    0.17346249  0.63807923  0.00000000  0.36138852
4    0.58940910  0.21660882  0.36138852  0.00000000
reason of abort: no pseudometric
