n=6
V=[0, 1, 2, 3, 4, 5]
total successes of this branch: 2
Matrix on 6 elements:

0    0.00000000  0.94869227  0.92675999  0.74270293  0.52213215  0.54507441
1    0.94869227  0.00000000  0.86468165  0.92026501  0.94499023  0.61975799
2    0.92675999  0.86468165  0.00000000  0.83262683  0.91450118  0.89888526
3    0.74270293  0.92026501  0.83262683  0.00000000  0.70967750  0.82243276
4    0.52213215  0.94499023  0.91450118  0.70967750  0.00000000  0.71200603
5    0.54507441  0.61975799  0.89888526  0.82243276  0.71200603  0.00000000

--------------------------------------------------------------------------------
n=5
(result of R-step: (0,1:5)0.55097492)
V=[0, 1, 2, 3, 4]
total successes of this branch: 2
Matrix on 5 elements:

0    0.00000000  0.73255213  0.81868992  0.63463286  0.41406209
1    0.73255213  0.00000000  0.75661158  0.81219494  0.83692016
2    0.81868992  0.75661158  0.00000000  0.83262683  0.91450118
3    0.63463286  0.81219494  0.83262683  0.00000000  0.70967750
4    0.41406209  0.83692016  0.91450118  0.70967750  0.00000000

--------------------------------------------------------------------------------
n=4
(result of R-step: (0,2:1)0.18895701)
V=[0, 2, 3, 4]
total successes of this branch: 1
Matrix on 4 elements:

0    0.00000000  0.32160063  0.49814957  0.27757879
2    0.32160063  0.00000000  0.47202084  0.55389519
3    0.49814957  0.47202084  0.00000000  0.70967750
4    0.27757879  0.55389519  0.70967750  0.00000000

--------------------------------------------------------------------------------
n=4
(result of R-step: (1,3:2)0.70819289)
V=[0, 1, 3, 4]
total successes of this branch: 1
Matrix on 4 elements:

0    0.00000000  0.44668651  0.39007950  0.41406209
1    0.44668651  0.00000000  0.28177596  0.55105455
3    0.39007950  0.28177596  0.00000000  0.46512414
4    0.41406209  0.55105455  0.46512414  0.00000000

--------------------------------------------------------------------------------
n=4
(result of R-step: (2,4:1)0.76673442)
V=[0, 2, 3, 4]
total successes of this branch: 0
Matrix on 4 elements:

0    0.00000000  0.46978034  0.63463286  0.14078414
2    0.46978034  0.00000000  0.48371725  0.29231365
3    0.63463286  0.48371725  0.00000000  0.43639956
4    0.14078414  0.29231365  0.43639956  0.00000000
reason of abort: no pseudometric
