n=6
V=[0, 1, 2, 3, 4, 5]
total successes of this branch: 2
Matrix on 6 elements:

0    0.00000000  2.54275717  2.26383159  1.64661952  1.19794581  2.27289384
1    2.54275717  0.00000000  2.00166488  2.49032481  2.51683307  1.95735800
2    2.26383159  2.00166488  0.00000000  2.24934029  2.21019449  0.68225654
3    1.64661952  2.49032481  2.24934029  0.00000000  1.67549629  2.25716983
4    1.19794581  2.51683307  2.21019449  1.67549629  0.00000000  2.22015712
5    2.27289384  1.95735800  0.68225654  2.25716983  2.22015712  0.00000000

--------------------------------------------------------------------------------
n=5
(result of R-step: (1,2:5)0.03248984)
V=[0, 1, 2, 3, 4]
total successes of this branch: 2
Matrix on 5 elements:

0    0.00000000  2.22378235  1.94485677  1.64661952  1.19794581
1    2.22378235  0.00000000  1.36371523  2.17134998  2.19785824
2    1.94485677  1.36371523  0.00000000  1.93036546  1.89121966
3    1.64661952  2.17134998  1.93036546  0.00000000  1.67549629
4    1.19794581  2.19785824  1.89121966  1.67549629  0.00000000

--------------------------------------------------------------------------------
n=4
(result of R-step: (0,1:2)0.13816615)
V=[0, 1, 3, 4]
total successes of this branch: 0
Matrix on 4 elements:

0    0.00000000  0.80089484  0.93439587  0.48572216
1    0.80089484  0.00000000  1.46068613  1.48719439
3    0.93439587  1.46068613  0.00000000  1.67549629
4    0.48572216  1.48719439  1.67549629  0.00000000
reason of abort: no pseudometric

--------------------------------------------------------------------------------
n=4
(result of R-step: (0,1:3)0.68878875)
V=[0, 1, 2, 4]
total successes of this branch: 1
Matrix on 4 elements:

0    0.00000000  0.89126466  1.37270242  0.62579146
1    0.89126466  0.00000000  0.60335190  1.43749491
2    1.37270242  0.60335190  0.00000000  1.89121966
4    0.62579146  1.43749491  1.89121966  0.00000000

--------------------------------------------------------------------------------
n=4
(result of R-step: (0,2:3)0.65881101)
V=[0, 1, 2, 4]
total successes of this branch: 0
Matrix on 4 elements:

0    0.00000000  1.66061421  0.78369258  0.63477768
1    1.66061421  0.00000000  0.76571917  2.19785824
2    0.78369258  0.76571917  0.00000000  1.29322360
4    0.63477768  2.19785824  1.29322360  0.00000000
reason of abort: no pseudometric

--------------------------------------------------------------------------------
n=4
(result of R-step: (1,4:2)0.92841078)
V=[0, 1, 3, 4]
total successes of this branch: 1
Matrix on 4 elements:

0    0.00000000  1.46341902  1.64661952  0.80549069
1    1.46341902  0.00000000  1.41098665  1.04503979
3    1.64661952  1.41098665  0.00000000  1.28304116
4    0.80549069  1.04503979  1.28304116  0.00000000

--------------------------------------------------------------------------------
n=4
(result of R-step: (1,4:3)0.26364328)
V=[0, 1, 2, 4]
total successes of this branch: 0
Matrix on 4 elements:

0    0.00000000  1.51311849  1.94485677  0.57472414
1    1.51311849  0.00000000  0.65305138  0.86397272
2    1.94485677  0.65305138  0.00000000  1.26799799
4    0.57472414  0.86397272  1.26799799  0.00000000
reason of abort: no pseudometric

--------------------------------------------------------------------------------
n=4
(result of R-step: (2,4:3)0.30054760)
V=[0, 1, 2, 4]
total successes of this branch: 0
Matrix on 4 elements:

0    0.00000000  2.22378235  1.30709438  0.56680684
1    2.22378235  0.00000000  0.72595284  1.56671927
2    1.30709438  0.72595284  0.00000000  0.62231829
4    0.56680684  1.56671927  0.62231829  0.00000000
reason of abort: no pseudometric
