n=6
V=[0, 1, 2, 3, 4, 5]
total successes of this branch: 2
Matrix on 6 elements:

0    0.00000000  1.10615685  0.98014828  1.00766604  0.79568555  0.81516916
1    1.10615685  0.00000000  0.99938888  0.86822026  1.02410770  1.02149681
2    0.98014828  0.99938888  0.00000000  0.52991365  0.36786154  0.33170639
3    1.00766604  0.86822026  0.52991365  0.00000000  0.64052246  0.62883956
4    0.79568555  1.02410770  0.36786154  0.64052246  0.00000000  0.06171484
5    0.81516916  1.02149681  0.33170639  0.62883956  0.06171484  0.00000000

--------------------------------------------------------------------------------
n=5
(result of R-step: (2,4:5)0.10562360)
V=[0, 1, 2, 3, 4]
total successes of this branch: 2
Matrix on 5 elements:

0    0.00000000  1.10615685  0.96736844  1.00766604  0.78290571
1    1.10615685  0.00000000  0.98660904  0.86822026  1.01132786
2    0.96736844  0.98660904  0.00000000  0.51713381  0.34230186
3    1.00766604  0.86822026  0.51713381  0.00000000  0.62774262
4    0.78290571  1.01132786  0.34230186  0.62774262  0.00000000

--------------------------------------------------------------------------------
n=4
(result of R-step: (0,2:4)0.23151912)
V=[0, 1, 2, 3]
total successes of this branch: 1
Matrix on 4 elements:

0    0.00000000  1.01445745  0.79674947  0.91596663
1    1.01445745  0.00000000  0.90768947  0.86822026
2    0.79674947  0.90768947  0.00000000  0.43821425
3    0.91596663  0.86822026  0.43821425  0.00000000

--------------------------------------------------------------------------------
n=4
(result of R-step: (0,4:3)0.59961715)
V=[0, 1, 2, 4]
total successes of this branch: 0
reason of abort: negative delta/dxy

--------------------------------------------------------------------------------
n=4
(result of R-step: (1,2:3)0.46232702)
V=[0, 1, 2, 4]
total successes of this branch: 1
Matrix on 4 elements:

0    0.00000000  0.71507515  0.88844888  0.78290571
1    0.71507515  0.00000000  0.51660777  0.62024616
2    0.88844888  0.51660777  0.00000000  0.26338230
4    0.78290571  0.62024616  0.26338230  0.00000000

--------------------------------------------------------------------------------
n=4
(result of R-step: (1,3:4)0.13458349)
V=[0, 1, 2, 3]
total successes of this branch: 0
reason of abort: negative delta/dxy
