n=6
V=[0, 1, 2, 3, 4, 5]
total successes of this branch: 2
Matrix on 6 elements:

0    0.00000000  1.27149618  1.27064633  1.10596781  1.27132761  1.27149423
1    1.27149618  0.00000000  1.26654632  1.26846326  0.86603325  0.23950060
2    1.27064633  1.26654632  0.00000000  1.01009846  1.16744464  1.26539988
3    1.10596781  1.26846326  1.01009846  0.00000000  1.21721501  1.26787041
4    1.27132761  0.86603325  1.16744464  1.21721501  0.00000000  0.85870052
5    1.27149423  0.23950060  1.26539988  1.26787041  0.85870052  0.00000000

--------------------------------------------------------------------------------
n=5
(result of R-step: (1,4:5)0.98843173)
V=[0, 1, 2, 3, 4]
total successes of this branch: 2
Matrix on 5 elements:

0    0.00000000  1.15541225  1.27064633  1.10596781  1.15524367
1    1.15541225  0.00000000  1.15046238  1.15237933  0.63386538
2    1.27064633  1.15046238  0.00000000  1.01009846  1.05136070
3    1.10596781  1.15237933  1.01009846  0.00000000  1.10113107
4    1.15524367  0.63386538  1.05136070  1.10113107  0.00000000

--------------------------------------------------------------------------------
n=4
(result of R-step: (0,4:1)0.22314603)
V=[0, 2, 3, 4]
total successes of this branch: 1
Matrix on 4 elements:

0    0.00000000  0.80505962  0.64038109  0.47989529
2    0.80505962  0.00000000  1.01009846  0.84159903
3    0.64038109  1.01009846  0.00000000  0.89136940
4    0.47989529  0.84159903  0.89136940  0.00000000

--------------------------------------------------------------------------------
n=4
(result of R-step: (1,2:4)0.80164381)
V=[0, 1, 2, 3]
total successes of this branch: 1
Matrix on 4 elements:

0    0.00000000  0.88803040  0.88718055  1.10596781
1    0.88803040  0.00000000  0.49961475  0.88499748
2    0.88718055  0.49961475  0.00000000  0.62663268
3    1.10596781  0.88499748  0.62663268  0.00000000
