n=6
V=[0, 1, 2, 3, 4, 5]
total successes of this branch: 2
Matrix on 6 elements:

0    0.00000000  0.62905216  0.60351174  0.60962964  0.60481338  0.14724045
1    0.62905216  0.00000000  0.49890259  0.43623316  0.48556902  0.61441616
2    0.60351174  0.49890259  0.00000000  0.29994563  0.17755520  0.54570046
3    0.60962964  0.43623316  0.29994563  0.00000000  0.26686827  0.57480405
4    0.60481338  0.48556902  0.17755520  0.26686827  0.00000000  0.55676597
5    0.14724045  0.61441616  0.54570046  0.57480405  0.55676597  0.00000000

--------------------------------------------------------------------------------
n=5
(result of R-step: (0,2:5)0.88754477)
V=[0, 1, 2, 3, 4]
total successes of this branch: 2
Matrix on 5 elements:

0    0.00000000  0.58433757  0.51408257  0.56491505  0.56009880
1    0.58433757  0.00000000  0.45418800  0.43623316  0.48556902
2    0.51408257  0.45418800  0.00000000  0.25523104  0.13284061
3    0.56491505  0.43623316  0.25523104  0.00000000  0.26686827
4    0.56009880  0.48556902  0.13284061  0.26686827  0.00000000

--------------------------------------------------------------------------------
n=4
(result of R-step: (0,3:1)0.57429815)
V=[0, 2, 3, 4]
total successes of this branch: 1
Matrix on 4 elements:

0    0.00000000  0.25850697  0.23710054  0.30452320
2    0.25850697  0.00000000  0.18299213  0.13284061
3    0.23710054  0.18299213  0.00000000  0.19462935
4    0.30452320  0.13284061  0.19462935  0.00000000

--------------------------------------------------------------------------------
n=4
(result of R-step: (0,4:2)0.09907656)
V=[0, 1, 3, 4]
total successes of this branch: 1
Matrix on 4 elements:

0    0.00000000  0.32876198  0.30933945  0.23874923
1    0.32876198  0.00000000  0.43623316  0.41979505
3    0.30933945  0.43623316  0.00000000  0.20109429
4    0.23874923  0.41979505  0.20109429  0.00000000

--------------------------------------------------------------------------------
n=4
(result of R-step: (1,4:2)0.23689058)
V=[0, 1, 3, 4]
total successes of this branch: 0
Matrix on 4 elements:

0    0.00000000  0.29854344  0.56491505  0.51451421
1    0.29854344  0.00000000  0.15043903  0.15419031
3    0.56491505  0.15043903  0.00000000  0.22128368
4    0.51451421  0.15419031  0.22128368  0.00000000
reason of abort: no pseudometric
