n=6
V=[0, 1, 2, 3, 4, 5]
total successes of this branch: 2
Matrix on 6 elements:

0    0.00000000  1.92712918  1.64133709  1.58771358  1.59211942  0.13001508
1    1.92712918  0.00000000  1.52811708  1.56281625  1.55996528  1.82750594
2    1.64133709  1.52811708  0.00000000  1.07833412  1.05238155  1.63539038
3    1.58771358  1.56281625  1.07833412  0.00000000  0.78841765  1.58640589
4    1.59211942  1.55996528  1.05238155  0.78841765  0.00000000  1.59043057
5    0.13001508  1.82750594  1.63539038  1.58640589  1.59043057  0.00000000

--------------------------------------------------------------------------------
n=5
(result of R-step: (0,1:5)0.94747652)
V=[0, 1, 2, 3, 4]
total successes of this branch: 2
Matrix on 5 elements:

0    0.00000000  1.89673733  1.62614117  1.57251766  1.57692350
1    1.89673733  0.00000000  1.51292115  1.54762032  1.54476936
2    1.62614117  1.51292115  0.00000000  1.07833412  1.05238155
3    1.57251766  1.54762032  1.07833412  0.00000000  0.78841765
4    1.57692350  1.54476936  1.05238155  0.78841765  0.00000000

--------------------------------------------------------------------------------
n=4
(result of R-step: (0,2:1)0.76096223)
V=[0, 2, 3, 4]
total successes of this branch: 1
Matrix on 4 elements:

0    0.00000000  0.31529811  0.64290715  0.64731299
2    0.31529811  0.00000000  0.69710158  0.67114901
3    0.64290715  0.69710158  0.00000000  0.78841765
4    0.64731299  0.67114901  0.78841765  0.00000000

--------------------------------------------------------------------------------
n=4
(result of R-step: (0,4:3)0.10415903)
V=[0, 1, 2, 4]
total successes of this branch: 1
Matrix on 4 elements:

0    0.00000000  0.96712682  0.69653065  0.28007342
1    0.96712682  0.00000000  1.51292115  1.17752979
2    0.69653065  1.51292115  0.00000000  0.68514198
4    0.28007342  1.17752979  0.68514198  0.00000000

--------------------------------------------------------------------------------
n=4
(result of R-step: (1,4:3)0.21572743)
V=[0, 1, 2, 4]
total successes of this branch: 0
Matrix on 4 elements:

0    0.00000000  0.94762635  1.62614117  1.23994436
1    0.94762635  0.00000000  0.56381017  0.25867924
2    1.62614117  0.56381017  0.00000000  0.71540242
4    1.23994436  0.25867924  0.71540242  0.00000000
reason of abort: no pseudometric
