n=6
V=[0, 1, 2, 3, 4, 5]
total successes of this branch: 2
Matrix on 6 elements:

0    0.00000000  1.70039901  1.39169479  0.85852873  1.55097373  1.20583203
1    1.70039901  0.00000000  1.69067381  1.27707136  1.03645615  0.76584125
2    1.39169479  1.69067381  0.00000000  1.49173138  1.07692878  1.57380265
3    0.85852873  1.27707136  1.49173138  0.00000000  1.38097546  0.54906925
4    1.55097373  1.03645615  1.07692878  1.38097546  0.00000000  1.23884823
5    1.20583203  0.76584125  1.57380265  0.54906925  1.23884823  0.00000000

--------------------------------------------------------------------------------
n=5
(result of R-step: (1,3:5)0.41253778)
V=[0, 1, 2, 3, 4]
total successes of this branch: 2
Matrix on 5 elements:

0    0.00000000  1.68147944  1.39169479  0.83960916  1.55097373
1    1.68147944  0.00000000  1.67175424  1.23923222  1.01753658
2    1.39169479  1.67175424  0.00000000  1.47281181  1.07692878
3    0.83960916  1.23923222  1.47281181  0.00000000  1.36205589
4    1.55097373  1.01753658  1.07692878  1.36205589  0.00000000

--------------------------------------------------------------------------------
n=4
(result of R-step: (0,3:4)0.33282248)
V=[0, 1, 2, 3]
total successes of this branch: 0
reason of abort: negative delta/dxy

--------------------------------------------------------------------------------
n=4
(result of R-step: (1,2:4)0.51595971)
V=[0, 1, 2, 3]
total successes of this branch: 1
Matrix on 4 elements:

0    0.00000000  1.48904345  1.18033923  0.83960916
1    1.48904345  0.00000000  1.26796269  1.04679623
2    1.18033923  1.26796269  0.00000000  1.26145625
3    0.83960916  1.04679623  1.26145625  0.00000000

--------------------------------------------------------------------------------
n=4
(result of R-step: (2,3:0)0.35299894)
V=[1, 2, 3, 4]
total successes of this branch: 1
Matrix on 4 elements:

1    0.00000000  1.46039868  1.21593956  1.01753658
2    1.46039868  0.00000000  1.23816359  0.86557322
3    1.21593956  1.23816359  0.00000000  1.33876323
4    1.01753658  0.86557322  1.33876323  0.00000000
