n=6
V=[0, 1, 2, 3, 4, 5]
total successes of this branch: 2
Matrix on 6 elements:

0    0.00000000  1.38105309  1.18680496  0.77348530  1.17920519  1.18466310
1    1.38105309  0.00000000  1.26302589  1.36006383  1.26481014  1.26352875
2    1.18680496  1.26302589  0.00000000  1.09740416  0.06782284  0.03599687
3    0.77348530  1.36006383  1.09740416  0.00000000  1.07811850  1.09196884
4    1.17920519  1.26481014  0.06782284  1.07811850  0.00000000  0.05533330
5    1.18466310  1.26352875  0.03599687  1.09196884  0.05533330  0.00000000

--------------------------------------------------------------------------------
n=5
(result of R-step: (1,3:0)0.55462483)
V=[1, 2, 3, 4, 5]
total successes of this branch: 2
Matrix on 5 elements:

1    0.00000000  0.56185682  0.63462618  0.56364107  0.56235968
2    0.56185682  0.00000000  1.07313557  0.06782284  0.03599687
3    0.63462618  1.07313557  0.00000000  1.05384991  1.06770025
4    0.56364107  0.06782284  1.05384991  0.00000000  0.05533330
5    0.56235968  0.03599687  1.06770025  0.05533330  0.00000000

--------------------------------------------------------------------------------
n=4
(result of R-step: (2,3:1)0.33128182)
V=[2, 3, 4, 5]
total successes of this branch: 1
Matrix on 4 elements:

2    0.00000000  0.73039653  0.05606917  0.02424321
3    0.73039653  0.00000000  0.72286454  0.73671488
4    0.05606917  0.72286454  0.00000000  0.05533330
5    0.02424321  0.73671488  0.05533330  0.00000000

--------------------------------------------------------------------------------
n=4
(result of R-step: (2,4:5)0.71816773)
V=[1, 2, 3, 4]
total successes of this branch: 1
Matrix on 4 elements:

1    0.00000000  0.55010316  0.63462618  0.55188741
2    0.55010316  0.00000000  1.06138190  0.04431550
3    0.63462618  1.06138190  0.00000000  1.04209624
4    0.55188741  0.04431550  1.04209624  0.00000000

--------------------------------------------------------------------------------
n=4
(result of R-step: (3,5:1)0.45445956)
V=[2, 3, 4, 5]
total successes of this branch: 0
reason of abort: negative delta/dxy
