n=6
V=[0, 1, 2, 3, 4, 5]
total successes of this branch: 1
Matrix on 6 elements:

0    0.00000000  2.53002507  2.43305338  1.74713325  2.10371185  2.07653721
1    2.53002507  0.00000000  2.50980677  2.52052430  2.51495274  2.51537735
2    2.43305338  2.50980677  0.00000000  1.82500581  1.05396368  1.11272434
3    1.74713325  2.52052430  1.82500581  0.00000000  1.11285934  1.05226546
4    2.10371185  2.51495274  1.05396368  1.11285934  0.00000000  0.37835603
5    2.07653721  2.51537735  1.11272434  1.05226546  0.37835603  0.00000000

--------------------------------------------------------------------------------
n=5
(result of R-step: (0,2:1)0.67883691)
V=[0, 2, 3, 4, 5]
total successes of this branch: 1
Matrix on 5 elements:

0    0.00000000  1.52541637  1.01040484  1.36698345  1.33980880
2    1.52541637  0.00000000  1.65409721  0.88305508  0.94181573
3    1.01040484  1.65409721  0.00000000  1.11285934  1.05226546
4    1.36698345  0.88305508  1.11285934  0.00000000  0.37835603
5    1.33980880  0.94181573  1.05226546  0.37835603  0.00000000

--------------------------------------------------------------------------------
n=4
(result of R-step: (0,3:4)0.23336631)
V=[0, 2, 3, 5]
total successes of this branch: 0
reason of abort: negative delta/dxy

--------------------------------------------------------------------------------
n=4
(result of R-step: (0,5:3)0.05486510)
V=[0, 2, 4, 5]
total successes of this branch: 0
reason of abort: negative delta/dxy

--------------------------------------------------------------------------------
n=4
(result of R-step: (2,5:4)0.08029144)
V=[0, 2, 3, 5]
total successes of this branch: 1
Matrix on 4 elements:

0    0.00000000  1.49685081  1.01040484  1.18189772
2    1.49685081  0.00000000  1.62553166  0.75533910
3    1.01040484  1.62553166  0.00000000  0.89435438
5    1.18189772  0.75533910  0.89435438  0.00000000
