n=6
V=[0, 1, 2, 3, 4, 5]
total successes of this branch: 2
Matrix on 6 elements:

0    0.00000000  1.58984668  1.46361525  1.12264800  0.98306387  1.47955327
1    1.58984668  0.00000000  1.55153877  1.45108401  1.51946111  1.38963381
2    1.46361525  1.55153877  0.00000000  1.48374938  1.47382802  0.43113273
3    1.12264800  1.45108401  1.48374938  0.00000000  0.97896379  1.47962504
4    0.98306387  1.51946111  1.47382802  0.97896379  0.00000000  1.47958967
5    1.47955327  1.38963381  0.43113273  1.47962504  1.47958967  0.00000000

--------------------------------------------------------------------------------
n=5
(result of R-step: (1,2:5)0.12626029)
V=[0, 1, 2, 3, 4]
total successes of this branch: 2
Matrix on 5 elements:

0    0.00000000  1.45523280  1.32900137  1.12264800  0.98306387
1    1.45523280  0.00000000  1.28231101  1.31647013  1.38484723
2    1.32900137  1.28231101  0.00000000  1.34913549  1.33921414
3    1.12264800  1.31647013  1.34913549  0.00000000  0.97896379
4    0.98306387  1.38484723  1.33921414  0.97896379  0.00000000

--------------------------------------------------------------------------------
n=4
(result of R-step: (0,2:3)0.74547401)
V=[0, 1, 2, 4]
total successes of this branch: 0
reason of abort: negative delta/dxy

--------------------------------------------------------------------------------
n=4
(result of R-step: (1,4:3)0.24507584)
V=[0, 1, 2, 4]
total successes of this branch: 1
Matrix on 4 elements:

0    0.00000000  0.95100406  1.32900137  0.57527174
1    0.95100406  0.00000000  0.77808226  0.47282636
2    1.32900137  0.77808226  0.00000000  0.93142202
4    0.57527174  0.47282636  0.93142202  0.00000000

--------------------------------------------------------------------------------
n=4
(result of R-step: (2,3:1)0.47628378)
V=[0, 2, 3, 4]
total successes of this branch: 1
Matrix on 4 elements:

0    0.00000000  0.97055453  0.70295817  0.98306387
2    0.97055453  0.00000000  0.57099883  0.98076731
3    0.70295817  0.57099883  0.00000000  0.55927396
4    0.98306387  0.98076731  0.55927396  0.00000000

--------------------------------------------------------------------------------
n=4
(result of R-step: (2,4:3)0.46370885)
V=[0, 1, 2, 4]
total successes of this branch: 0
Matrix on 4 elements:

0    0.00000000  1.45523280  0.62623610  0.62990823
1    1.45523280  0.00000000  0.57954574  1.03169159
2    0.62623610  0.57954574  0.00000000  0.28329324
4    0.62990823  1.03169159  0.28329324  0.00000000
reason of abort: no pseudometric
