n=6
V=[0, 1, 2, 3, 4, 5]
total successes of this branch: 3
Matrix on 6 elements:

0    0.00000000  0.82418606  0.81760637  0.82114676  0.72574017  0.82254666
1    0.82418606  0.00000000  0.81774771  0.67066577  0.81957365  0.42381579
2    0.81760637  0.81774771  0.00000000  0.69148340  0.58554770  0.74964070
3    0.82114676  0.67066577  0.69148340  0.00000000  0.72825637  0.38158399
4    0.72574017  0.81957365  0.58554770  0.72825637  0.00000000  0.77031708
5    0.82254666  0.42381579  0.74964070  0.38158399  0.77031708  0.00000000

--------------------------------------------------------------------------------
n=5
(result of R-step: (0,2:4)0.28360342)
V=[0, 1, 2, 3, 5]
total successes of this branch: 3
Matrix on 5 elements:

0    0.00000000  0.57734531  0.32392487  0.57430601  0.57570591
1    0.57734531  0.00000000  0.57090696  0.67066577  0.42381579
2    0.32392487  0.57090696  0.00000000  0.44464265  0.50279995
3    0.57430601  0.67066577  0.44464265  0.00000000  0.38158399
5    0.57570591  0.42381579  0.50279995  0.38158399  0.00000000

--------------------------------------------------------------------------------
n=4
(result of R-step: (0,1:3)0.21067529)
V=[0, 1, 2, 5]
total successes of this branch: 0
reason of abort: negative delta/dxy

--------------------------------------------------------------------------------
n=4
(result of R-step: (0,2:5)0.68194365)
V=[0, 1, 2, 3]
total successes of this branch: 0
reason of abort: negative delta/dxy

--------------------------------------------------------------------------------
n=4
(result of R-step: (0,3:2)0.76876194)
V=[0, 1, 3, 5]
total successes of this branch: 1
Matrix on 4 elements:

0    0.00000000  0.43481676  0.36441046  0.43317736
1    0.43481676  0.00000000  0.60329877  0.42381579
3    0.36441046  0.60329877  0.00000000  0.31421699
5    0.43317736  0.42381579  0.31421699  0.00000000

--------------------------------------------------------------------------------
n=4
(result of R-step: (0,5:1)0.59466224)
V=[0, 2, 3, 5]
total successes of this branch: 0
reason of abort: negative delta/dxy

--------------------------------------------------------------------------------
n=4
(result of R-step: (0,5:3)0.91757841)
V=[0, 1, 2, 5]
total successes of this branch: 0
reason of abort: negative delta/dxy

--------------------------------------------------------------------------------
n=4
(result of R-step: (1,2:0)0.18608540)
V=[1, 2, 3, 5]
total successes of this branch: 1
Matrix on 4 elements:

1    0.00000000  0.42362761  0.60329877  0.35644878
2    0.42362761  0.00000000  0.36473030  0.42288760
3    0.60329877  0.36473030  0.00000000  0.38158399
5    0.35644878  0.42288760  0.38158399  0.00000000

--------------------------------------------------------------------------------
n=4
(result of R-step: (1,3:5)0.46059965)
V=[0, 1, 2, 3]
total successes of this branch: 1
Matrix on 4 elements:

0    0.00000000  0.50997830  0.32392487  0.50693901
1    0.50997830  0.00000000  0.50353996  0.53593176
2    0.32392487  0.50353996  0.00000000  0.37727565
3    0.50693901  0.53593176  0.37727565  0.00000000

--------------------------------------------------------------------------------
n=4
(result of R-step: (2,3:1)0.10547041)
V=[0, 2, 3, 5]
total successes of this branch: 0
reason of abort: negative delta/dxy

--------------------------------------------------------------------------------
n=4
(result of R-step: (2,5:1)0.91298011)
V=[0, 2, 3, 5]
total successes of this branch: 0
reason of abort: negative delta/dxy

--------------------------------------------------------------------------------
n=4
(result of R-step: (2,5:3)0.62237948)
V=[0, 1, 2, 5]
total successes of this branch: 0
reason of abort: negative delta/dxy
