n=6
V=[0, 1, 2, 3, 4, 5]
total successes of this branch: 1
Matrix on 6 elements:

0    0.00000000  1.73136053  1.67969562  1.49572021  1.12376169  1.59362455
1    1.73136053  0.00000000  1.72532784  1.72987378  1.73119631  1.72745461
2    1.67969562  1.72532784  0.00000000  1.61952608  1.67304945  1.00597804
3    1.49572021  1.72987378  1.61952608  0.00000000  1.44953292  1.08013495
4    1.12376169  1.73119631  1.67304945  1.44953292  0.00000000  1.56847946
5    1.59362455  1.72745461  1.00597804  1.08013495  1.56847946  0.00000000

--------------------------------------------------------------------------------
n=5
(result of R-step: (1,4:0)0.17337849)
V=[1, 2, 3, 4, 5]
total successes of this branch: 1
Matrix on 5 elements:

1    0.00000000  0.85228354  0.85682948  0.35851146  0.85441031
2    0.85228354  0.00000000  1.61952608  1.17340889  1.00597804
3    0.85682948  1.61952608  0.00000000  0.94989236  1.08013495
4    0.35851146  1.17340889  0.94989236  0.00000000  1.06883890
5    0.85441031  1.00597804  1.08013495  1.06883890  0.00000000

--------------------------------------------------------------------------------
n=4
(result of R-step: (1,3:4)0.80296725)
V=[1, 2, 3, 5]
total successes of this branch: 1
Matrix on 4 elements:

1    0.00000000  0.83999503  0.61124751  0.84212180
2    0.83999503  0.00000000  1.38623262  1.00597804
3    0.61124751  1.38623262  0.00000000  0.84684149
5    0.84212180  1.00597804  0.84684149  0.00000000

--------------------------------------------------------------------------------
n=4
(result of R-step: (1,5:2)0.89281627)
V=[1, 3, 4, 5]
total successes of this branch: 0
reason of abort: negative delta/dxy

--------------------------------------------------------------------------------
n=4
(result of R-step: (2,5:4)0.67524317)
V=[1, 2, 3, 5]
total successes of this branch: 0
reason of abort: negative delta/dxy
