n=6
V=[0, 1, 2, 3, 4, 5]
total successes of this branch: 2
Matrix on 6 elements:

0    0.00000000  0.74996858  0.54468961  0.65646775  0.31995121  0.73630661
1    0.74996858  0.00000000  0.72422547  0.51992984  0.73666131  0.05003433
2    0.54468961  0.72422547  0.00000000  0.67234077  0.30420284  0.67615678
3    0.65646775  0.51992984  0.67234077  0.00000000  0.66467292  0.53007328
4    0.31995121  0.73666131  0.30420284  0.66467292  0.00000000  0.70787982
5    0.73630661  0.05003433  0.67615678  0.53007328  0.70787982  0.00000000

--------------------------------------------------------------------------------
n=5
(result of R-step: (1,2:5)0.93344682)
V=[0, 1, 2, 3, 4]
total successes of this branch: 2
Matrix on 5 elements:

0    0.00000000  0.74898576  0.54370679  0.65646775  0.31995121
1    0.74898576  0.00000000  0.72225983  0.51894702  0.73567849
2    0.54370679  0.72225983  0.00000000  0.67135795  0.30322002
3    0.65646775  0.51894702  0.67135795  0.00000000  0.66467292
4    0.31995121  0.73567849  0.30322002  0.66467292  0.00000000

--------------------------------------------------------------------------------
n=4
(result of R-step: (0,1:3)0.08476339)
V=[0, 1, 2, 4]
total successes of this branch: 1
Matrix on 4 elements:

0    0.00000000  0.44089257  0.50397457  0.28021899
1    0.44089257  0.00000000  0.45389886  0.46731752
2    0.50397457  0.45389886  0.00000000  0.30322002
4    0.28021899  0.46731752  0.30322002  0.00000000

--------------------------------------------------------------------------------
n=4
(result of R-step: (0,2:4)0.48307447)
V=[0, 1, 2, 3]
total successes of this branch: 1
Matrix on 4 elements:

0    0.00000000  0.70925353  0.46522517  0.61673552
1    0.70925353  0.00000000  0.68351043  0.51894702
2    0.46522517  0.68351043  0.00000000  0.63260855
3    0.61673552  0.51894702  0.63260855  0.00000000

--------------------------------------------------------------------------------
n=4
(result of R-step: (1,3:4)0.75983490)
V=[0, 1, 2, 3]
total successes of this branch: 0
reason of abort: negative delta/dxy
