n=6
V=[0, 1, 2, 3, 4, 5]
total successes of this branch: 1
Matrix on 6 elements:

0    0.00000000  2.20994408  2.20129055  2.20220941  2.20500115  2.20131973
1    2.20994408  0.00000000  2.03675261  2.03575636  1.95226100  2.03672096
2    2.20129055  2.03675261  0.00000000  2.02836662  2.03139344  0.80421325
3    2.20220941  2.03575636  2.02836662  0.00000000  1.88792288  1.98820662
4    2.20500115  1.95226100  2.03139344  1.88792288  0.00000000  2.02683620
5    2.20131973  2.03672096  0.80421325  1.98820662  2.02683620  0.00000000

--------------------------------------------------------------------------------
n=5
(result of R-step: (2,3:5)0.96823572)
V=[0, 1, 2, 3, 4]
total successes of this branch: 1
Matrix on 5 elements:

0    0.00000000  2.20994408  1.81926392  1.82018279  2.20500115
1    2.20994408  0.00000000  1.65472598  1.65372974  1.95226100
2    1.81926392  1.65472598  0.00000000  1.26431337  1.64936682
3    1.82018279  1.65372974  1.26431337  0.00000000  1.50589625
4    2.20500115  1.95226100  1.64936682  1.50589625  0.00000000

--------------------------------------------------------------------------------
n=4
(result of R-step: (0,4:3)0.98560376)
V=[0, 1, 2, 4]
total successes of this branch: 0
reason of abort: negative delta/dxy

--------------------------------------------------------------------------------
n=4
(result of R-step: (1,2:0)0.00271705)
V=[1, 2, 3, 4]
total successes of this branch: 1
Matrix on 4 elements:

1    0.00000000  0.12081758  0.75151599  1.05004724
2    0.12081758  0.00000000  0.63261873  1.01767217
3    0.75151599  0.63261873  0.00000000  1.50589625
4    1.05004724  1.01767217  1.50589625  0.00000000

--------------------------------------------------------------------------------
n=4
(result of R-step: (2,4:3)0.97828733)
V=[0, 1, 2, 4]
total successes of this branch: 0
reason of abort: negative delta/dxy
