n=6
V=[0, 1, 2, 3, 4, 5]
total successes of this branch: 2
Matrix on 6 elements:

0    0.00000000  1.41905877  1.39978927  1.11809772  1.40769813  1.17522200
1    1.41905877  0.00000000  0.84522579  1.04719745  0.57300498  1.00623958
2    1.39978927  0.84522579  0.00000000  0.88115117  0.45419573  0.73742656
3    1.11809772  1.04719745  0.88115117  0.00000000  0.94930223  0.31614027
4    1.40769813  0.57300498  0.45419573  0.94930223  0.00000000  0.84889949
5    1.17522200  1.00623958  0.73742656  0.31614027  0.84889949  0.00000000

--------------------------------------------------------------------------------
n=5
(result of R-step: (0,4:1)0.37736301)
V=[0, 2, 3, 4, 5]
total successes of this branch: 2
Matrix on 5 elements:

0    0.00000000  0.72619939  0.44450784  0.72801021  0.50163213
2    0.72619939  0.00000000  0.88115117  0.44809768  0.73742656
3    0.44450784  0.88115117  0.00000000  0.94320419  0.31614027
4    0.72801021  0.44809768  0.94320419  0.00000000  0.84280145
5    0.50163213  0.73742656  0.31614027  0.84280145  0.00000000

--------------------------------------------------------------------------------
n=4
(result of R-step: (0,2:4)0.21569383)
V=[0, 2, 3, 5]
total successes of this branch: 1
Matrix on 4 elements:

0    0.00000000  0.63486101  0.43937729  0.49650157
2    0.63486101  0.00000000  0.79494335  0.65121873
3    0.43937729  0.79494335  0.00000000  0.31614027
5    0.49650157  0.65121873  0.31614027  0.00000000

--------------------------------------------------------------------------------
n=4
(result of R-step: (2,3:5)0.20279020)
V=[0, 2, 3, 4]
total successes of this branch: 1
Matrix on 4 elements:

0    0.00000000  0.63999157  0.35830002  0.72801021
2    0.63999157  0.00000000  0.70873552  0.36188986
3    0.35830002  0.70873552  0.00000000  0.85699637
4    0.72801021  0.36188986  0.85699637  0.00000000

--------------------------------------------------------------------------------
n=4
(result of R-step: (3,4:5)0.71970238)
V=[0, 2, 3, 4]
total successes of this branch: 0
Matrix on 4 elements:

0    0.00000000  0.72619939  0.39302605  0.39565652
2    0.72619939  0.00000000  0.82966938  0.11574399
3    0.39302605  0.82966938  0.00000000  0.55936871
4    0.39565652  0.11574399  0.55936871  0.00000000
reason of abort: no pseudometric
