n=6
V=[0, 1, 2, 3, 4, 5]
total successes of this branch: 1
Matrix on 6 elements:

0    0.00000000  0.96356831  0.89841842  0.89979215  0.81912571  0.82044454
1    0.96356831  0.00000000  0.94145354  0.93236873  0.94524635  0.94518327
2    0.89841842  0.94145354  0.00000000  0.51968573  0.51537837  0.51049353
3    0.89979215  0.93236873  0.51968573  0.00000000  0.58487616  0.58379188
4    0.81912571  0.94524635  0.51537837  0.58487616  0.00000000  0.22657138
5    0.82044454  0.94518327  0.51049353  0.58379188  0.22657138  0.00000000

--------------------------------------------------------------------------------
n=5
(result of R-step: (0,3:1)0.42494659)
V=[0, 2, 3, 4, 5]
total successes of this branch: 1
Matrix on 5 elements:

0    0.00000000  0.68037559  0.43031312  0.60108287  0.60240171
2    0.68037559  0.00000000  0.26824954  0.51537837  0.51049353
3    0.43031312  0.26824954  0.00000000  0.33343997  0.33235568
4    0.60108287  0.51537837  0.33343997  0.00000000  0.22657138
5    0.60240171  0.51049353  0.33235568  0.22657138  0.00000000

--------------------------------------------------------------------------------
n=4
(result of R-step: (0,5:4)0.05284087)
V=[0, 2, 3, 5]
total successes of this branch: 1
Matrix on 4 elements:

0    0.00000000  0.35293524  0.10287278  0.16999916
2    0.35293524  0.00000000  0.26824954  0.40553133
3    0.10287278  0.26824954  0.00000000  0.22739348
5    0.16999916  0.40553133  0.22739348  0.00000000

--------------------------------------------------------------------------------
n=4
(result of R-step: (3,4:2)0.73992566)
V=[0, 3, 4, 5]
total successes of this branch: 0
reason of abort: negative delta/dxy

--------------------------------------------------------------------------------
n=4
(result of R-step: (3,5:2)0.75579028)
V=[0, 3, 4, 5]
total successes of this branch: 0
reason of abort: negative delta/dxy
