n=6
V=[0, 1, 2, 3, 4, 5]
total successes of this branch: 1
Matrix on 6 elements:

0    0.00000000  2.38427693  2.24030521  2.09513158  1.67613802  2.22961605
1    2.38427693  0.00000000  1.31927125  1.42643400  0.93530515  1.32716166
2    2.24030521  1.31927125  0.00000000  0.94271318  1.62162940  0.08270106
3    2.09513158  1.42643400  0.94271318  0.00000000  1.64595485  0.87435727
4    1.67613802  0.93530515  1.62162940  1.64595485  0.00000000  1.62342048
5    2.22961605  1.32716166  0.08270106  0.87435727  1.62342048  0.00000000

--------------------------------------------------------------------------------
n=5
(result of R-step: (0,1:4)0.32828121)
V=[0, 1, 2, 3, 5]
total successes of this branch: 1
Matrix on 5 elements:

0    0.00000000  2.15711068  2.12672209  1.98154846  2.11603293
1    2.15711068  0.00000000  1.20568813  1.31285088  1.21357854
2    2.12672209  1.20568813  0.00000000  0.94271318  0.08270106
3    1.98154846  1.31285088  0.94271318  0.00000000  0.87435727
5    2.11603293  1.21357854  0.08270106  0.87435727  0.00000000

--------------------------------------------------------------------------------
n=4
(result of R-step: (0,5:2)0.46588514)
V=[0, 1, 3, 5]
total successes of this branch: 0
reason of abort: negative delta/dxy

--------------------------------------------------------------------------------
n=4
(result of R-step: (1,3:0)0.75632170)
V=[1, 2, 3, 5]
total successes of this branch: 1
Matrix on 4 elements:

1    0.00000000  0.64238143  0.74237160  0.65027184
2    0.64238143  0.00000000  0.93554060  0.08270106
3    0.74237160  0.93554060  0.00000000  0.86718470
5    0.65027184  0.08270106  0.86718470  0.00000000

--------------------------------------------------------------------------------
n=4
(result of R-step: (1,5:2)0.14510429)
V=[0, 1, 3, 5]
total successes of this branch: 0
reason of abort: negative delta/dxy
