n=6
V=[0, 1, 2, 3, 4, 5]
total successes of this branch: 2
Matrix on 6 elements:

0    0.00000000  1.47825713  1.02605503  0.66806419  0.59947059  0.63307931
1    1.47825713  0.00000000  1.18764757  1.26682067  1.31025899  1.28897558
2    1.02605503  1.18764757  0.00000000  1.05949823  1.05262753  1.05599395
3    0.66806419  1.26682067  1.05949823  0.00000000  0.40277774  0.31349651
4    0.59947059  1.31025899  1.05262753  0.40277774  0.00000000  0.30984071
5    0.63307931  1.28897558  1.05599395  0.31349651  0.30984071  0.00000000

--------------------------------------------------------------------------------
n=5
(result of R-step: (0,1:2)0.44905968)
V=[0, 1, 3, 4, 5]
total successes of this branch: 2
Matrix on 5 elements:

0    0.00000000  0.89163963  0.50097213  0.43237852  0.46598724
1    0.89163963  0.00000000  0.84729524  0.89073356  0.86945014
3    0.50097213  0.84729524  0.00000000  0.40277774  0.31349651
4    0.43237852  0.89073356  0.40277774  0.00000000  0.30984071
5    0.46598724  0.86945014  0.31349651  0.30984071  0.00000000

--------------------------------------------------------------------------------
n=4
(result of R-step: (0,4:3)0.30336237)
V=[0, 1, 4, 5]
total successes of this branch: 0
reason of abort: negative delta/dxy

--------------------------------------------------------------------------------
n=4
(result of R-step: (0,5:4)0.41139456)
V=[0, 1, 3, 5]
total successes of this branch: 1
Matrix on 4 elements:

0    0.00000000  0.71426597  0.32359846  0.19858610
1    0.71426597  0.00000000  0.84729524  0.77942267
3    0.32359846  0.84729524  0.00000000  0.22346903
5    0.19858610  0.77942267  0.22346903  0.00000000

--------------------------------------------------------------------------------
n=4
(result of R-step: (1,3:4)0.39288119)
V=[0, 1, 3, 5]
total successes of this branch: 0
reason of abort: negative delta/dxy

--------------------------------------------------------------------------------
n=4
(result of R-step: (1,5:3)0.37330563)
V=[0, 1, 4, 5]
total successes of this branch: 1
Matrix on 4 elements:

0    0.00000000  0.32062055  0.43237852  0.37595977
1    0.32062055  0.00000000  0.31971448  0.20840359
4    0.43237852  0.31971448  0.00000000  0.21981324
5    0.37595977  0.20840359  0.21981324  0.00000000
