n=6
V=[0, 1, 2, 3, 4, 5]
total successes of this branch: 1
Matrix on 6 elements:

0    0.00000000  1.24741703  1.12411407  0.95504083  0.92392956  1.01007094
1    1.24741703  0.00000000  1.16467066  1.20915775  1.21176166  1.19467805
2    1.12411407  1.16467066  0.00000000  0.97870965  0.98860580  0.77953827
3    0.95504083  1.20915775  0.97870965  0.00000000  0.52903325  0.56595144
4    0.92392956  1.21176166  0.98860580  0.52903325  0.00000000  0.67861532
5    1.01007094  1.19467805  0.77953827  0.56595144  0.67861532  0.00000000

--------------------------------------------------------------------------------
n=5
(result of R-step: (1,4:0)0.57631933)
V=[1, 2, 3, 4, 5]
total successes of this branch: 1
Matrix on 5 elements:

1    0.00000000  0.55738723  0.60187433  0.37844809  0.58739463
2    0.55738723  0.00000000  0.97870965  0.76257565  0.77953827
3    0.60187433  0.97870965  0.00000000  0.30300310  0.56595144
4    0.37844809  0.76257565  0.30300310  0.00000000  0.45258518
5    0.58739463  0.77953827  0.56595144  0.45258518  0.00000000

--------------------------------------------------------------------------------
n=4
(result of R-step: (2,3:1)0.21953225)
V=[2, 3, 4, 5]
total successes of this branch: 0
reason of abort: negative delta/dxy

--------------------------------------------------------------------------------
n=4
(result of R-step: (2,4:1)0.47042337)
V=[2, 3, 4, 5]
total successes of this branch: 1
Matrix on 4 elements:

2    0.00000000  0.79531961  0.54263604  0.59614824
3    0.79531961  0.00000000  0.26645352  0.56595144
4    0.54263604  0.26645352  0.00000000  0.41603560
5    0.59614824  0.56595144  0.41603560  0.00000000

--------------------------------------------------------------------------------
n=4
(result of R-step: (4,5:3)0.96201639)
V=[1, 2, 4, 5]
total successes of this branch: 0
reason of abort: negative delta/dxy
