n=6
V=[0, 1, 2, 3, 4, 5]
total successes of this branch: 2
Matrix on 6 elements:

0    0.00000000  0.83132944  0.77332637  0.78598694  0.55764596  0.68334178
1    0.83132944  0.00000000  0.69943084  0.68555244  0.79966989  0.54056338
2    0.77332637  0.69943084  0.00000000  0.64972681  0.76566450  0.73524507
3    0.78598694  0.68555244  0.64972681  0.00000000  0.77557337  0.73422906
4    0.55764596  0.79966989  0.76566450  0.77557337  0.00000000  0.49461151
5    0.68334178  0.54056338  0.73524507  0.73422906  0.49461151  0.00000000

--------------------------------------------------------------------------------
n=5
(result of R-step: (1,4:5)0.45927443)
V=[0, 1, 2, 3, 4]
total successes of this branch: 2
Matrix on 5 elements:

0    0.00000000  0.71357695  0.77332637  0.78598694  0.43989346
1    0.71357695  0.00000000  0.58167835  0.56779994  0.56416490
2    0.77332637  0.58167835  0.00000000  0.64972681  0.64791200
3    0.78598694  0.56779994  0.64972681  0.00000000  0.65782087
4    0.43989346  0.56416490  0.64791200  0.65782087  0.00000000

--------------------------------------------------------------------------------
n=4
(result of R-step: (0,1:4)0.89631482)
V=[0, 1, 2, 3]
total successes of this branch: 1
Matrix on 4 elements:

0    0.00000000  0.30534303  0.51033316  0.52299374
1    0.30534303  0.00000000  0.43643764  0.42255923
2    0.51033316  0.43643764  0.00000000  0.64972681
3    0.52299374  0.42255923  0.64972681  0.00000000

--------------------------------------------------------------------------------
n=4
(result of R-step: (0,4:3)0.07585015)
V=[0, 1, 2, 4]
total successes of this branch: 0
reason of abort: negative delta/dxy

--------------------------------------------------------------------------------
n=4
(result of R-step: (1,2:3)0.11466522)
V=[0, 1, 2, 4]
total successes of this branch: 1
Matrix on 4 elements:

0    0.00000000  0.56833624  0.45507569  0.43989346
1    0.56833624  0.00000000  0.11818696  0.41892419
2    0.45507569  0.11818696  0.00000000  0.32966132
4    0.43989346  0.41892419  0.32966132  0.00000000
