n=6
V=[0, 1, 2, 3, 4, 5]
total successes of this branch: 2
Matrix on 6 elements:

0    0.00000000  0.74565453  0.69684446  0.71680255  0.43394970  0.35154437
1    0.74565453  0.00000000  0.65978971  0.23618246  0.70541214  0.71398602
2    0.69684446  0.65978971  0.00000000  0.66177570  0.46495161  0.51435776
3    0.71680255  0.23618246  0.66177570  0.00000000  0.69101303  0.69650764
4    0.43394970  0.70541214  0.46495161  0.69101303  0.00000000  0.12957715
5    0.35154437  0.71398602  0.51435776  0.69650764  0.12957715  0.00000000

--------------------------------------------------------------------------------
n=5
(result of R-step: (2,3:1)0.07012442)
V=[0, 2, 3, 4, 5]
total successes of this branch: 2
Matrix on 5 elements:

0    0.00000000  0.59581603  0.63102533  0.43394970  0.35154437
2    0.59581603  0.00000000  0.47497005  0.36392318  0.41332934
3    0.63102533  0.47497005  0.00000000  0.60523581  0.61073042
4    0.43394970  0.36392318  0.60523581  0.00000000  0.12957715
5    0.35154437  0.41332934  0.61073042  0.12957715  0.00000000

--------------------------------------------------------------------------------
n=4
(result of R-step: (0,2:3)0.33313897)
V=[0, 2, 4, 5]
total successes of this branch: 1
Matrix on 4 elements:

0    0.00000000  0.52837057  0.41036379  0.32795846
2    0.52837057  0.00000000  0.32006363  0.36946979
4    0.41036379  0.32006363  0.00000000  0.12957715
5    0.32795846  0.36946979  0.12957715  0.00000000

--------------------------------------------------------------------------------
n=4
(result of R-step: (3,4:2)0.42905825)
V=[0, 3, 4, 5]
total successes of this branch: 1
Matrix on 4 elements:

0    0.00000000  0.57030367  0.41036379  0.35154437
3    0.57030367  0.00000000  0.52092825  0.55000877
4    0.41036379  0.52092825  0.00000000  0.10599124
5    0.35154437  0.55000877  0.10599124  0.00000000
