n=6
V=[0, 1, 2, 3, 4, 5]
total successes of this branch: 2
Matrix on 6 elements:

0    0.00000000  0.97388644  0.95699095  0.97116186  0.95889319  0.95885238
1    0.97388644  0.00000000  0.93666746  0.56948831  0.88737904  0.88843652
2    0.95699095  0.93666746  0.00000000  0.86607163  0.51397526  0.51036163
3    0.97116186  0.56948831  0.86607163  0.00000000  0.81147967  0.81265095
4    0.95889319  0.88737904  0.51397526  0.81147967  0.00000000  0.34916105
5    0.95885238  0.88843652  0.51036163  0.81265095  0.34916105  0.00000000

--------------------------------------------------------------------------------
n=5
(result of R-step: (2,4:5)0.02145507)
V=[0, 1, 2, 3, 4]
total successes of this branch: 2
Matrix on 5 elements:

0    0.00000000  0.97388644  0.78421724  0.97116186  0.78611948
1    0.97388644  0.00000000  0.76389376  0.56948831  0.71460533
2    0.78421724  0.76389376  0.00000000  0.69329792  0.16842784
3    0.97116186  0.56948831  0.69329792  0.00000000  0.63870597
4    0.78611948  0.71460533  0.16842784  0.63870597  0.00000000

--------------------------------------------------------------------------------
n=4
(result of R-step: (0,4:2)0.07247754)
V=[0, 1, 3, 4]
total successes of this branch: 1
Matrix on 4 elements:

0    0.00000000  0.80433464  0.80161007  0.57292698
1    0.80433464  0.00000000  0.56948831  0.67096462
3    0.80161007  0.56948831  0.00000000  0.59506526
4    0.57292698  0.67096462  0.59506526  0.00000000

--------------------------------------------------------------------------------
n=4
(result of R-step: (1,2:4)0.18021695)
V=[0, 1, 2, 3]
total successes of this branch: 0
Matrix on 4 elements:

0    0.00000000  0.63913008  0.74576768  0.97116186
1    0.63913008  0.00000000  0.39068783  0.23473195
2    0.74576768  0.39068783  0.00000000  0.65484836
3    0.97116186  0.23473195  0.65484836  0.00000000
reason of abort: no pseudometric

--------------------------------------------------------------------------------
n=4
(result of R-step: (2,3:4)0.86576463)
V=[0, 1, 2, 3]
total successes of this branch: 1
Matrix on 4 elements:

0    0.00000000  0.97388644  0.72729930  0.74147021
1    0.97388644  0.00000000  0.70697581  0.33979666
2    0.72729930  0.70697581  0.00000000  0.40668833
3    0.74147021  0.33979666  0.40668833  0.00000000
