n=6
V=[0, 1, 2, 3, 4, 5]
total successes of this branch: 2
Matrix on 6 elements:

0    0.00000000  1.60966051  1.60939557  1.60947686  1.25876824  1.60947717
1    1.60966051  0.00000000  1.54086943  1.47562619  1.55868792  1.47423383
2    1.60939557  1.54086943  0.00000000  1.39345753  1.60070371  1.39371141
3    1.60947686  1.47562619  1.39345753  0.00000000  1.59249922  0.66857367
4    1.25876824  1.55868792  1.60070371  1.59249922  0.00000000  1.59244099
5    1.60947717  1.47423383  1.39371141  0.66857367  1.59244099  0.00000000

--------------------------------------------------------------------------------
n=5
(result of R-step: (2,4:0)0.18758613)
V=[1, 2, 3, 4, 5]
total successes of this branch: 2
Matrix on 5 elements:

1    0.00000000  0.86212366  1.47562619  1.00220841  1.47423383
2    0.86212366  0.00000000  0.71471177  0.36547844  0.71496565
3    1.47562619  0.71471177  0.00000000  1.03601971  0.66857367
4    1.00220841  0.36547844  1.03601971  0.00000000  1.03596148
5    1.47423383  0.71496565  0.66857367  1.03596148  0.00000000

--------------------------------------------------------------------------------
n=4
(result of R-step: (1,2:4)0.18959242)
V=[1, 2, 3, 5]
total successes of this branch: 1
Matrix on 4 elements:

1    0.00000000  0.51311978  1.14203554  1.14064318
2    0.51311978  0.00000000  0.69929854  0.69955243
3    1.14203554  0.69929854  0.00000000  0.66857367
5    1.14064318  0.69955243  0.66857367  0.00000000

--------------------------------------------------------------------------------
n=4
(result of R-step: (2,5:3)0.02285530)
V=[1, 2, 4, 5]
total successes of this branch: 1
Matrix on 4 elements:

1    0.00000000  0.84671044  1.00220841  1.14836060
2    0.84671044  0.00000000  0.35006521  0.37367920
4    1.00220841  0.35006521  0.00000000  0.71008825
5    1.14836060  0.37367920  0.71008825  0.00000000
