n=6
V=[0, 1, 2, 3, 4, 5]
total successes of this branch: 1
Matrix on 6 elements:

0    0.00000000  2.32951662  1.94058404  0.93248566  0.48562219  1.09138292
1    2.32951662  0.00000000  2.19487885  1.86337399  2.29449807  1.69211931
2    1.94058404  2.19487885  0.00000000  2.00420541  1.94536354  2.02589246
3    0.93248566  1.86337399  2.00420541  0.00000000  0.89618866  0.52895077
4    0.48562219  2.29449807  1.94536354  0.89618866  0.00000000  1.05523133
5    1.09138292  1.69211931  2.02589246  0.52895077  1.05523133  0.00000000

--------------------------------------------------------------------------------
n=5
(result of R-step: (1,3:5)0.11373925)
V=[0, 1, 2, 3, 4]
total successes of this branch: 1
Matrix on 5 elements:

0    0.00000000  2.15066858  1.94058404  0.75363762  0.48562219
1    2.15066858  0.00000000  2.01603080  1.50567791  2.11565003
2    1.94058404  2.01603080  0.00000000  1.82535737  1.94536354
3    0.75363762  1.50567791  1.82535737  0.00000000  0.71734062
4    0.48562219  2.11565003  1.94536354  0.71734062  0.00000000

--------------------------------------------------------------------------------
n=4
(result of R-step: (0,1:2)0.55805568)
V=[0, 1, 3, 4]
total successes of this branch: 1
Matrix on 4 elements:

0    0.00000000  1.83948132  0.52897503  0.26095959
1    1.83948132  0.00000000  1.41915324  2.02912536
3    0.52897503  1.41915324  0.00000000  0.71734062
4    0.26095959  2.02912536  0.71734062  0.00000000

--------------------------------------------------------------------------------
n=4
(result of R-step: (1,4:2)0.39573572)
V=[0, 1, 3, 4]
total successes of this branch: 0
reason of abort: negative delta/dxy

--------------------------------------------------------------------------------
n=4
(result of R-step: (2,3:1)0.03112366)
V=[0, 2, 3, 4]
total successes of this branch: 0
reason of abort: negative delta/dxy
