n=6
V=[0, 1, 2, 3, 4, 5]
total successes of this branch: 2
Matrix on 6 elements:

0    0.00000000  2.02452461  1.85563366  1.18586807  1.61180281  1.98166739
1    2.02452461  0.00000000  1.97607975  1.71257383  1.07577418  0.68149296
2    1.85563366  1.97607975  0.00000000  1.88828881  1.93287585  1.53586125
3    1.18586807  1.71257383  1.88828881  0.00000000  1.09552837  1.75716269
4    1.61180281  1.07577418  1.93287585  1.09552837  0.00000000  1.29326949
5    1.98166739  0.68149296  1.53586125  1.75716269  1.29326949  0.00000000

--------------------------------------------------------------------------------
n=5
(result of R-step: (0,4:3)0.66412436)
V=[0, 1, 2, 4, 5]
total successes of this branch: 2
Matrix on 5 elements:

0    0.00000000  1.54434993  1.37545899  1.10426760  1.50149272
1    1.54434993  0.00000000  1.97607975  1.04841364  0.68149296
2    1.37545899  1.97607975  0.00000000  1.90551530  1.53586125
4    1.10426760  1.04841364  1.90551530  0.00000000  1.26590894
5    1.50149272  0.68149296  1.53586125  1.26590894  0.00000000

--------------------------------------------------------------------------------
n=4
(result of R-step: (0,4:5)0.00266413)
V=[0, 1, 2, 4]
total successes of this branch: 0
reason of abort: negative delta/dxy

--------------------------------------------------------------------------------
n=4
(result of R-step: (1,2:5)0.74624328)
V=[0, 1, 2, 4]
total successes of this branch: 1
Matrix on 4 elements:

0    0.00000000  1.42371270  1.25482175  1.10426760
1    1.42371270  0.00000000  1.73480528  0.92777640
2    1.25482175  1.73480528  0.00000000  1.78487807
4    1.10426760  0.92777640  1.78487807  0.00000000

--------------------------------------------------------------------------------
n=4
(result of R-step: (1,5:0)0.00188393)
V=[1, 2, 4, 5]
total successes of this branch: 0
reason of abort: negative delta/dxy

--------------------------------------------------------------------------------
n=4
(result of R-step: (2,4:0)0.39584469)
V=[1, 2, 4, 5]
total successes of this branch: 1
Matrix on 4 elements:

1    0.00000000  1.85544251  0.86530270  0.68149296
2    1.85544251  0.00000000  1.60176714  1.41522402
4    0.86530270  1.60176714  0.00000000  1.08279801
5    0.68149296  1.41522402  1.08279801  0.00000000
