n=6
V=[0, 1, 2, 3, 4, 5]
total successes of this branch: 5
Matrix on 6 elements:

0    0.00000000  1.40800457  1.35072264  1.10438248  1.03880666  1.40577708
1    1.40800457  0.00000000  0.84583216  1.00458541  1.03570794  0.24821729
2    1.35072264  0.84583216  0.00000000  0.72473015  0.77302353  0.82165283
3    1.10438248  1.00458541  0.72473015  0.00000000  0.31994583  0.99370285
4    1.03880666  1.03570794  0.77302353  0.31994583  0.00000000  1.02549309
5    1.40577708  0.24821729  0.82165283  0.99370285  1.02549309  0.00000000

--------------------------------------------------------------------------------
n=5
(result of R-step: (0,3:4)0.07714689)
V=[0, 1, 2, 3, 5]
total successes of this branch: 5
Matrix on 5 elements:

0    0.00000000  1.28081956  1.22353763  0.85001246  1.27859207
1    1.28081956  0.00000000  0.84583216  0.87740040  0.24821729
2    1.22353763  0.84583216  0.00000000  0.59754515  0.82165283
3    0.85001246  0.87740040  0.59754515  0.00000000  0.86651784
5    1.27859207  0.24821729  0.82165283  0.86651784  0.00000000

--------------------------------------------------------------------------------
n=4
(result of R-step: (0,1:2)0.80669395)
V=[0, 1, 3, 5]
total successes of this branch: 0
Matrix on 4 elements:

0    0.00000000  0.33414733  0.08534264  0.51392225
1    0.33414733  0.00000000  0.69539799  0.06621488
3    0.08534264  0.69539799  0.00000000  0.86651784
5    0.51392225  0.06621488  0.86651784  0.00000000
reason of abort: no pseudometric

--------------------------------------------------------------------------------
n=4
(result of R-step: (0,2:3)0.60572455)
V=[0, 1, 2, 5]
total successes of this branch: 1
Matrix on 4 elements:

0    0.00000000  0.78594452  0.61664362  0.78371703
1    0.78594452  0.00000000  0.73381318  0.24821729
2    0.61664362  0.73381318  0.00000000  0.70963385
5    0.78371703  0.24821729  0.70963385  0.00000000

--------------------------------------------------------------------------------
n=4
(result of R-step: (0,5:1)0.03178079)
V=[0, 2, 3, 5]
total successes of this branch: 1
Matrix on 4 elements:

0    0.00000000  0.72866260  0.35513742  0.68240965
2    0.72866260  0.00000000  0.59754515  0.72034544
3    0.35513742  0.59754515  0.00000000  0.76521045
5    0.68240965  0.72034544  0.76521045  0.00000000

--------------------------------------------------------------------------------
n=4
(result of R-step: (0,5:2)0.82602349)
V=[0, 1, 3, 5]
total successes of this branch: 0
Matrix on 4 elements:

0    0.00000000  0.52028942  0.08948233  0.45815556
1    0.52028942  0.00000000  0.87740040  0.18831092
3    0.08948233  0.87740040  0.00000000  0.80661146
5    0.45815556  0.18831092  0.80661146  0.00000000
reason of abort: no pseudometric

--------------------------------------------------------------------------------
n=4
(result of R-step: (1,2:5)0.96111361)
V=[0, 1, 2, 3]
total successes of this branch: 1
Matrix on 4 elements:

0    0.00000000  1.16880058  1.11151865  0.85001246
1    1.16880058  0.00000000  0.62179420  0.76538142
2    1.11151865  0.62179420  0.00000000  0.48552617
3    0.85001246  0.76538142  0.48552617  0.00000000

--------------------------------------------------------------------------------
n=4
(result of R-step: (1,3:0)0.24685129)
V=[1, 2, 3, 5]
total successes of this branch: 1
Matrix on 4 elements:

1    0.00000000  0.73381318  0.71975794  0.13619831
2    0.73381318  0.00000000  0.55192167  0.82165283
3    0.71975794  0.55192167  0.00000000  0.82089436
5    0.13619831  0.82165283  0.82089436  0.00000000

--------------------------------------------------------------------------------
n=4
(result of R-step: (1,3:2)0.39880577)
V=[0, 1, 3, 5]
total successes of this branch: 0
Matrix on 4 elements:

0    0.00000000  1.13459890  0.81182515  1.27859207
1    1.13459890  0.00000000  0.69299242  0.10199663
3    0.81182515  0.69299242  0.00000000  0.82833052
5    1.27859207  0.10199663  0.82833052  0.00000000
reason of abort: no pseudometric

--------------------------------------------------------------------------------
n=4
(result of R-step: (3,5:0)0.73915888)
V=[1, 2, 3, 5]
total successes of this branch: 0
Matrix on 4 elements:

1    0.00000000  0.84583216  0.83921308  0.11295923
2    0.84583216  0.00000000  0.55935783  0.68639476
3    0.83921308  0.55935783  0.00000000  0.69307246
5    0.11295923  0.68639476  0.69307246  0.00000000
reason of abort: no pseudometric

--------------------------------------------------------------------------------
n=4
(result of R-step: (3,5:1)0.10735872)
V=[0, 2, 3, 5]
total successes of this branch: 0
Matrix on 4 elements:

0    0.00000000  1.22353763  0.59073422  1.21868570
2    1.22353763  0.00000000  0.33826690  0.76174645
3    0.59073422  0.33826690  0.00000000  0.54733322
5    1.21868570  0.76174645  0.54733322  0.00000000
reason of abort: no pseudometric

--------------------------------------------------------------------------------
n=4
(result of R-step: (3,5:2)0.61702809)
V=[0, 1, 3, 5]
total successes of this branch: 1
Matrix on 4 elements:

0    0.00000000  1.28081956  0.80438899  1.17728469
1    1.28081956  0.00000000  0.83177692  0.14690991
3    0.80438899  0.83177692  0.00000000  0.71958698
5    1.17728469  0.14690991  0.71958698  0.00000000
