n=6
V=[0, 1, 2, 3, 4, 5]
total successes of this branch: 1
Matrix on 6 elements:

0    0.00000000  3.20709054  3.19310752  3.08507784  2.77285120  3.20607843
1    3.20709054  0.00000000  3.20134436  3.20157313  0.63061904  0.37627622
2    3.19310752  3.20134436  0.00000000  0.58759964  3.20015635  2.98090695
3    3.08507784  3.20157313  0.58759964  0.00000000  3.18477084  3.01237053
4    2.77285120  0.63061904  3.20015635  3.18477084  0.00000000  0.81660530
5    3.20607843  0.37627622  2.98090695  3.01237053  0.81660530  0.00000000

--------------------------------------------------------------------------------
n=5
(result of R-step: (1,2:5)0.92761878)
V=[0, 1, 2, 3, 4]
total successes of this branch: 1
Matrix on 5 elements:

0    0.00000000  3.12917114  3.11518812  3.08507784  2.77285120
1    3.12917114  0.00000000  3.04550556  3.12365372  0.55269964
2    3.11518812  3.04550556  0.00000000  0.50968024  3.12223695
3    3.08507784  3.12365372  0.50968024  0.00000000  3.18477084
4    2.77285120  0.55269964  3.12223695  3.18477084  0.00000000

--------------------------------------------------------------------------------
n=4
(result of R-step: (0,2:3)0.03605641)
V=[0, 1, 2, 4]
total successes of this branch: 1
Matrix on 4 elements:

0    0.00000000  3.03098129  2.84985869  2.67466135
1    3.03098129  0.00000000  2.87836598  0.55269964
2    2.84985869  2.87836598  0.00000000  2.95509737
4    2.67466135  0.55269964  2.95509737  0.00000000

--------------------------------------------------------------------------------
n=4
(result of R-step: (2,4:1)0.13834203)
V=[0, 2, 3, 4]
total successes of this branch: 0
reason of abort: negative delta/dxy

--------------------------------------------------------------------------------
n=4
(result of R-step: (3,4:1)0.14806270)
V=[0, 2, 3, 4]
total successes of this branch: 0
reason of abort: negative delta/dxy
