n=6
V=[0, 1, 2, 3, 4, 5]
total successes of this branch: 1
Matrix on 6 elements:

0    0.00000000  1.37353186  1.35554493  1.35768061  0.56961741  1.35676935
1    1.37353186  0.00000000  1.35468394  1.31537077  1.37156390  1.33214509
2    1.35554493  1.35468394  0.00000000  1.06289669  1.26391740  0.63652364
3    1.35768061  1.31537077  1.06289669  0.00000000  1.32690154  0.48999945
4    0.56961741  1.37156390  1.26391740  1.32690154  0.00000000  1.30002719
5    1.35676935  1.33214509  0.63652364  0.48999945  1.30002719  0.00000000

--------------------------------------------------------------------------------
n=5
(result of R-step: (2,3:5)0.42668441)
V=[0, 1, 2, 3, 4]
total successes of this branch: 1
Matrix on 5 elements:

0    0.00000000  1.37353186  1.32373173  1.32586741  0.56961741
1    1.37353186  0.00000000  1.32287074  1.28355757  1.37156390
2    1.32373173  1.32287074  0.00000000  0.99927029  1.23210420
3    1.32586741  1.28355757  0.99927029  0.00000000  1.29508834
4    0.56961741  1.37156390  1.23210420  1.29508834  0.00000000

--------------------------------------------------------------------------------
n=4
(result of R-step: (0,3:2)0.12544965)
V=[0, 1, 3, 4]
total successes of this branch: 0
Matrix on 4 elements:

0    0.00000000  0.83081213  0.32295990  0.02689768
1    0.83081213  0.00000000  0.82336980  1.37156390
3    0.32295990  0.82336980  0.00000000  0.83490057
4    0.02689768  1.37156390  0.83490057  0.00000000
reason of abort: no pseudometric

--------------------------------------------------------------------------------
n=4
(result of R-step: (1,2:3)0.67866111)
V=[0, 1, 2, 4]
total successes of this branch: 1
Matrix on 4 elements:

0    0.00000000  0.71773364  1.11655000  0.56961741
1    0.71773364  0.00000000  0.45989079  0.71576569
2    1.11655000  0.45989079  0.00000000  1.02492246
4    0.56961741  0.71576569  1.02492246  0.00000000

--------------------------------------------------------------------------------
n=4
(result of R-step: (3,4:2)0.95090491)
V=[0, 1, 3, 4]
total successes of this branch: 0
reason of abort: negative delta/dxy
