n=6
V=[0, 1, 2, 3, 4, 5]
total successes of this branch: 2
Matrix on 6 elements:

0    0.00000000  1.40064586  1.14827477  1.04416549  1.16295147  0.58974046
1    1.40064586  0.00000000  0.96733573  1.04498655  0.94181335  1.20345306
2    1.14827477  0.96733573  0.00000000  0.67142940  0.55399180  0.88389120
3    1.04416549  1.04498655  0.67142940  0.00000000  0.69315371  0.47868732
4    1.16295147  0.94181335  0.55399180  0.69315371  0.00000000  0.90247540
5    0.58974046  1.20345306  0.88389120  0.47868732  0.90247540  0.00000000

--------------------------------------------------------------------------------
n=5
(result of R-step: (0,3:5)0.44555702)
V=[0, 1, 2, 3, 4]
total successes of this branch: 2
Matrix on 5 elements:

0    0.00000000  1.38851472  1.13614362  1.01990320  1.15082033
1    1.38851472  0.00000000  0.96733573  1.03285541  0.94181335
2    1.13614362  0.96733573  0.00000000  0.65929826  0.55399180
3    1.01990320  1.03285541  0.65929826  0.00000000  0.68102257
4    1.15082033  0.94181335  0.55399180  0.68102257  0.00000000

--------------------------------------------------------------------------------
n=4
(result of R-step: (0,4:2)0.43819672)
V=[0, 1, 3, 4]
total successes of this branch: 0
Matrix on 4 elements:

0    0.00000000  0.63562264  0.26701112  0.20219532
1    0.63562264  0.00000000  1.03285541  0.74608042
3    0.26701112  1.03285541  0.00000000  0.48528964
4    0.20219532  0.74608042  0.48528964  0.00000000
reason of abort: no pseudometric

--------------------------------------------------------------------------------
n=4
(result of R-step: (1,3:0)0.14916612)
V=[1, 2, 3, 4]
total successes of this branch: 1
Matrix on 4 elements:

1    0.00000000  0.70310102  0.51302465  0.67757864
2    0.70310102  0.00000000  0.40370221  0.55399180
3    0.51302465  0.40370221  0.00000000  0.42542652
4    0.67757864  0.55399180  0.42542652  0.00000000

--------------------------------------------------------------------------------
n=4
(result of R-step: (3,4:2)0.18111026)
V=[0, 1, 3, 4]
total successes of this branch: 1
Matrix on 4 elements:

0    0.00000000  1.38851472  0.76430715  0.89338768
1    1.38851472  0.00000000  0.77725936  0.68438071
3    0.76430715  0.77725936  0.00000000  0.16799388
4    0.89338768  0.68438071  0.16799388  0.00000000
