n=6
V=[0, 1, 2, 3, 4, 5]
total successes of this branch: 1
Matrix on 6 elements:

0    0.00000000  1.09643245  1.05226990  1.08449521  0.83336032  1.05353730
1    1.09643245  0.00000000  0.87487889  0.76495572  0.83751837  0.87055566
2    1.05226990  0.87487889  0.00000000  0.83415998  0.96428093  0.09343006
3    1.08449521  0.76495572  0.83415998  0.00000000  0.92599816  0.80383477
4    0.83336032  0.83751837  0.96428093  0.92599816  0.00000000  0.96277528
5    1.05353730  0.87055566  0.09343006  0.80383477  0.96277528  0.00000000

--------------------------------------------------------------------------------
n=5
(result of R-step: (2,3:5)0.96067051)
V=[0, 1, 2, 3, 4]
total successes of this branch: 1
Matrix on 5 elements:

0    0.00000000  1.09643245  1.02071748  1.05294278  0.83336032
1    1.09643245  0.00000000  0.84332646  0.73340330  0.83751837
2    1.02071748  0.84332646  0.00000000  0.77105514  0.93272850
3    1.05294278  0.73340330  0.77105514  0.00000000  0.89444574
4    0.83336032  0.83751837  0.93272850  0.89444574  0.00000000

--------------------------------------------------------------------------------
n=4
(result of R-step: (0,4:3)0.33674569)
V=[0, 1, 2, 4]
total successes of this branch: 0
reason of abort: negative delta/dxy

--------------------------------------------------------------------------------
n=4
(result of R-step: (1,2:3)0.41250858)
V=[0, 1, 2, 4]
total successes of this branch: 1
Matrix on 4 elements:

0    0.00000000  0.80920933  0.66140712  0.83336032
1    0.80920933  0.00000000  0.19679299  0.55029525
2    0.66140712  0.19679299  0.00000000  0.57341815
4    0.83336032  0.55029525  0.57341815  0.00000000

--------------------------------------------------------------------------------
n=4
(result of R-step: (2,4:0)0.77722946)
V=[1, 2, 3, 4]
total successes of this branch: 0
reason of abort: negative delta/dxy
