n=6
V=[0, 1, 2, 3, 4, 5]
total successes of this branch: 2
Matrix on 6 elements:

0    0.00000000  0.80265383  0.80249723  0.79011191  0.80251526  0.65817262
1    0.80265383  0.00000000  0.80229714  0.77937064  0.78492636  0.80246662
2    0.80249723  0.80229714  0.00000000  0.80236719  0.66881568  0.64307625
3    0.79011191  0.77937064  0.80236719  0.00000000  0.79971912  0.79654410
4    0.80251526  0.78492636  0.66881568  0.79971912  0.00000000  0.73234299
5    0.65817262  0.80246662  0.64307625  0.79654410  0.73234299  0.00000000

--------------------------------------------------------------------------------
n=5
(result of R-step: (0,2:5)0.47514966)
V=[0, 1, 2, 3, 4]
total successes of this branch: 2
Matrix on 5 elements:

0    0.00000000  0.55327801  0.30374559  0.54073609  0.55313944
1    0.55327801  0.00000000  0.55292132  0.77937064  0.78492636
2    0.30374559  0.55292132  0.00000000  0.55299137  0.41943986
3    0.54073609  0.77937064  0.55299137  0.00000000  0.79971912
4    0.55313944  0.78492636  0.41943986  0.79971912  0.00000000

--------------------------------------------------------------------------------
n=4
(result of R-step: (0,4:2)0.53860900)
V=[0, 1, 3, 4]
total successes of this branch: 1
Matrix on 4 elements:

0    0.00000000  0.40867480  0.39613287  0.16064330
1    0.40867480  0.00000000  0.77937064  0.53703343
3    0.39613287  0.77937064  0.00000000  0.55182619
4    0.16064330  0.53703343  0.55182619  0.00000000

--------------------------------------------------------------------------------
n=4
(result of R-step: (1,2:4)0.11515094)
V=[0, 1, 2, 3]
total successes of this branch: 1
Matrix on 4 elements:

0    0.00000000  0.22755556  0.22739896  0.54073609
1    0.22755556  0.00000000  0.15085224  0.45364819
2    0.22739896  0.15085224  0.00000000  0.47664474
3    0.54073609  0.45364819  0.47664474  0.00000000
