n=6
V=[0, 1, 2, 3, 4, 5]
total successes of this branch: 1
Matrix on 6 elements:

0    0.00000000  0.58259185  0.54742728  0.57200228  0.56984956  0.57181935
1    0.58259185  0.00000000  0.54448130  0.46502731  0.47198729  0.46561875
2    0.54742728  0.54448130  0.00000000  0.51024391  0.49345294  0.50881707
3    0.57200228  0.46502731  0.51024391  0.00000000  0.33535192  0.30780440
4    0.56984956  0.47198729  0.49345294  0.33535192  0.00000000  0.33279363
5    0.57181935  0.46561875  0.50881707  0.30780440  0.33279363  0.00000000

--------------------------------------------------------------------------------
n=5
(result of R-step: (3,4:5)0.91502330)
V=[0, 1, 2, 3, 4]
total successes of this branch: 1
Matrix on 5 elements:

0    0.00000000  0.58259185  0.54742728  0.41937922  0.41722651
1    0.58259185  0.00000000  0.54448130  0.31240426  0.31936424
2    0.54742728  0.54448130  0.00000000  0.35762086  0.34082988
3    0.41937922  0.31240426  0.35762086  0.00000000  0.03010582
4    0.41722651  0.31936424  0.34082988  0.03010582  0.00000000

--------------------------------------------------------------------------------
n=4
(result of R-step: (0,3:4)0.29547911)
V=[0, 1, 2, 3]
total successes of this branch: 0
reason of abort: negative delta/dxy

--------------------------------------------------------------------------------
n=4
(result of R-step: (1,4:3)0.38233905)
V=[0, 1, 2, 4]
total successes of this branch: 0
reason of abort: negative delta/dxy

--------------------------------------------------------------------------------
n=4
(result of R-step: (2,3:4)0.08759763)
V=[0, 1, 2, 3]
total successes of this branch: 1
Matrix on 4 elements:

0    0.00000000  0.58259185  0.38814681  0.41272180
1    0.58259185  0.00000000  0.38520082  0.30574684
2    0.38814681  0.38520082  0.00000000  0.19168296
3    0.41272180  0.30574684  0.19168296  0.00000000
