n=6
V=[0, 1, 2, 3, 4, 5]
total successes of this branch: 2
Matrix on 6 elements:

0    0.00000000  0.98538663  0.89676568  0.57497356  0.93436788  0.37909580
1    0.98538663  0.00000000  0.97439194  0.98113617  0.70126480  0.68794041
2    0.89676568  0.97439194  0.00000000  0.69396093  0.60381250  0.92231475
3    0.57497356  0.98113617  0.69396093  0.00000000  0.81581048  0.70865352
4    0.93436788  0.70126480  0.60381250  0.81581048  0.00000000  0.85764686
5    0.37909580  0.68794041  0.92231475  0.70865352  0.85764686  0.00000000

--------------------------------------------------------------------------------
n=5
(result of R-step: (0,1:5)0.67087084)
V=[0, 1, 2, 3, 4]
total successes of this branch: 2
Matrix on 5 elements:

0    0.00000000  0.90373704  0.85594089  0.53414876  0.89354309
1    0.90373704  0.00000000  0.93356715  0.94031138  0.66044000
2    0.85594089  0.93356715  0.00000000  0.69396093  0.60381250
3    0.53414876  0.94031138  0.69396093  0.00000000  0.81581048
4    0.89354309  0.66044000  0.60381250  0.81581048  0.00000000

--------------------------------------------------------------------------------
n=4
(result of R-step: (0,1:2)0.29678261)
V=[0, 1, 3, 4]
total successes of this branch: 0
reason of abort: negative delta/dxy

--------------------------------------------------------------------------------
n=4
(result of R-step: (0,4:2)0.75239567)
V=[0, 1, 3, 4]
total successes of this branch: 0
reason of abort: negative delta/dxy

--------------------------------------------------------------------------------
n=4
(result of R-step: (1,3:0)0.21329699)
V=[1, 2, 3, 4]
total successes of this branch: 1
Matrix on 4 elements:

1    0.00000000  0.80904927  0.67424675  0.53592212
2    0.80904927  0.00000000  0.55241418  0.60381250
3    0.67424675  0.55241418  0.00000000  0.67426373
4    0.53592212  0.60381250  0.67426373  0.00000000

--------------------------------------------------------------------------------
n=4
(result of R-step: (3,4:2)0.48607230)
V=[0, 1, 3, 4]
total successes of this branch: 1
Matrix on 4 elements:

0    0.00000000  0.90373704  0.39260201  0.82526480
1    0.90373704  0.00000000  0.79876463  0.59216172
3    0.39260201  0.79876463  0.00000000  0.60598544
4    0.82526480  0.59216172  0.60598544  0.00000000
