n=6
V=[0, 1, 2, 3, 4, 5]
total successes of this branch: 1
Matrix on 6 elements:

0    0.00000000  1.72483077  1.68069744  1.64791641  1.64211237  0.70655256
1    1.72483077  0.00000000  1.58809028  1.37825336  1.59222534  1.68325485
2    1.68069744  1.58809028  0.00000000  1.60490954  0.44333137  1.29274474
3    1.64791641  1.37825336  1.60490954  0.00000000  1.60621008  1.63484018
4    1.64211237  1.59222534  0.44333137  1.60621008  0.00000000  1.21481399
5    0.70655256  1.68325485  1.29274474  1.63484018  1.21481399  0.00000000

--------------------------------------------------------------------------------
n=5
(result of R-step: (0,4:5)0.68646893)
V=[0, 1, 2, 3, 4]
total successes of this branch: 1
Matrix on 5 elements:

0    0.00000000  1.58520368  1.54107035  1.50828932  1.36285819
1    1.58520368  0.00000000  1.58809028  1.37825336  1.45259825
2    1.54107035  1.58809028  0.00000000  1.60490954  0.30370428
3    1.50828932  1.37825336  1.60490954  0.00000000  1.46658299
4    1.36285819  1.45259825  0.30370428  1.46658299  0.00000000

--------------------------------------------------------------------------------
n=4
(result of R-step: (0,2:4)0.03024024)
V=[0, 1, 2, 3]
total successes of this branch: 1
Matrix on 4 elements:

0    0.00000000  1.52245762  1.27595113  1.44554326
1    1.52245762  0.00000000  1.38571713  1.37825336
2    1.27595113  1.38571713  0.00000000  1.40253639
3    1.44554326  1.37825336  1.40253639  0.00000000

--------------------------------------------------------------------------------
n=4
(result of R-step: (1,4:2)0.12838364)
V=[0, 1, 3, 4]
total successes of this branch: 0
reason of abort: negative delta/dxy

--------------------------------------------------------------------------------
n=4
(result of R-step: (3,4:2)0.19438030)
V=[0, 1, 3, 4]
total successes of this branch: 0
reason of abort: negative delta/dxy
