n=6
V=[0, 1, 2, 3, 4, 5]
total successes of this branch: 2
Matrix on 6 elements:

0    0.00000000  0.59707700  0.56626760  0.54963452  0.39749344  0.59097121
1    0.59707700  0.00000000  0.26715863  0.22733555  0.38555576  0.09115589
2    0.56626760  0.26715863  0.00000000  0.30117354  0.26474576  0.22365741
3    0.54963452  0.22733555  0.30117354  0.00000000  0.39033822  0.24196874
4    0.39749344  0.38555576  0.26474576  0.39033822  0.00000000  0.36161368
5    0.59097121  0.09115589  0.22365741  0.24196874  0.36161368  0.00000000

--------------------------------------------------------------------------------
n=5
(result of R-step: (1,2:5)0.80182033)
V=[0, 1, 2, 3, 4]
total successes of this branch: 2
Matrix on 5 elements:

0    0.00000000  0.57324967  0.54244027  0.54963452  0.39749344
1    0.57324967  0.00000000  0.21950396  0.20350821  0.36172843
2    0.54244027  0.21950396  0.00000000  0.27734621  0.24091843
3    0.54963452  0.20350821  0.27734621  0.00000000  0.39033822
4    0.39749344  0.36172843  0.24091843  0.39033822  0.00000000

--------------------------------------------------------------------------------
n=4
(result of R-step: (0,2:4)0.35886795)
V=[0, 1, 2, 3]
total successes of this branch: 1
Matrix on 4 elements:

0    0.00000000  0.52526387  0.47029600  0.50164871
1    0.52526387  0.00000000  0.19534550  0.20350821
2    0.47029600  0.19534550  0.00000000  0.25318774
3    0.50164871  0.20350821  0.25318774  0.00000000

--------------------------------------------------------------------------------
n=4
(result of R-step: (2,3:1)0.36719809)
V=[0, 2, 3, 4]
total successes of this branch: 1
Matrix on 4 elements:

0    0.00000000  0.51828180  0.49005003  0.39749344
2    0.51828180  0.00000000  0.19360326  0.21675996
3    0.49005003  0.19360326  0.00000000  0.33075374
4    0.39749344  0.21675996  0.33075374  0.00000000
