n=6
V=[0, 1, 2, 3, 4, 5]
total successes of this branch: 1
Matrix on 6 elements:

0    0.00000000  2.52413789  2.51212825  2.18895665  2.51332736  0.47522023
1    2.52413789  0.00000000  2.36626364  2.49921218  2.21580451  2.49554014
2    2.51212825  2.36626364  0.00000000  2.45153880  1.00980981  2.51012037
3    2.18895665  2.49921218  2.45153880  0.00000000  2.45629879  2.19322743
4    2.51332736  2.21580451  1.00980981  2.45629879  0.00000000  2.50923186
5    0.47522023  2.49554014  2.51012037  2.19322743  2.50923186  0.00000000

--------------------------------------------------------------------------------
n=5
(result of R-step: (3,4:2)0.24952885)
V=[0, 1, 3, 4, 5]
total successes of this branch: 1
Matrix on 5 elements:

0    0.00000000  2.52413789  1.13012782  2.30202566  0.47522023
1    2.52413789  0.00000000  1.44038335  2.00450281  2.49554014
3    1.13012782  1.44038335  0.00000000  1.18616825  1.13439860
4    2.30202566  2.00450281  1.18616825  0.00000000  2.29793015
5    0.47522023  2.49554014  1.13439860  2.29793015  0.00000000

--------------------------------------------------------------------------------
n=4
(result of R-step: (0,1:3)0.23418629)
V=[0, 1, 4, 5]
total successes of this branch: 0
Matrix on 4 elements:

0    0.00000000  1.20813743  2.12029269  0.29348727
1    1.20813743  0.00000000  0.87023532  1.36127265
4    2.12029269  0.87023532  0.00000000  2.29793015
5    0.29348727  1.36127265  2.29793015  0.00000000
reason of abort: no pseudometric

--------------------------------------------------------------------------------
n=4
(result of R-step: (0,4:1)0.03204058)
V=[0, 3, 4, 5]
total successes of this branch: 0
Matrix on 4 elements:

0    0.00000000  0.50810733  0.81492040 -0.14680026
3    0.50810733  0.00000000  0.32108348  1.13439860
4    0.81492040  0.32108348  0.00000000  1.43284538
5   -0.14680026  1.13439860  1.43284538  0.00000000
reason of abort: no pseudometric

--------------------------------------------------------------------------------
n=4
(result of R-step: (0,4:3)0.25590257)
V=[0, 1, 4, 5]
total successes of this branch: 1
Matrix on 4 elements:

0    0.00000000  2.30082664  1.20909081  0.25190899
1    2.30082664  0.00000000  1.13487920  2.49554014
4    1.20909081  1.13487920  0.00000000  1.42830654
5    0.25190899  2.49554014  1.42830654  0.00000000

--------------------------------------------------------------------------------
n=4
(result of R-step: (1,5:3)0.75423112)
V=[0, 1, 4, 5]
total successes of this branch: 0
Matrix on 4 elements:

0    0.00000000  1.38555645  2.30202566  0.18504022
1    1.38555645  0.00000000  0.86592137  1.06677869
4    2.30202566  0.86592137  0.00000000  2.00775014
5    0.18504022  1.06677869  2.00775014  0.00000000
reason of abort: no pseudometric

--------------------------------------------------------------------------------
n=4
(result of R-step: (4,5:1)0.98191424)
V=[0, 3, 4, 5]
total successes of this branch: 0
reason of abort: negative delta/dxy

--------------------------------------------------------------------------------
n=4
(result of R-step: (4,5:3)0.73778274)
V=[0, 1, 4, 5]
total successes of this branch: 0
Matrix on 4 elements:

0    0.00000000  2.52413789  1.43694089  0.22370490
1    2.52413789  0.00000000  1.13941804  2.24402481
4    1.43694089  1.13941804  0.00000000  1.18133005
5    0.22370490  2.24402481  1.18133005  0.00000000
reason of abort: no pseudometric
