n=6
V=[0, 1, 2, 3, 4, 5]
total successes of this branch: 2
Matrix on 6 elements:

0    0.00000000  2.32759564  1.77076032  2.16067416  1.13622601  2.21381669
1    2.32759564  0.00000000  1.84417488  1.30295046  2.15409443  1.05526306
2    1.77076032  1.84417488  0.00000000  1.61247757  1.41553113  1.68624268
3    2.16067416  1.30295046  1.61247757  0.00000000  1.96392470  0.77264803
4    1.13622601  2.15409443  1.41553113  1.96392470  0.00000000  2.02446874
5    2.21381669  1.05526306  1.68624268  0.77264803  2.02446874  0.00000000

--------------------------------------------------------------------------------
n=5
(result of R-step: (1,3:5)0.31836843)
V=[0, 1, 2, 3, 4]
total successes of this branch: 2
Matrix on 5 elements:

0    0.00000000  2.06511532  1.77076032  1.89819384  1.13622601
1    2.06511532  0.00000000  1.58169457  0.77798982  1.89161411
2    1.77076032  1.58169457  0.00000000  1.34999726  1.41553113
3    1.89819384  0.77798982  1.34999726  0.00000000  1.70144438
4    1.13622601  1.89161411  1.41553113  1.70144438  0.00000000

--------------------------------------------------------------------------------
n=4
(result of R-step: (0,3:1)0.04211801)
V=[0, 2, 3, 4]
total successes of this branch: 1
Matrix on 4 elements:

0    0.00000000  1.38026192  1.25502022  0.74572760
2    1.38026192  0.00000000  1.09732205  1.41553113
3    1.25502022  1.09732205  0.00000000  1.44876917
4    0.74572760  1.41553113  1.44876917  0.00000000

--------------------------------------------------------------------------------
n=4
(result of R-step: (1,2:3)0.87207119)
V=[0, 1, 2, 4]
total successes of this branch: 1
Matrix on 4 elements:

0    0.00000000  1.66095651  1.38026192  1.13622601
1    1.66095651  0.00000000  0.78703734  1.48745530
2    1.38026192  0.78703734  0.00000000  1.02503272
4    1.13622601  1.48745530  1.02503272  0.00000000

--------------------------------------------------------------------------------
n=4
(result of R-step: (3,4:1)0.92172122)
V=[0, 2, 3, 4]
total successes of this branch: 0
Matrix on 4 elements:

0    0.00000000  1.77076032  1.67131644  0.51799127
2    1.77076032  0.00000000  1.12311985  0.79729639
3    1.67131644  1.12311985  0.00000000  0.85633224
4    0.51799127  0.79729639  0.85633224  0.00000000
reason of abort: no pseudometric
