n=6
V=[0, 1, 2, 3, 4, 5]
total successes of this branch: 3
Matrix on 6 elements:

0    0.00000000  1.51117783  1.07221471  1.11856127  0.67304029  1.11502769
1    1.51117783  0.00000000  1.33855505  1.25260055  1.31964947  1.25915394
2    1.07221471  1.33855505  0.00000000  0.61040687  1.12175673  0.56674683
3    1.11856127  1.25260055  0.61040687  0.00000000  1.14349394  0.08142069
4    0.67304029  1.31964947  1.12175673  1.14349394  0.00000000  1.14183664
5    1.11502769  1.25915394  0.56674683  0.08142069  1.14183664  0.00000000

--------------------------------------------------------------------------------
n=5
(result of R-step: (0,1:4)0.81398980)
V=[0, 1, 2, 3, 5]
total successes of this branch: 3
Matrix on 5 elements:

0    0.00000000  1.02966591  0.83145875  0.87780531  0.87427172
1    1.02966591  0.00000000  1.09779909  1.01184459  1.01839798
2    0.83145875  1.09779909  0.00000000  0.61040687  0.56674683
3    0.87780531  1.01184459  0.61040687  0.00000000  0.08142069
5    0.87427172  1.01839798  0.56674683  0.08142069  0.00000000

--------------------------------------------------------------------------------
n=4
(result of R-step: (0,3:1)0.78626397)
V=[0, 2, 3, 5]
total successes of this branch: 1
Matrix on 4 elements:

0    0.00000000  0.49540100  0.52286723  0.53821398
2    0.49540100  0.00000000  0.59152654  0.56674683
3    0.52286723  0.59152654  0.00000000  0.06254036
5    0.53821398  0.56674683  0.06254036  0.00000000

--------------------------------------------------------------------------------
n=4
(result of R-step: (0,3:2)0.51529849)
V=[0, 1, 3, 5]
total successes of this branch: 0
Matrix on 4 elements:

0    0.00000000  0.71022582  0.47449513  0.55483163
1    0.71022582  0.00000000  0.92797450  1.01839798
3    0.47449513  0.92797450  0.00000000 -0.00244940
5    0.55483163  1.01839798 -0.00244940  0.00000000
reason of abort: no pseudometric

--------------------------------------------------------------------------------
n=4
(result of R-step: (0,5:1)0.75116071)
V=[0, 2, 3, 5]
total successes of this branch: 0
Matrix on 4 elements:

0    0.00000000  0.51201866  0.55836521  0.49562002
2    0.51201866  0.00000000  0.61040687  0.50753522
3    0.55836521  0.61040687  0.00000000  0.02220908
5    0.49562002  0.50753522  0.02220908  0.00000000
reason of abort: no pseudometric

--------------------------------------------------------------------------------
n=4
(result of R-step: (0,5:2)0.57263471)
V=[0, 1, 3, 5]
total successes of this branch: 0
reason of abort: negative delta/dxy

--------------------------------------------------------------------------------
n=4
(result of R-step: (0,5:3)0.19812436)
V=[0, 1, 2, 5]
total successes of this branch: 0
reason of abort: negative delta/dxy

--------------------------------------------------------------------------------
n=4
(result of R-step: (1,2:0)0.79911795)
V=[1, 2, 3, 5]
total successes of this branch: 1
Matrix on 4 elements:

1    0.00000000  0.53923908  0.47216491  0.47871831
2    0.53923908  0.00000000  0.59152654  0.54786650
3    0.47216491  0.59152654  0.00000000  0.08142069
5    0.47871831  0.54786650  0.08142069  0.00000000

--------------------------------------------------------------------------------
n=4
(result of R-step: (1,3:2)0.67718940)
V=[0, 1, 3, 5]
total successes of this branch: 0
Matrix on 4 elements:

0    0.00000000  0.35012937  0.76259629  0.87427172
1    0.35012937  0.00000000  0.21709903  0.33886145
3    0.76259629  0.21709903  0.00000000 -0.03378833
5    0.87427172  0.33886145 -0.03378833  0.00000000
reason of abort: no pseudometric

--------------------------------------------------------------------------------
n=4
(result of R-step: (1,5:2)0.73777707)
V=[0, 1, 3, 5]
total successes of this branch: 0
reason of abort: negative delta/dxy

--------------------------------------------------------------------------------
n=4
(result of R-step: (1,5:3)0.10681642)
V=[0, 1, 2, 5]
total successes of this branch: 0
reason of abort: negative delta/dxy

--------------------------------------------------------------------------------
n=4
(result of R-step: (2,3:5)0.07624260)
V=[0, 1, 2, 3]
total successes of this branch: 1
Matrix on 4 elements:

0    0.00000000  1.02966591  0.81257842  0.85892498
1    1.02966591  0.00000000  1.07891876  0.99296426
2    0.81257842  1.07891876  0.00000000  0.57264621
3    0.85892498  0.99296426  0.57264621  0.00000000
