n=6
V=[0, 1, 2, 3, 4, 5]
total successes of this branch: 2
Matrix on 6 elements:

0    0.00000000  1.89838939  1.88657152  1.65351094  0.70671271  0.89526204
1    1.89838939  0.00000000  1.87923154  1.29551589  1.82013397  1.71565935
2    1.88657152  1.87923154  0.00000000  1.88135174  1.88589397  1.88498941
3    1.65351094  1.29551589  1.88135174  0.00000000  1.51228041  1.23106747
4    0.70671271  1.82013397  1.88589397  1.51228041  0.00000000  0.38138588
5    0.89526204  1.71565935  1.88498941  1.23106747  0.38138588  0.00000000

--------------------------------------------------------------------------------
n=5
(result of R-step: (3,4:5)0.19914415)
V=[0, 1, 2, 3, 4]
total successes of this branch: 2
Matrix on 5 elements:

0    0.00000000  1.89838939  1.88657152  1.60342447  0.65662623
1    1.89838939  0.00000000  1.87923154  1.24542942  1.77004750
2    1.88657152  1.87923154  0.00000000  1.83126527  1.83580750
3    1.60342447  1.24542942  1.83126527  0.00000000  1.41210747
4    0.65662623  1.77004750  1.83580750  1.41210747  0.00000000

--------------------------------------------------------------------------------
n=4
(result of R-step: (0,1:3)0.27657430)
V=[0, 1, 2, 4]
total successes of this branch: 0
Matrix on 4 elements:

0    0.00000000  0.85960411  1.38023900  0.15029372
1    0.85960411  0.00000000  1.34677877  1.23759474
2    1.38023900  1.34677877  0.00000000  1.83580750
4    0.15029372  1.23759474  1.83580750  0.00000000
reason of abort: no pseudometric

--------------------------------------------------------------------------------
n=4
(result of R-step: (1,4:3)0.79388251)
V=[0, 1, 2, 4]
total successes of this branch: 1
Matrix on 4 elements:

0    0.00000000  1.31920576  1.88657152  0.54524916
1    1.31920576  0.00000000  1.30004791  1.07948680
2    1.88657152  1.30004791  0.00000000  1.72443042
4    0.54524916  1.07948680  1.72443042  0.00000000

--------------------------------------------------------------------------------
n=4
(result of R-step: (2,4:0)0.20316273)
V=[1, 2, 3, 4]
total successes of this branch: 1
Matrix on 4 elements:

1    0.00000000  1.09766121  1.24542942  1.65867042
2    1.09766121  0.00000000  1.04969494  0.94286009
3    1.24542942  1.04969494  0.00000000  1.30073039
4    1.65867042  0.94286009  1.30073039  0.00000000
