n=6
V=[0, 1, 2, 3, 4, 5]
total successes of this branch: 2
Matrix on 6 elements:

0    0.00000000  2.57321713  2.43621516  2.47190725  2.45999575  2.46500505
1    2.57321713  0.00000000  2.53178484  2.19103062  2.30475030  2.25692629
2    2.43621516  2.53178484  0.00000000  1.56457430  1.35381557  1.44244866
3    2.47190725  2.19103062  1.56457430  0.00000000  1.14380707  0.86939935
4    2.45999575  2.30475030  1.35381557  1.14380707  0.00000000  0.76570652
5    2.46500505  2.25692629  1.44244866  0.86939935  0.76570652  0.00000000

--------------------------------------------------------------------------------
n=5
(result of R-step: (1,2:0)0.61282116)
V=[1, 2, 3, 4, 5]
total successes of this branch: 2
Matrix on 5 elements:

1    0.00000000  1.19262732  1.31839728  1.43211695  1.38429295
2    1.19262732  0.00000000  1.09805013  0.88729140  0.97592449
3    1.31839728  1.09805013  0.00000000  1.14380707  0.86939935
4    1.43211695  0.88729140  1.14380707  0.00000000  0.76570652
5    1.38429295  0.97592449  0.86939935  0.76570652  0.00000000

--------------------------------------------------------------------------------
n=4
(result of R-step: (1,5:3)0.56920298)
V=[1, 2, 4, 5]
total successes of this branch: 1
Matrix on 4 elements:

1    0.00000000  0.55729135  0.79678098  0.65299771
2    0.55729135  0.00000000  0.88729140  0.87996522
4    0.79678098  0.88729140  0.00000000  0.66974726
5    0.65299771  0.87996522  0.66974726  0.00000000

--------------------------------------------------------------------------------
n=4
(result of R-step: (2,3:1)0.62412741)
V=[2, 3, 4, 5]
total successes of this branch: 1
Matrix on 4 elements:

2    0.00000000  0.58683634  0.62172701  0.71036010
3    0.58683634  0.00000000  0.89815767  0.62374995
4    0.62172701  0.89815767  0.00000000  0.76570652
5    0.71036010  0.62374995  0.76570652  0.00000000

--------------------------------------------------------------------------------
n=4
(result of R-step: (2,4:3)0.48345303)
V=[1, 2, 4, 5]
total successes of this branch: 0
reason of abort: negative delta/dxy

--------------------------------------------------------------------------------
n=4
(result of R-step: (4,5:1)0.63985946)
V=[2, 3, 4, 5]
total successes of this branch: 0
reason of abort: negative delta/dxy
