n=6
V=[0, 1, 2, 3, 4, 5]
total successes of this branch: 2
Matrix on 6 elements:

0    0.00000000  3.20994861  2.71572275  3.01860182  3.18326955  0.22654866
1    3.20994861  0.00000000  2.36631003  1.51159434  0.46197322  3.18214150
2    2.71572275  2.36631003  0.00000000  1.82633513  2.29102253  2.63088079
3    3.01860182  1.51159434  1.82633513  0.00000000  1.34153732  2.97930361
4    3.18326955  0.46197322  2.29102253  1.34153732  0.00000000  3.15386026
5    0.22654866  3.18214150  2.63088079  2.97930361  3.15386026  0.00000000

--------------------------------------------------------------------------------
n=5
(result of R-step: (0,2:5)0.96703907)
V=[0, 1, 2, 3, 4]
total successes of this branch: 2
Matrix on 5 elements:

0    0.00000000  3.13909526  2.57401604  2.94774847  3.11241620
1    3.13909526  0.00000000  2.29545668  1.51159434  0.46197322
2    2.57401604  2.29545668  0.00000000  1.75548177  2.22016918
3    2.94774847  1.51159434  1.75548177  0.00000000  1.34153732
4    3.11241620  0.46197322  2.22016918  1.34153732  0.00000000

--------------------------------------------------------------------------------
n=4
(result of R-step: (0,1:3)0.59848595)
V=[0, 1, 2, 4]
total successes of this branch: 0
Matrix on 4 elements:

0    0.00000000  0.71613678  0.57393033  1.11233049
1    0.71613678  0.00000000  1.87258392  0.03910046
2    0.57393033  1.87258392  0.00000000  2.22016918
4    1.11233049  0.03910046  2.22016918  0.00000000
reason of abort: no pseudometric

--------------------------------------------------------------------------------
n=4
(result of R-step: (0,4:1)0.07567248)
V=[0, 2, 3, 4]
total successes of this branch: 1
Matrix on 4 elements:

0    0.00000000  1.16206102  1.53579344  1.60420853
2    1.16206102  0.00000000  1.75548177  2.12391654
3    1.53579344  1.75548177  0.00000000  1.24528468
4    1.60420853  2.12391654  1.24528468  0.00000000

--------------------------------------------------------------------------------
n=4
(result of R-step: (0,4:3)0.65179904)
V=[0, 1, 2, 4]
total successes of this branch: 0
Matrix on 4 elements:

0    0.00000000  1.17581635  0.61073714  1.13737413
1    1.17581635  0.00000000  2.29545668  0.45021006
2    0.61073714  2.29545668  0.00000000  2.20840602
4    1.13737413  0.45021006  2.20840602  0.00000000
reason of abort: no pseudometric

--------------------------------------------------------------------------------
n=4
(result of R-step: (1,2:3)0.53905121)
V=[0, 1, 2, 4]
total successes of this branch: 0
Matrix on 4 elements:

0    0.00000000  2.78256090  2.08699092  3.11241620
1    2.78256090  0.00000000  1.45189720  0.10543886
2    2.08699092  1.45189720  0.00000000  1.73314406
4    3.11241620  0.10543886  1.73314406  0.00000000
reason of abort: no pseudometric

--------------------------------------------------------------------------------
n=4
(result of R-step: (2,4:1)0.15055260)
V=[0, 2, 3, 4]
total successes of this branch: 0
Matrix on 4 elements:

0    0.00000000  1.57169810  2.94774847  3.10065304
2    1.57169810  0.00000000  0.75316383  1.20608808
3    2.94774847  0.75316383  0.00000000  1.32977416
4    3.10065304  1.20608808  1.32977416  0.00000000
reason of abort: no pseudometric

--------------------------------------------------------------------------------
n=4
(result of R-step: (2,4:3)0.51195128)
V=[0, 1, 2, 4]
total successes of this branch: 1
Matrix on 4 elements:

0    0.00000000  3.13909526  2.02614738  3.01616356
1    3.13909526  0.00000000  1.74758802  0.36572058
2    2.02614738  1.74758802  0.00000000  1.57604788
4    3.01616356  0.36572058  1.57604788  0.00000000
