n=6
V=[0, 1, 2, 3, 4, 5]
total successes of this branch: 2
Matrix on 6 elements:

0    0.00000000  3.40707651  3.22970860  2.60710379  3.31395801  3.33660881
1    3.40707651  0.00000000  3.13771727  3.30397215  2.81925437  2.40857600
2    3.22970860  3.13771727  0.00000000  3.21920594  2.78572922  2.87134928
3    2.60710379  3.30397215  3.21920594  0.00000000  3.25946973  3.27029481
4    3.31395801  2.81925437  2.78572922  3.25946973  0.00000000  1.54161487
5    3.33660881  2.40857600  2.87134928  3.27029481  1.54161487  0.00000000

--------------------------------------------------------------------------------
n=5
(result of R-step: (1,4:5)0.24324706)
V=[0, 1, 2, 3, 4]
total successes of this branch: 2
Matrix on 5 elements:

0    0.00000000  2.84160825  3.22970860  2.60710379  2.74848976
1    2.84160825  0.00000000  2.57224902  2.73850390  1.68831787
2    3.22970860  2.57224902  0.00000000  3.21920594  2.22026097
3    2.60710379  2.73850390  3.21920594  0.00000000  2.69400148
4    2.74848976  1.68831787  2.22026097  2.69400148  0.00000000

--------------------------------------------------------------------------------
n=4
(result of R-step: (0,1:2)0.04300290)
V=[0, 1, 3, 4]
total successes of this branch: 0
Matrix on 4 elements:

0    0.00000000  1.53722628  2.32869096  2.47007693
1    1.53722628  0.00000000  1.71253476  0.66234873
3    2.32869096  1.71253476  0.00000000  2.69400148
4    2.47007693  0.66234873  2.69400148  0.00000000
reason of abort: no pseudometric

--------------------------------------------------------------------------------
n=4
(result of R-step: (0,4:2)0.28925184)
V=[0, 1, 3, 4]
total successes of this branch: 1
Matrix on 4 elements:

0    0.00000000  1.58684566  1.35234120  0.87823809
1    1.58684566  0.00000000  2.73850390  1.07282878
3    1.35234120  2.73850390  0.00000000  2.07851239
4    0.87823809  1.07282878  2.07851239  0.00000000

--------------------------------------------------------------------------------
n=4
(result of R-step: (1,3:2)0.88401537)
V=[0, 1, 3, 4]
total successes of this branch: 0
Matrix on 4 elements:

0    0.00000000  1.80128393  0.95590593  2.74848976
1    1.80128393  0.00000000  0.04698170  0.64799354
3    0.95590593  0.04698170  0.00000000  1.04280361
4    2.74848976  0.64799354  1.04280361  0.00000000
reason of abort: no pseudometric

--------------------------------------------------------------------------------
n=4
(result of R-step: (2,3:0)0.15810844)
V=[1, 2, 3, 4]
total successes of this branch: 1
Matrix on 4 elements:

1    0.00000000  1.33861586  1.56927404  1.68831787
2    1.33861586  0.00000000  0.81634292  0.98662781
3    1.56927404  0.81634292  0.00000000  1.52477161
4    1.68831787  0.98662781  1.52477161  0.00000000

--------------------------------------------------------------------------------
n=4
(result of R-step: (3,4:2)0.33796725)
V=[0, 1, 3, 4]
total successes of this branch: 0
Matrix on 4 elements:

0    0.00000000  2.84160825  1.26572223  2.15881045
1    2.84160825  0.00000000  1.39712234  1.09863855
3    1.26572223  1.39712234  0.00000000  0.76294060
4    2.15881045  1.09863855  0.76294060  0.00000000
reason of abort: no pseudometric
