n=6
V=[0, 1, 2, 3, 4, 5]
total successes of this branch: 3
Matrix on 6 elements:

0    0.00000000  0.47564530  0.47376536  0.46758414  0.47509368  0.47141316
1    0.47564530  0.00000000  0.46527924  0.46561166  0.29550973  0.46540574
2    0.47376536  0.46527924  0.00000000  0.28719225  0.39477795  0.14373358
3    0.46758414  0.46561166  0.28719225  0.00000000  0.41325907  0.19906455
4    0.47509368  0.29550973  0.39477795  0.41325907  0.00000000  0.40181074
5    0.47141316  0.46540574  0.14373358  0.19906455  0.40181074  0.00000000

--------------------------------------------------------------------------------
n=5
(result of R-step: (2,3:5)0.61946076)
V=[0, 1, 2, 3, 4]
total successes of this branch: 3
Matrix on 5 elements:

0    0.00000000  0.47564530  0.44596241  0.43978120  0.47509368
1    0.47564530  0.00000000  0.43747630  0.43780872  0.29550973
2    0.44596241  0.43747630  0.00000000  0.23158637  0.36697501
3    0.43978120  0.43780872  0.23158637  0.00000000  0.38545613
4    0.47509368  0.29550973  0.36697501  0.38545613  0.00000000

--------------------------------------------------------------------------------
n=4
(result of R-step: (0,2:3)0.25945372)
V=[0, 1, 2, 4]
total successes of this branch: 1
Matrix on 4 elements:

0    0.00000000  0.24613218  0.13174802  0.24558056
1    0.24613218  0.00000000  0.35277502  0.29550973
2    0.13174802  0.35277502  0.00000000  0.28227373
4    0.24558056  0.29550973  0.28227373  0.00000000

--------------------------------------------------------------------------------
n=4
(result of R-step: (0,4:1)0.73588750)
V=[0, 2, 3, 4]
total successes of this branch: 0
reason of abort: negative delta/dxy

--------------------------------------------------------------------------------
n=4
(result of R-step: (1,2:0)0.36039116)
V=[1, 2, 3, 4]
total successes of this branch: 0
Matrix on 4 elements:

1    0.00000000  0.23079880  0.35185008  0.20955109
2    0.23079880  0.00000000  0.11086751  0.24625615
3    0.35185008  0.11086751  0.00000000  0.38545613
4    0.20955109  0.24625615  0.38545613  0.00000000
reason of abort: no pseudometric

--------------------------------------------------------------------------------
n=4
(result of R-step: (1,2:4)0.70657571)
V=[0, 1, 2, 3]
total successes of this branch: 1
Matrix on 4 elements:

0    0.00000000  0.36314108  0.36126114  0.43978120
1    0.36314108  0.00000000  0.24027080  0.32530450
2    0.36126114  0.24027080  0.00000000  0.14688509
3    0.43978120  0.32530450  0.14688509  0.00000000

--------------------------------------------------------------------------------
n=4
(result of R-step: (1,3:0)0.42164699)
V=[1, 2, 3, 4]
total successes of this branch: 1
Matrix on 4 elements:

1    0.00000000  0.32497208  0.21497630  0.18300551
2    0.32497208  0.00000000  0.12125816  0.36697501
3    0.21497630  0.12125816  0.00000000  0.27512793
4    0.18300551  0.36697501  0.27512793  0.00000000

--------------------------------------------------------------------------------
n=4
(result of R-step: (1,3:2)0.19602761)
V=[0, 1, 3, 4]
total successes of this branch: 0
Matrix on 4 elements:

0    0.00000000  0.25542295  0.34860089  0.47509368
1    0.25542295  0.00000000  0.12640606  0.07528738
3    0.34860089  0.12640606  0.00000000  0.29427581
4    0.47509368  0.07528738  0.29427581  0.00000000
reason of abort: no pseudometric

--------------------------------------------------------------------------------
n=4
(result of R-step: (1,3:4)0.58859389)
V=[0, 1, 2, 3]
total successes of this branch: 0
Matrix on 4 elements:

0    0.00000000  0.38968666  0.44596241  0.30176489
1    0.38968666  0.00000000  0.35151766  0.21383377
2    0.44596241  0.35151766  0.00000000  0.09357006
3    0.30176489  0.21383377  0.09357006  0.00000000
reason of abort: no pseudometric

--------------------------------------------------------------------------------
n=4
(result of R-step: (2,4:0)0.42527061)
V=[1, 2, 3, 4]
total successes of this branch: 0
Matrix on 4 elements:

1    0.00000000  0.30192763  0.43780872  0.12215107
2    0.30192763  0.00000000  0.09603770  0.05806768
3    0.43780872  0.09603770  0.00000000  0.21209747
4    0.12215107  0.05806768  0.21209747  0.00000000
reason of abort: no pseudometric

--------------------------------------------------------------------------------
n=4
(result of R-step: (3,4:0)0.36425161)
V=[1, 2, 3, 4]
total successes of this branch: 0
Matrix on 4 elements:

1    0.00000000  0.43747630  0.34662840  0.13319101
2    0.43747630  0.00000000  0.14040605  0.20465629
3    0.34662840  0.14040605  0.00000000  0.13195710
4    0.13319101  0.20465629  0.13195710  0.00000000
reason of abort: no pseudometric

--------------------------------------------------------------------------------
n=4
(result of R-step: (3,4:2)0.96332652)
V=[0, 1, 3, 4]
total successes of this branch: 0
reason of abort: negative delta/dxy
