n=6
V=[0, 1, 2, 3, 4, 5]
total successes of this branch: 5
Matrix on 6 elements:

0    0.00000000  1.36283227  1.33255348  1.34294468  1.33498045  1.35599403
1    1.36283227  0.00000000  1.33686047  1.31195004  1.26600355  1.06367034
2    1.33255348  1.33686047  0.00000000  1.28918469  1.33589835  1.32046740
3    1.34294468  1.31195004  1.28918469  0.00000000  1.31887379  1.18184409
4    1.33498045  1.26600355  1.33589835  1.31887379  0.00000000  1.28418271
5    1.35599403  1.06367034  1.32046740  1.18184409  1.28418271  0.00000000

--------------------------------------------------------------------------------
n=5
(result of R-step: (1,3:5)0.65615517)
V=[0, 1, 2, 3, 4]
total successes of this branch: 5
Matrix on 5 elements:

0    0.00000000  0.89605008  1.33255348  0.87616248  1.33498045
1    0.89605008  0.00000000  0.87007827  0.37838564  0.79922136
2    1.33255348  0.87007827  0.00000000  0.82240249  1.33589835
3    0.87616248  0.37838564  0.82240249  0.00000000  0.85209159
4    1.33498045  0.79922136  1.33589835  0.85209159  0.00000000

--------------------------------------------------------------------------------
n=4
(result of R-step: (0,1:4)0.22338549)
V=[0, 1, 2, 3]
total successes of this branch: 1
Matrix on 4 elements:

0    0.00000000  0.12468055  0.71347761  0.25708662
1    0.12468055  0.00000000  0.71778460  0.22609197
2    0.71347761  0.71778460  0.00000000  0.82240249
3    0.25708662  0.22609197  0.82240249  0.00000000

--------------------------------------------------------------------------------
n=4
(result of R-step: (0,3:2)0.22676466)
V=[0, 1, 3, 4]
total successes of this branch: 1
Matrix on 4 elements:

0    0.00000000  0.27697421  0.09580637  0.71590459
1    0.27697421  0.00000000  0.21710539  0.79922136
3    0.09580637  0.21710539  0.00000000  0.69081134
4    0.71590459  0.79922136  0.69081134  0.00000000

--------------------------------------------------------------------------------
n=4
(result of R-step: (0,4:3)0.92499568)
V=[0, 1, 2, 4]
total successes of this branch: 0
reason of abort: negative delta/dxy

--------------------------------------------------------------------------------
n=4
(result of R-step: (1,2:0)0.59009070)
V=[1, 2, 3, 4]
total successes of this branch: 0
Matrix on 4 elements:

1    0.00000000  0.06660598  0.18890062  0.60973633
2    0.06660598  0.00000000  0.20841523  0.72191108
3    0.18890062  0.20841523  0.00000000  0.85209159
4    0.60973633  0.72191108  0.85209159  0.00000000
reason of abort: no pseudometric

--------------------------------------------------------------------------------
n=4
(result of R-step: (1,2:3)0.27368250)
V=[0, 1, 2, 4]
total successes of this branch: 1
Matrix on 4 elements:

0    0.00000000  0.74375641  0.69839214  1.33498045
1    0.74375641  0.00000000  0.08362327  0.64692769
2    0.69839214  0.08362327  0.00000000  0.70173701
4    1.33498045  0.64692769  0.70173701  0.00000000

--------------------------------------------------------------------------------
n=4
(result of R-step: (1,3:0)0.27114081)
V=[1, 2, 3, 4]
total successes of this branch: 0
reason of abort: negative delta/dxy

--------------------------------------------------------------------------------
n=4
(result of R-step: (1,4:2)0.78394459)
V=[0, 1, 3, 4]
total successes of this branch: 0
reason of abort: negative delta/dxy

--------------------------------------------------------------------------------
n=4
(result of R-step: (2,4:0)0.72362723)
V=[1, 2, 3, 4]
total successes of this branch: 1
Matrix on 4 elements:

1    0.00000000  0.23591693  0.37838564  0.21534817
2    0.23591693  0.00000000  0.18824116  0.11786383
3    0.37838564  0.18824116  0.00000000  0.26821841
4    0.21534817  0.11786383  0.26821841  0.00000000

--------------------------------------------------------------------------------
n=4
(result of R-step: (2,4:3)0.51828930)
V=[0, 1, 2, 4]
total successes of this branch: 0
Matrix on 4 elements:

0    0.00000000  0.89605008  0.71856621  0.69427445
1    0.89605008  0.00000000  0.25609100  0.15851536
2    0.71856621  0.25609100  0.00000000  0.08120509
4    0.69427445  0.15851536  0.08120509  0.00000000
reason of abort: no pseudometric

--------------------------------------------------------------------------------
n=4
(result of R-step: (3,4:1)0.49178394)
V=[0, 2, 3, 4]
total successes of this branch: 1
Matrix on 4 elements:

0    0.00000000  1.33255348  0.71488223  0.75110726
2    1.33255348  0.00000000  0.66112224  0.75202516
3    0.71488223  0.66112224  0.00000000  0.10693816
4    0.75110726  0.75202516  0.10693816  0.00000000
