n=7
V=[0, 1, 2, 3, 4, 5, 6]
total successes of this branch: 2
Matrix on 7 elements:

0    0.00000000  2.23519013  2.16260512  2.34687750  2.35475905  2.55210351  2.32242770
1    2.23519013  0.00000000  1.57283139  1.93047935  1.88415631  2.00759636  0.94304796
2    2.16260512  1.57283139  0.00000000  1.11120113  0.92957888  1.17377827  1.31871790
3    2.34687750  1.93047935  1.11120113  0.00000000  0.92991028  1.19605720  1.51647210
4    2.35475905  1.88415631  0.92957888  0.92991028  0.00000000  0.77460404  1.11210701
5    2.55210351  2.00759636  1.17377827  1.19605720  0.77460404  0.00000000  1.48958322
6    2.32242770  0.94304796  1.31871790  1.51647210  1.11210701  1.48958322  0.00000000

--------------------------------------------------------------------------------
n=6
(result of R-step: (1,4:6)0.55251511)
V=[0, 1, 2, 3, 4, 5]
total successes of this branch: 2
Matrix on 6 elements:

0    0.00000000  2.17529656  2.16260512  2.34687750  2.31302593  2.55210351
1    2.17529656  0.00000000  1.51293783  1.87058578  1.78252961  1.94770279
2    2.16260512  1.51293783  0.00000000  1.11120113  0.88784575  1.17377827
3    2.34687750  1.87058578  1.11120113  0.00000000  0.88817715  1.19605720
4    2.31302593  1.78252961  0.88784575  0.88817715  0.00000000  0.73287091
5    2.55210351  1.94770279  1.17377827  1.19605720  0.73287091  0.00000000

--------------------------------------------------------------------------------
n=5
(result of R-step: (1,4:5)0.06142321)
V=[0, 1, 2, 3, 4]
total successes of this branch: 2
Matrix on 5 elements:

0    0.00000000  1.95449645  2.16260512  2.34687750  2.11280530
1    1.95449645  0.00000000  1.29213772  1.64978567  1.36150888
2    2.16260512  1.29213772  0.00000000  1.11120113  0.68762512
3    2.34687750  1.64978567  1.11120113  0.00000000  0.68795653
4    2.11280530  1.36150888  0.68762512  0.68795653  0.00000000

--------------------------------------------------------------------------------
n=4
(result of R-step: (0,4:3)0.15340179)
V=[0, 1, 2, 4]
total successes of this branch: 1
Matrix on 4 elements:

0    0.00000000  0.77827525  0.98638392  0.83822755
1    0.77827525  0.00000000  1.29213772  1.26315232
2    0.98638392  1.29213772  0.00000000  0.58926856
4    0.83822755  1.26315232  0.58926856  0.00000000

--------------------------------------------------------------------------------
n=4
(result of R-step: (1,4:3)0.24842486)
V=[0, 1, 2, 4]
total successes of this branch: 0
Matrix on 4 elements:

0    0.00000000  1.24379988  2.16260512  2.06202939
1    1.24379988  0.00000000  0.58144114  0.60003640
2    2.16260512  0.58144114  0.00000000  0.63684922
4    2.06202939  0.60003640  0.63684922  0.00000000
reason of abort: no pseudometric

--------------------------------------------------------------------------------
n=4
(result of R-step: (2,3:4)0.31264264)
V=[0, 1, 2, 3]
total successes of this branch: 1
Matrix on 4 elements:

0    0.00000000  1.95449645  2.00220851  1.97079331
1    1.95449645  0.00000000  1.13174111  1.27370148
2    2.00220851  1.13174111  0.00000000  0.57472034
3    1.97079331  1.27370148  0.57472034  0.00000000
