n=7
V=[0, 1, 2, 3, 4, 5, 6]
total successes of this branch: 1
Matrix on 7 elements:

0    0.00000000  1.89731435  1.47935431  2.16054552  2.18709728  1.66425527  1.76862398
1    1.89731435  0.00000000  1.01116939  1.66529794  1.35813508  1.19259465  1.28066788
2    1.47935431  1.01116939  0.00000000  1.24285932  1.28134663  0.58611320  0.75951349
3    2.16054552  1.66529794  1.24285932  0.00000000  1.68542900  1.32839381  0.59622459
4    2.18709728  1.35813508  1.28134663  1.68542900  0.00000000  1.43065798  1.36816880
5    1.66425527  1.19259465  0.58611320  1.32839381  1.43065798  0.00000000  0.92001297
6    1.76862398  1.28066788  0.75951349  0.59622459  1.36816880  0.92001297  0.00000000

--------------------------------------------------------------------------------
n=6
(result of R-step: (2,3:6)0.26942969)
V=[0, 1, 2, 3, 4, 5]
total successes of this branch: 1
Matrix on 6 elements:

0    0.00000000  1.89731435  1.36818287  1.83905026  2.18709728  1.66425527
1    1.89731435  0.00000000  0.89999796  1.34380268  1.35813508  1.19259465
2    1.36818287  0.89999796  0.00000000  0.81019262  1.17017519  0.47494176
3    1.83905026  1.34380268  0.81019262  0.00000000  1.36393373  1.00689855
4    2.18709728  1.35813508  1.17017519  1.36393373  0.00000000  1.43065798
5    1.66425527  1.19259465  0.47494176  1.00689855  1.43065798  0.00000000

--------------------------------------------------------------------------------
n=5
(result of R-step: (2,3:5)0.87156810)
V=[0, 1, 2, 3, 4]
total successes of this branch: 1
Matrix on 5 elements:

0    0.00000000  1.89731435  1.29057036  1.58536524  2.18709728
1    1.89731435  0.00000000  0.82238545  1.09011766  1.35813508
2    1.29057036  0.82238545  0.00000000  0.47889510  1.09256268
3    1.58536524  1.09011766  0.47889510  0.00000000  1.11024872
4    2.18709728  1.35813508  1.09256268  1.11024872  0.00000000

--------------------------------------------------------------------------------
n=4
(result of R-step: (0,1:3)0.26499447)
V=[0, 1, 2, 4]
total successes of this branch: 0
reason of abort: negative delta/dxy

--------------------------------------------------------------------------------
n=4
(result of R-step: (1,2:3)0.81222721)
V=[0, 1, 2, 4]
total successes of this branch: 0
Matrix on 4 elements:

0    0.00000000  1.19940917  1.26673742  2.18709728
1    1.19940917  0.00000000  0.10064733  0.66022991
2    1.26673742  0.10064733  0.00000000  1.06872974
4    2.18709728  0.66022991  1.06872974  0.00000000
reason of abort: no pseudometric

--------------------------------------------------------------------------------
n=4
(result of R-step: (1,3:4)0.37841078)
V=[0, 1, 2, 3]
total successes of this branch: 1
Matrix on 4 elements:

0    0.00000000  1.63722323  1.29057036  1.41318617
1    1.63722323  0.00000000  0.56229433  0.65784748
2    1.29057036  0.56229433  0.00000000  0.30671603
3    1.41318617  0.65784748  0.30671603  0.00000000

--------------------------------------------------------------------------------
n=4
(result of R-step: (2,4:3)0.92498790)
V=[0, 1, 2, 4]
total successes of this branch: 0
reason of abort: negative delta/dxy
