n=7
V=[0, 1, 2, 3, 4, 5, 6]
total successes of this branch: 2
Matrix on 7 elements:

0    0.00000000  2.64940710  1.83630369  1.14855419  2.46542922  2.13035807  2.20236116
1    2.64940710  0.00000000  1.98554791  2.53473312  1.42371621  1.67864029  1.39681457
2    1.83630369  1.98554791  0.00000000  1.77991713  1.77720999  0.98252802  1.31171201
3    1.14855419  2.53473312  1.77991713  0.00000000  2.36005389  2.04925157  2.10670029
4    2.46542922  1.42371621  1.77720999  2.36005389  0.00000000  1.17903669  0.68175682
5    2.13035807  1.67864029  0.98252802  2.04925157  1.17903669  0.00000000  1.00175641
6    2.20236116  1.39681457  1.31171201  2.10670029  0.68175682  1.00175641  0.00000000

--------------------------------------------------------------------------------
n=6
(result of R-step: (0,1:3)0.95886605)
V=[0, 1, 2, 4, 5, 6]
total successes of this branch: 2
Matrix on 6 elements:

0    0.00000000  1.38390011  1.26161489  1.89074042  1.55566926  1.62767236
1    1.38390011  0.00000000  1.29472972  0.73289802  0.98782210  0.70599638
2    1.26161489  1.29472972  0.00000000  1.77720999  0.98252802  1.31171201
4    1.89074042  0.73289802  1.77720999  0.00000000  1.17903669  0.68175682
5    1.55566926  0.98782210  0.98252802  1.17903669  0.00000000  1.00175641
6    1.62767236  0.70599638  1.31171201  0.68175682  1.00175641  0.00000000

--------------------------------------------------------------------------------
n=5
(result of R-step: (2,4:6)0.19829967)
V=[0, 1, 2, 4, 5]
total successes of this branch: 2
Matrix on 5 elements:

0    0.00000000  1.38390011  1.19798680  1.59907948  1.55566926
1    1.38390011  0.00000000  1.23110163  0.44123708  0.98782210
2    1.19798680  1.23110163  0.00000000  1.42192097  0.91889994
4    1.59907948  0.44123708  1.42192097  0.00000000  0.88737575
5    1.55566926  0.98782210  0.91889994  0.88737575  0.00000000

--------------------------------------------------------------------------------
n=4
(result of R-step: (0,4:1)0.32644772)
V=[0, 2, 4, 5]
total successes of this branch: 1
Matrix on 4 elements:

0    0.00000000  0.54772493  0.92139748  0.90540739
2    0.54772493  0.00000000  1.39450085  0.91889994
4    0.92139748  1.39450085  0.00000000  0.85995563
5    0.90540739  0.91889994  0.85995563  0.00000000

--------------------------------------------------------------------------------
n=4
(result of R-step: (1,2:0)0.43788888)
V=[1, 2, 4, 5]
total successes of this branch: 1
Matrix on 4 elements:

1    0.00000000  1.08717634  0.34384353  0.89042855
2    1.08717634  0.00000000  1.37538923  0.87236820
4    0.34384353  1.37538923  0.00000000  0.88737575
5    0.89042855  0.87236820  0.88737575  0.00000000

--------------------------------------------------------------------------------
n=4
(result of R-step: (2,4:0)0.36180260)
V=[1, 2, 4, 5]
total successes of this branch: 0
reason of abort: negative delta/dxy

--------------------------------------------------------------------------------
n=4
(result of R-step: (2,4:1)0.72957334)
V=[0, 2, 4, 5]
total successes of this branch: 0
reason of abort: negative delta/dxy
