n=7
V=[0, 1, 2, 3, 4, 5, 6]
total successes of this branch: 1
Matrix on 7 elements:

0    0.00000000  1.03751748  0.81644243  1.21240650  0.63912107  0.72653058  0.86218068
1    1.03751748  0.00000000  1.00183900  1.51493557  1.03469036  0.52035352  1.31424034
2    0.81644243  1.00183900  0.00000000  1.29281331  0.81341304  0.79785268  0.67854214
3    1.21240650  1.51493557  1.29281331  0.00000000  1.09247524  1.19168574  1.55532103
4    0.63912107  1.03469036  0.81341304  1.09247524  0.00000000  0.63848416  1.03556878
5    0.72653058  0.52035352  0.79785268  1.19168574  0.63848416  0.00000000  1.06426502
6    0.86218068  1.31424034  0.67854214  1.55532103  1.03556878  1.06426502  0.00000000

--------------------------------------------------------------------------------
n=6
(result of R-step: (0,2:6)0.42980142)
V=[0, 1, 2, 3, 4, 5]
total successes of this branch: 1
Matrix on 6 elements:

0    0.00000000  0.92167365  0.67379448  1.09656267  0.52327724  0.61068675
1    0.92167365  0.00000000  0.97503488  1.51493557  1.03469036  0.52035352
2    0.67379448  0.97503488  0.00000000  1.26600919  0.78660892  0.77104856
3    1.09656267  1.51493557  1.26600919  0.00000000  1.09247524  1.19168574
4    0.52327724  1.03469036  0.78660892  1.09247524  0.00000000  0.63848416
5    0.61068675  0.52035352  0.77104856  1.19168574  0.63848416  0.00000000

--------------------------------------------------------------------------------
n=5
(result of R-step: (1,4:5)0.49040176)
V=[0, 1, 2, 3, 4]
total successes of this branch: 1
Matrix on 5 elements:

0    0.00000000  0.81865412  0.67379448  1.09656267  0.28874447
1    0.81865412  0.00000000  0.87201536  1.41191605  0.69713806
2    0.67379448  0.87201536  0.00000000  1.26600919  0.55207616
3    1.09656267  1.41191605  1.26600919  0.00000000  0.85794247
4    0.28874447  0.69713806  0.55207616  0.85794247  0.00000000

--------------------------------------------------------------------------------
n=4
(result of R-step: (0,3:4)0.80685568)
V=[0, 1, 2, 3]
total successes of this branch: 1
Matrix on 4 elements:

0    0.00000000  0.62465980  0.47980015  0.36080796
1    0.62465980  0.00000000  0.87201536  0.87015566
2    0.47980015  0.87201536  0.00000000  0.72424880
3    0.36080796  0.87015566  0.72424880  0.00000000

--------------------------------------------------------------------------------
n=4
(result of R-step: (1,3:0)0.09870388)
V=[1, 2, 3, 4]
total successes of this branch: 0
Matrix on 4 elements:

1    0.00000000  0.36835908  0.07028486  0.19348178
2    0.36835908  0.00000000  0.42803428  0.55207616
3    0.07028486  0.42803428  0.00000000  0.01996757
4    0.19348178  0.55207616  0.01996757  0.00000000
reason of abort: no pseudometric

--------------------------------------------------------------------------------
n=4
(result of R-step: (1,4:0)0.49950729)
V=[1, 2, 3, 4]
total successes of this branch: 0
reason of abort: negative delta/dxy

--------------------------------------------------------------------------------
n=4
(result of R-step: (2,3:0)0.10282214)
V=[1, 2, 3, 4]
total successes of this branch: 0
Matrix on 4 elements:

1    0.00000000  0.50386875  0.57365580  0.69713806
2    0.50386875  0.00000000  0.05960233  0.18392955
3    0.57365580  0.05960233  0.00000000  0.01968222
4    0.69713806  0.18392955  0.01968222  0.00000000
reason of abort: no pseudometric

--------------------------------------------------------------------------------
n=4
(result of R-step: (2,4:0)0.50218461)
V=[1, 2, 3, 4]
total successes of this branch: 0
reason of abort: negative delta/dxy
