n=7
V=[0, 1, 2, 3, 4, 5, 6]
total successes of this branch: 1
Matrix on 7 elements:

0    0.00000000  1.59679120  1.50661318  1.64566007  1.43105003  1.36378648  1.75126441
1    1.59679120  0.00000000  1.80728796  1.39177320  1.19571402  1.60992014  2.00388913
2    1.50661318  1.80728796  0.00000000  1.77743188  1.00943348  0.48019633  0.82353593
3    1.64566007  1.39177320  1.77743188  0.00000000  1.49101802  1.61315032  2.00318164
4    1.43105003  1.19571402  1.00943348  1.49101802  0.00000000  0.77926570  1.17713829
5    1.36378648  1.60992014  0.48019633  1.61315032  0.77926570  0.00000000  0.44131629
6    1.75126441  2.00388913  0.82353593  2.00318164  1.17713829  0.44131629  0.00000000

--------------------------------------------------------------------------------
n=6
(result of R-step: (0,1:3)0.60662974)
V=[0, 1, 2, 4, 5, 6]
total successes of this branch: 0
Matrix on 6 elements:

0    0.00000000  0.53993323  0.79366782  0.71810467  0.65084112  1.03831905
1    0.53993323  0.00000000  1.46337535  0.85180140  1.26600752  1.65997652
2    0.79366782  1.46337535  0.00000000  1.00943348  0.48019633  0.82353593
4    0.71810467  0.85180140  1.00943348  0.00000000  0.77926570  1.17713829
5    0.65084112  1.26600752  0.48019633  0.77926570  0.00000000  0.44131629
6    1.03831905  1.65997652  0.82353593  1.17713829  0.44131629  0.00000000
reason of abort: no pseudometric

--------------------------------------------------------------------------------
n=6
(result of R-step: (2,5:6)0.11901229)
V=[0, 1, 2, 3, 4, 5]
total successes of this branch: 1
Matrix on 6 elements:

0    0.00000000  1.59679120  1.38053766  1.64566007  1.43105003  1.35601837
1    1.59679120  0.00000000  1.68121244  1.39177320  1.19571402  1.60215203
2    1.38053766  1.68121244  0.00000000  1.65135636  0.88335796  0.34635270
3    1.64566007  1.39177320  1.65135636  0.00000000  1.49101802  1.60538221
4    1.43105003  1.19571402  0.88335796  1.49101802  0.00000000  0.77149758
5    1.35601837  1.60215203  0.34635270  1.60538221  0.77149758  0.00000000

--------------------------------------------------------------------------------
n=5
(result of R-step: (0,1:3)0.60662974)
V=[0, 1, 2, 4, 5]
total successes of this branch: 0
Matrix on 5 elements:

0    0.00000000  0.53993323  0.66759230  0.71810467  0.64307301
1    0.53993323  0.00000000  1.33729983  0.85180140  1.25823941
2    0.66759230  1.33729983  0.00000000  0.88335796  0.34635270
4    0.71810467  0.85180140  0.88335796  0.00000000  0.77149758
5    0.64307301  1.25823941  0.34635270  0.77149758  0.00000000
reason of abort: no pseudometric

--------------------------------------------------------------------------------
n=5
(result of R-step: (2,4:5)0.89824622)
V=[0, 1, 2, 3, 4]
total successes of this branch: 1
Matrix on 5 elements:

0    0.00000000  1.59679120  1.22126797  1.64566007  1.39329345
1    1.59679120  0.00000000  1.52194275  1.39177320  1.15795744
2    1.22126797  1.52194275  0.00000000  1.49208666  0.68633168
3    1.64566007  1.39177320  1.49208666  0.00000000  1.45326144
4    1.39329345  1.15795744  0.68633168  1.45326144  0.00000000

--------------------------------------------------------------------------------
n=4
(result of R-step: (0,1:3)0.60662974)
V=[0, 1, 2, 4]
total successes of this branch: 0
Matrix on 4 elements:

0    0.00000000  0.53993323  0.50832261  0.68034809
1    0.53993323  0.00000000  1.17803013  0.81404482
2    0.50832261  1.17803013  0.00000000  0.68633168
4    0.68034809  0.81404482  0.68633168  0.00000000
reason of abort: no pseudometric

--------------------------------------------------------------------------------
n=4
(result of R-step: (1,2:4)0.44311569)
V=[0, 1, 2, 3]
total successes of this branch: 1
Matrix on 4 elements:

0    0.00000000  1.25287859  1.21560276  1.64566007
1    1.25287859  0.00000000  1.17236493  1.04786059
2    1.21560276  1.17236493  0.00000000  1.48642146
3    1.64566007  1.04786059  1.48642146  0.00000000

--------------------------------------------------------------------------------
n=4
(result of R-step: (1,4:3)0.87545753)
V=[0, 1, 2, 4]
total successes of this branch: 0
reason of abort: negative delta/dxy

--------------------------------------------------------------------------------
n=4
(result of R-step: (2,3:4)0.03345138)
V=[0, 1, 2, 3]
total successes of this branch: 0
reason of abort: negative delta/dxy
