n=7
V=[0, 1, 2, 3, 4, 5, 6]
total successes of this branch: 1
Matrix on 7 elements:

0    0.00000000  2.16336473  1.33130352  0.76155464  0.66078379  0.82551925  0.28433392
1    2.16336473  0.00000000  2.03804220  2.01703095  2.26673646  2.05097743  2.14014240
2    1.33130352  2.03804220  0.00000000  1.14602494  1.43288498  1.15427830  1.30754369
3    0.76155464  2.01703095  1.14602494  0.00000000  0.86269604  0.17736028  0.73766269
4    0.66078379  2.26673646  1.43288498  0.86269604  0.00000000  0.92668472  0.45617464
5    0.82551925  2.05097743  1.15427830  0.17736028  0.92668472  0.00000000  0.80163452
6    0.28433392  2.14014240  1.30754369  0.73766269  0.45617464  0.80163452  0.00000000

--------------------------------------------------------------------------------
n=6
(result of R-step: (0,4:6)0.69976872)
V=[0, 1, 2, 3, 4, 5]
total successes of this branch: 1
Matrix on 6 elements:

0    0.00000000  2.06318612  1.23112491  0.66137603  0.48060588  0.72534064
1    2.06318612  0.00000000  2.03804220  2.01703095  2.18673717  2.05097743
2    1.23112491  2.03804220  0.00000000  1.14602494  1.35288568  1.15427830
3    0.66137603  2.01703095  1.14602494  0.00000000  0.78269674  0.17736028
4    0.48060588  2.18673717  1.35288568  0.78269674  0.00000000  0.84668542
5    0.72534064  2.05097743  1.15427830  0.17736028  0.84668542  0.00000000

--------------------------------------------------------------------------------
n=5
(result of R-step: (1,4:0)0.00080130)
V=[1, 2, 3, 4, 5]
total successes of this branch: 1
Matrix on 5 elements:

1    0.00000000  1.71919891  1.69818766  1.56707111  1.73213413
2    1.71919891  0.00000000  1.14602494  1.05206292  1.15427830
3    1.69818766  1.14602494  0.00000000  0.48187398  0.17736028
4    1.56707111  1.05206292  0.48187398  0.00000000  0.54586266
5    1.73213413  1.15427830  0.17736028  0.54586266  0.00000000

--------------------------------------------------------------------------------
n=4
(result of R-step: (2,4:1)0.53901564)
V=[2, 3, 4, 5]
total successes of this branch: 1
Matrix on 4 elements:

2    0.00000000  0.79734449  0.54972561  0.80559785
3    0.79734449  0.00000000  0.32821712  0.17736028
4    0.54972561  0.32821712  0.00000000  0.39220580
5    0.80559785  0.17736028  0.39220580  0.00000000

--------------------------------------------------------------------------------
n=4
(result of R-step: (4,5:3)0.40881580)
V=[1, 2, 4, 5]
total successes of this branch: 0
reason of abort: negative delta/dxy
