n=7
V=[0, 1, 2, 3, 4, 5, 6]
total successes of this branch: 3
Matrix on 7 elements:

0    0.00000000  1.41222066  1.52136083  2.38146450  1.27405699  1.24666787  1.46401196
1    1.41222066  0.00000000  1.61738653  2.06306789  0.74429955  0.76076781  0.68982027
2    1.52136083  1.61738653  0.00000000  2.58653541  1.47918396  1.45178320  1.66912823
3    2.38146450  2.06306789  2.58653541  0.00000000  1.89588427  1.76939412  1.68035930
4    1.27405699  0.74429955  1.47918396  1.89588427  0.00000000  0.58965700  0.89134541
5    1.24666787  0.76076781  1.45178320  1.76939412  0.58965700  0.00000000  0.83313245
6    1.46401196  0.68982027  1.66912823  1.68035930  0.89134541  0.83313245  0.00000000

--------------------------------------------------------------------------------
n=6
(result of R-step: (1,3:6)0.47760173)
V=[0, 1, 2, 3, 4, 5]
total successes of this branch: 3
Matrix on 6 elements:

0    0.00000000  1.34247931  1.52136083  1.28117898  1.27405699  1.24666787
1    1.34247931  0.00000000  1.54764518  0.89304102  0.67455819  0.69102646
2    1.52136083  1.54764518  0.00000000  1.48624989  1.47918396  1.45178320
3    1.28117898  0.89304102  1.48624989  0.00000000  0.79559875  0.66910860
4    1.27405699  0.67455819  1.47918396  0.79559875  0.00000000  0.58965700
5    1.24666787  0.69102646  1.45178320  0.66910860  0.58965700  0.00000000

--------------------------------------------------------------------------------
n=5
(result of R-step: (3,4:5)0.20750007)
V=[0, 1, 2, 3, 4]
total successes of this branch: 3
Matrix on 5 elements:

0    0.00000000  1.34247931  1.52136083  1.11861618  0.98797675
1    1.34247931  0.00000000  1.54764518  0.73047822  0.38847796
2    1.52136083  1.54764518  0.00000000  1.32368709  1.19310372
3    1.11861618  0.73047822  1.32368709  0.00000000  0.34695571
4    0.98797675  0.38847796  1.19310372  0.34695571  0.00000000

--------------------------------------------------------------------------------
n=4
(result of R-step: (0,1:3)0.29153206)
V=[0, 1, 2, 4]
total successes of this branch: 0
Matrix on 4 elements:

0    0.00000000  0.29224792  0.86310048  0.32971640
1    0.29224792  0.00000000  1.15567414 -0.00349308
2    0.86310048  1.15567414  0.00000000  1.19310372
4    0.32971640 -0.00349308  1.19310372  0.00000000
reason of abort: no pseudometric

--------------------------------------------------------------------------------
n=4
(result of R-step: (0,3:2)0.99865947)
V=[0, 1, 3, 4]
total successes of this branch: 1
Matrix on 4 elements:

0    0.00000000  0.68465997  0.24290999  0.33015742
1    0.68465997  0.00000000  0.51259136  0.38847796
3    0.24290999  0.51259136  0.00000000  0.12906885
4    0.33015742  0.38847796  0.12906885  0.00000000

--------------------------------------------------------------------------------
n=4
(result of R-step: (0,4:1)0.06536046)
V=[0, 2, 3, 4]
total successes of this branch: 0
reason of abort: negative delta/dxy

--------------------------------------------------------------------------------
n=4
(result of R-step: (0,4:3)0.33786471)
V=[0, 1, 2, 4]
total successes of this branch: 0
reason of abort: negative delta/dxy

--------------------------------------------------------------------------------
n=4
(result of R-step: (1,2:0)0.00026518)
V=[1, 2, 3, 4]
total successes of this branch: 1
Matrix on 4 elements:

1    0.00000000  0.38632582  0.43231977  0.09031951
2    0.38632582  0.00000000  0.46052618  0.32994281
3    0.43231977  0.46052618  0.00000000  0.34695571
4    0.09031951  0.32994281  0.34695571  0.00000000

--------------------------------------------------------------------------------
n=4
(result of R-step: (1,2:3)0.70860158)
V=[0, 1, 2, 4]
total successes of this branch: 0
Matrix on 4 elements:

0    0.00000000  0.95052013  0.65826043  0.98797675
1    0.95052013  0.00000000  0.29258560 -0.00348122
2    0.65826043  0.29258560  0.00000000  0.33000332
4    0.98797675 -0.00348122  0.33000332  0.00000000
reason of abort: no pseudometric

--------------------------------------------------------------------------------
n=4
(result of R-step: (1,3:4)0.59035307)
V=[0, 1, 2, 3]
total successes of this branch: 1
Matrix on 4 elements:

0    0.00000000  1.04432086  1.52136083  0.90072932
1    1.04432086  0.00000000  1.24948673  0.21443291
2    1.52136083  1.24948673  0.00000000  1.10580023
3    0.90072932  0.21443291  1.10580023  0.00000000

--------------------------------------------------------------------------------
n=4
(result of R-step: (2,4:0)0.99947946)
V=[1, 2, 3, 4]
total successes of this branch: 0
Matrix on 4 elements:

1    0.00000000  0.68454477  0.73047822  0.33414256
2    0.68454477  0.00000000  0.46058668  0.27566792
3    0.73047822  0.46058668  0.00000000  0.29262032
4    0.33414256  0.27566792  0.29262032  0.00000000
reason of abort: no pseudometric

--------------------------------------------------------------------------------
n=4
(result of R-step: (2,4:1)0.06545648)
V=[0, 2, 3, 4]
total successes of this branch: 0
reason of abort: negative delta/dxy

--------------------------------------------------------------------------------
n=4
(result of R-step: (2,4:3)0.33775412)
V=[0, 1, 2, 4]
total successes of this branch: 0
reason of abort: negative delta/dxy
