n=7
V=[0, 1, 2, 3, 4, 5, 6]
total successes of this branch: 3
Matrix on 7 elements:

0    0.00000000  1.27714295  1.86047971  1.42074783  1.96194400  1.43688415  1.50380490
1    1.27714295  0.00000000  1.31390104  0.89273784  1.41774023  0.69753856  0.81339369
2    1.86047971  1.31390104  0.00000000  1.41953724  0.91717375  1.44885318  1.11753656
3    1.42074783  0.89273784  1.41953724  0.00000000  1.43455555  0.56707265  0.74286291
4    1.96194400  1.41774023  0.91717375  1.43455555  0.00000000  1.49470281  1.30748548
5    1.43688415  0.69753856  1.44885318  0.56707265  1.49470281  0.00000000  0.42519048
6    1.50380490  0.81339369  1.11753656  0.74286291  1.30748548  0.42519048  0.00000000

--------------------------------------------------------------------------------
n=6
(result of R-step: (2,5:6)0.25385259)
V=[0, 1, 2, 3, 4, 5]
total successes of this branch: 3
Matrix on 6 elements:

0    0.00000000  1.27714295  1.70864239  1.42074783  1.96194400  1.37120985
1    1.27714295  0.00000000  1.16206373  0.89273784  1.41774023  0.63186426
2    1.70864239  1.16206373  0.00000000  1.26769992  0.76533643  1.23134155
3    1.42074783  0.89273784  1.26769992  0.00000000  1.43455555  0.50139834
4    1.96194400  1.41774023  0.76533643  1.43455555  0.00000000  1.42902851
5    1.37120985  0.63186426  1.23134155  0.50139834  1.42902851  0.00000000

--------------------------------------------------------------------------------
n=5
(result of R-step: (1,3:5)0.34711802)
V=[0, 1, 2, 3, 4]
total successes of this branch: 3
Matrix on 5 elements:

0    0.00000000  1.20699109  1.70864239  1.27431777  1.96194400
1    1.20699109  0.00000000  1.09191187  0.67615592  1.34758837
2    1.70864239  1.09191187  0.00000000  1.12126986  0.76533643
3    1.27431777  0.67615592  1.12126986  0.00000000  1.28812549
4    1.96194400  1.34758837  0.76533643  1.28812549  0.00000000

--------------------------------------------------------------------------------
n=4
(result of R-step: (0,2:1)0.98448217)
V=[0, 2, 3, 4]
total successes of this branch: 1
Matrix on 4 elements:

0    0.00000000  0.62701536  0.37218689  1.05981312
2    0.62701536  0.00000000  0.94177372  0.58584029
3    0.37218689  0.94177372  0.00000000  1.28812549
4    1.05981312  0.58584029  1.28812549  0.00000000

--------------------------------------------------------------------------------
n=4
(result of R-step: (0,2:3)0.86779510)
V=[0, 1, 2, 4]
total successes of this branch: 0
Matrix on 4 elements:

0    0.00000000  0.30582905  0.22452351  1.06078196
1    0.30582905  0.00000000  0.50895503  1.34758837
2    0.22452351  0.50895503  0.00000000  0.18237960
4    1.06078196  1.34758837  0.18237960  0.00000000
reason of abort: no pseudometric

--------------------------------------------------------------------------------
n=4
(result of R-step: (0,4:1)0.98059930)
V=[0, 2, 3, 4]
total successes of this branch: 0
Matrix on 4 elements:

0    0.00000000  0.80748035  0.37315573  0.49025668
2    0.80748035  0.00000000  1.12126986  0.19481115
3    0.37315573  1.12126986  0.00000000  0.71760020
4    0.49025668  0.19481115  0.71760020  0.00000000
reason of abort: no pseudometric

--------------------------------------------------------------------------------
n=4
(result of R-step: (0,4:2)0.70053776)
V=[0, 1, 3, 4]
total successes of this branch: 0
reason of abort: negative delta/dxy

--------------------------------------------------------------------------------
n=4
(result of R-step: (0,4:3)0.94783911)
V=[0, 1, 2, 4]
total successes of this branch: 0
reason of abort: negative delta/dxy

--------------------------------------------------------------------------------
n=4
(result of R-step: (1,2:3)0.88302502)
V=[0, 1, 2, 4]
total successes of this branch: 0
Matrix on 4 elements:

0    0.00000000  0.90134657  1.07415485  1.96194400
1    0.90134657  0.00000000  0.15177980  1.04194385
2    1.07415485  0.15177980  0.00000000  0.13084890
4    1.96194400  1.04194385  0.13084890  0.00000000
reason of abort: no pseudometric

--------------------------------------------------------------------------------
n=4
(result of R-step: (1,3:0)0.97326205)
V=[1, 2, 3, 4]
total successes of this branch: 1
Matrix on 4 elements:

1    0.00000000  0.79755819  0.37627967  1.05323470
2    0.79755819  0.00000000  1.11574728  0.76533643
3    0.37627967  1.11574728  0.00000000  1.28260291
4    1.05323470  0.76533643  1.28260291  0.00000000

--------------------------------------------------------------------------------
n=4
(result of R-step: (1,4:2)0.60458781)
V=[0, 1, 3, 4]
total successes of this branch: 0
reason of abort: negative delta/dxy

--------------------------------------------------------------------------------
n=4
(result of R-step: (1,4:3)0.96489349)
V=[0, 1, 2, 4]
total successes of this branch: 0
reason of abort: negative delta/dxy

--------------------------------------------------------------------------------
n=4
(result of R-step: (2,3:4)0.87210242)
V=[0, 1, 2, 3]
total successes of this branch: 1
Matrix on 4 elements:

0    0.00000000  1.20699109  1.52914624  1.26879520
1    1.20699109  0.00000000  0.91241572  0.67063335
2    1.52914624  0.91241572  0.00000000  0.93625114
3    1.26879520  0.67063335  0.93625114  0.00000000
