n=7
V=[0, 1, 2, 3, 4, 5, 6]
total successes of this branch: 5
Matrix on 7 elements:

0    0.00000000  1.61209863  1.76790171  1.48465912  1.72282347  1.02807122  1.63623052
1    1.61209863  0.00000000  1.44633614  0.92966506  1.14827786  1.46141997  0.96136393
2    1.76790171  1.44633614  0.00000000  1.27486977  1.51457099  1.69157712  1.00663078
3    1.48465912  0.92966506  1.27486977  0.00000000  0.78953934  1.25227578  1.07070430
4    1.72282347  1.14827786  1.51457099  0.78953934  0.00000000  1.19697710  1.30233383
5    1.02807122  1.46141997  1.69157712  1.25227578  1.19697710  0.00000000  1.53144659
6    1.63623052  0.96136393  1.00663078  1.07070430  1.30233383  1.53144659  0.00000000

--------------------------------------------------------------------------------
n=6
(result of R-step: (1,2:6)0.38275426)
V=[0, 1, 2, 3, 4, 5]
total successes of this branch: 5
Matrix on 6 elements:

0    0.00000000  1.42835671  1.34256353  1.48465912  1.72282347  1.02807122
1    1.42835671  0.00000000  0.83725604  0.74592314  0.96453593  1.27767805
2    1.34256353  0.83725604  0.00000000  0.84953159  1.08923281  1.26623894
3    1.48465912  0.74592314  0.84953159  0.00000000  0.78953934  1.25227578
4    1.72282347  0.96453593  1.08923281  0.78953934  0.00000000  1.19697710
5    1.02807122  1.27767805  1.26623894  1.25227578  1.19697710  0.00000000

--------------------------------------------------------------------------------
n=5
(result of R-step: (0,4:5)0.64675731)
V=[0, 1, 2, 3, 4]
total successes of this branch: 5
Matrix on 5 elements:

0    0.00000000  1.11422512  1.02843194  1.17052754  1.31022446
1    1.11422512  0.00000000  0.83725604  0.74592314  0.86606851
2    1.02843194  0.83725604  0.00000000  0.84953159  0.99076538
3    1.17052754  0.74592314  0.84953159  0.00000000  0.69107191
4    1.31022446  0.86606851  0.99076538  0.69107191  0.00000000

--------------------------------------------------------------------------------
n=4
(result of R-step: (0,3:1)0.42537471)
V=[0, 2, 3, 4]
total successes of this branch: 0
Matrix on 4 elements:

0    0.00000000  0.40546868  0.25486435  0.68726119
2    0.40546868  0.00000000  0.55683166  0.99076538
3    0.25486435  0.55683166  0.00000000  0.39837198
4    0.68726119  0.99076538  0.39837198  0.00000000
reason of abort: no pseudometric

--------------------------------------------------------------------------------
n=4
(result of R-step: (0,3:2)0.83061633)
V=[0, 1, 3, 4]
total successes of this branch: 1
Matrix on 4 elements:

0    0.00000000  0.48532559  0.27047718  0.68132493
1    0.48532559  0.00000000  0.47477231  0.86606851
3    0.27047718  0.47477231  0.00000000  0.41992109
4    0.68132493  0.86606851  0.41992109  0.00000000

--------------------------------------------------------------------------------
n=4
(result of R-step: (0,4:1)0.47162909)
V=[0, 2, 3, 4]
total successes of this branch: 1
Matrix on 4 elements:

0    0.00000000  0.39953241  0.54162801  0.28444224
2    0.39953241  0.00000000  0.84953159  0.59388269
3    0.54162801  0.84953159  0.00000000  0.29418922
4    0.28444224  0.59388269  0.29418922  0.00000000

--------------------------------------------------------------------------------
n=4
(result of R-step: (0,4:2)0.80965391)
V=[0, 1, 3, 4]
total successes of this branch: 0
Matrix on 4 elements:

0    0.00000000  0.49126186  0.54756428  0.26783972
1    0.49126186  0.00000000  0.74592314  0.44664704
3    0.54756428  0.74592314  0.00000000  0.27165044
4    0.26783972  0.44664704  0.27165044  0.00000000
reason of abort: no pseudometric

--------------------------------------------------------------------------------
n=4
(result of R-step: (0,4:3)0.10018727)
V=[0, 1, 2, 4]
total successes of this branch: 0
Matrix on 4 elements:

0    0.00000000  0.43260960  0.34681642  0.23696544
1    0.43260960  0.00000000  0.83725604  0.47442502
2    0.34681642  0.83725604  0.00000000  0.59912189
4    0.23696544  0.47442502  0.59912189  0.00000000
reason of abort: no pseudometric

--------------------------------------------------------------------------------
n=4
(result of R-step: (1,2:0)0.07287768)
V=[1, 2, 3, 4]
total successes of this branch: 1
Matrix on 4 elements:

1    0.00000000  0.42794874  0.68115936  0.80130473
2    0.42794874  0.00000000  0.50498807  0.64622186
3    0.68115936  0.50498807  0.00000000  0.69107191
4    0.80130473  0.64622186  0.69107191  0.00000000

--------------------------------------------------------------------------------
n=4
(result of R-step: (1,3:4)0.03490767)
V=[0, 1, 2, 3]
total successes of this branch: 1
Matrix on 4 elements:

0    0.00000000  1.04946135  1.02843194  0.89937671
1    1.04946135  0.00000000  0.77249226  0.41000853
2    1.02843194  0.77249226  0.00000000  0.57838076
3    0.89937671  0.41000853  0.57838076  0.00000000

--------------------------------------------------------------------------------
n=4
(result of R-step: (2,3:1)0.52355079)
V=[0, 2, 3, 4]
total successes of this branch: 0
Matrix on 4 elements:

0    0.00000000  0.63266754  0.87347766  1.31022446
2    0.63266754  0.00000000  0.15671730  0.59500098
3    0.87347766  0.15671730  0.00000000  0.39402203
4    1.31022446  0.59500098  0.39402203  0.00000000
reason of abort: no pseudometric

--------------------------------------------------------------------------------
n=4
(result of R-step: (2,4:1)0.56978834)
V=[0, 2, 3, 4]
total successes of this branch: 0
Matrix on 4 elements:

0    0.00000000  0.63665974  1.17052754  0.91858097
2    0.63665974  0.00000000  0.45775939  0.20734969
3    1.17052754  0.45775939  0.00000000  0.29942842
4    0.91858097  0.20734969  0.29942842  0.00000000
reason of abort: no pseudometric

--------------------------------------------------------------------------------
n=4
(result of R-step: (2,4:3)0.07728495)
V=[0, 1, 2, 4]
total successes of this branch: 1
Matrix on 4 elements:

0    0.00000000  1.11422512  0.68388843  0.91334177
1    1.11422512  0.00000000  0.49271252  0.46918582
2    0.68388843  0.49271252  0.00000000  0.24933918
4    0.91334177  0.46918582  0.24933918  0.00000000
