n=8
V=[0, 1, 2, 3, 4, 5, 6, 7]
total successes of this branch: 1
Matrix on 8 elements:

0    0.00000000  1.53977240  1.45175907  1.13900325  1.49808903  1.20091261  1.37772146  1.22432068
1    1.53977240  0.00000000  1.35249557  1.47631073  1.11865305  1.10712653  1.28007462  1.13002347
2    1.45175907  1.35249557  0.00000000  1.29145556  1.14210591  1.39609397  0.71634454  1.30610059
3    1.13900325  1.47631073  1.29145556  0.00000000  1.38876278  1.32815894  1.30228860  1.32473392
4    1.49808903  1.11865305  1.14210591  1.38876278  0.00000000  1.28530847  1.18437230  1.27194533
5    1.20091261  1.10712653  1.39609397  1.32815894  1.28530847  0.00000000  1.11145310  0.44340386
6    1.37772146  1.28007462  0.71634454  1.30228860  1.18437230  1.11145310  0.00000000  1.00951263
7    1.22432068  1.13002347  1.30610059  1.32473392  1.27194533  0.44340386  1.00951263  0.00000000

--------------------------------------------------------------------------------
n=7
(result of R-step: (5,6:7)0.86760801)
V=[0, 1, 2, 3, 4, 5, 6]
total successes of this branch: 1
Matrix on 7 elements:

0    0.00000000  1.53977240  1.45175907  1.13900325  1.49808903  1.03018091  1.20698977
1    1.53977240  0.00000000  1.35249557  1.47631073  1.11865305  0.93639483  1.10934293
2    1.45175907  1.35249557  0.00000000  1.29145556  1.14210591  1.22536227  0.54561285
3    1.13900325  1.47631073  1.29145556  0.00000000  1.38876278  1.15742725  1.13155691
4    1.49808903  1.11865305  1.14210591  1.38876278  0.00000000  1.11457677  1.01364061
5    1.03018091  0.93639483  1.22536227  1.15742725  1.11457677  0.00000000  0.76998971
6    1.20698977  1.10934293  0.54561285  1.13155691  1.01364061  0.76998971  0.00000000

--------------------------------------------------------------------------------
n=6
(result of R-step: (2,5:6)0.70484889)
V=[0, 1, 2, 3, 4, 5]
total successes of this branch: 1
Matrix on 6 elements:

0    0.00000000  1.53977240  1.23590724  1.13900325  1.49808903  0.98506077
1    1.53977240  0.00000000  1.13664373  1.47631073  1.11865305  0.89127469
2    1.23590724  1.13664373  0.00000000  1.07560372  0.92625407  0.96439030
3    1.13900325  1.47631073  1.07560372  0.00000000  1.38876278  1.11230711
4    1.49808903  1.11865305  0.92625407  1.38876278  0.00000000  1.06945663
5    0.98506077  0.89127469  0.96439030  1.11230711  1.06945663  0.00000000

--------------------------------------------------------------------------------
n=5
(result of R-step: (3,4:2)0.39089645)
V=[0, 1, 3, 4, 5]
total successes of this branch: 1
Matrix on 5 elements:

0    0.00000000  1.53977240  0.68937034  1.08337460  0.98506077
1    1.53977240  0.00000000  1.02667782  0.70393862  0.89127469
3    0.68937034  1.02667782  0.00000000  0.52441543  0.66267420
4    1.08337460  0.70393862  0.52441543  0.00000000  0.65474220
5    0.98506077  0.89127469  0.66267420  0.65474220  0.00000000

--------------------------------------------------------------------------------
n=4
(result of R-step: (0,1:3)0.17180929)
V=[0, 1, 4, 5]
total successes of this branch: 0
reason of abort: negative delta/dxy

--------------------------------------------------------------------------------
n=4
(result of R-step: (0,4:3)0.62274526)
V=[0, 1, 4, 5]
total successes of this branch: 1
Matrix on 4 elements:

0    0.00000000  1.15563903  0.63625811  0.60092740
1    1.15563903  0.00000000  0.64095550  0.89127469
4    0.63625811  0.64095550  0.00000000  0.59175908
5    0.60092740  0.89127469  0.59175908  0.00000000

--------------------------------------------------------------------------------
n=4
(result of R-step: (4,5:1)0.80612892)
V=[0, 3, 4, 5]
total successes of this branch: 0
reason of abort: negative delta/dxy
