n=8
V=[0, 1, 2, 3, 4, 5, 6, 7]
total successes of this branch: 2
Matrix on 8 elements:

0    0.00000000  1.38779654  1.31076133  1.32019499  1.31785547  0.90108096  1.01199240  1.35457742
1    1.38779654  0.00000000  1.25995521  1.19769262  1.21313353  1.29058312  1.30005835  0.76725722
2    1.31076133  1.25995521  0.00000000  0.81378181  0.77975876  1.05662098  0.65711063  1.04070749
3    1.32019499  1.19769262  0.81378181  0.00000000  0.71061325  0.88157636  0.97264091  0.78182088
4    1.31785547  1.21313353  0.77975876  0.71061325  0.00000000  1.00733010  0.94855681  0.96619719
5    0.90108096  1.29058312  1.05662098  0.88157636  1.00733010  0.00000000  1.00782891  1.08959893
6    1.01199240  1.30005835  0.65711063  0.97264091  0.94855681  1.00782891  0.00000000  1.13916681
7    1.35457742  0.76725722  1.04070749  0.78182088  0.96619719  1.08959893  1.13916681  0.00000000

--------------------------------------------------------------------------------
n=7
(result of R-step: (0,2:6)0.31369464)
V=[0, 1, 2, 3, 4, 5, 7]
total successes of this branch: 2
Matrix on 7 elements:

0    0.00000000  1.20862569  0.95241963  1.14102414  1.13868462  0.72191011  1.17540657
1    1.20862569  0.00000000  1.08078435  1.19769262  1.21313353  1.29058312  0.76725722
2    0.95241963  1.08078435  0.00000000  0.63461096  0.60058791  0.87745013  0.86153664
3    1.14102414  1.19769262  0.63461096  0.00000000  0.71061325  0.88157636  0.78182088
4    1.13868462  1.21313353  0.60058791  0.71061325  0.00000000  1.00733010  0.96619719
5    0.72191011  1.29058312  0.87745013  0.88157636  1.00733010  0.00000000  1.08959893
7    1.17540657  0.76725722  0.86153664  0.78182088  0.96619719  1.08959893  0.00000000

--------------------------------------------------------------------------------
n=6
(result of R-step: (1,3:7)0.50860424)
V=[0, 1, 2, 3, 4, 5]
total successes of this branch: 2
Matrix on 6 elements:

0    0.00000000  1.03293295  0.95241963  0.96533140  1.13868462  0.72191011
1    1.03293295  0.00000000  0.90509161  0.84630713  1.03744078  1.11489038
2    0.95241963  0.90509161  0.00000000  0.45891822  0.60058791  0.87745013
3    0.96533140  0.84630713  0.45891822  0.00000000  0.53492051  0.70588362
4    1.13868462  1.03744078  0.60058791  0.53492051  0.00000000  1.00733010
5    0.72191011  1.11489038  0.87745013  0.70588362  1.00733010  0.00000000

--------------------------------------------------------------------------------
n=5
(result of R-step: (0,3:5)0.48863014)
V=[0, 1, 2, 3, 4]
total successes of this branch: 2
Matrix on 5 elements:

0    0.00000000  0.98087263  0.90035931  0.85773266  1.08662431
1    0.98087263  0.00000000  0.90509161  0.79076871  1.03744078
2    0.90035931  0.90509161  0.00000000  0.40337979  0.60058791
3    0.85773266  0.79076871  0.40337979  0.00000000  0.47938208
4    1.08662431  1.03744078  0.60058791  0.47938208  0.00000000

--------------------------------------------------------------------------------
n=4
(result of R-step: (0,3:2)0.01650033)
V=[0, 1, 3, 4]
total successes of this branch: 0
reason of abort: negative delta/dxy

--------------------------------------------------------------------------------
n=4
(result of R-step: (0,4:2)0.12955727)
V=[0, 1, 3, 4]
total successes of this branch: 1
Matrix on 4 elements:

0    0.00000000  0.67392173  0.55078176  0.44373621
1    0.67392173  0.00000000  0.79076871  0.70150359
3    0.55078176  0.79076871  0.00000000  0.14344488
4    0.44373621  0.70150359  0.14344488  0.00000000

--------------------------------------------------------------------------------
n=4
(result of R-step: (1,3:2)0.18067552)
V=[0, 1, 3, 4]
total successes of this branch: 0
reason of abort: negative delta/dxy

--------------------------------------------------------------------------------
n=4
(result of R-step: (1,4:2)0.26433129)
V=[0, 1, 3, 4]
total successes of this branch: 0
Matrix on 4 elements:

0    0.00000000  0.41304276  0.85773266  0.75721560
1    0.41304276  0.00000000  0.22293883  0.14020220
3    0.85773266  0.22293883  0.00000000  0.14997337
4    0.75721560  0.14020220  0.14997337  0.00000000
reason of abort: no pseudometric

--------------------------------------------------------------------------------
n=4
(result of R-step: (2,3:4)0.24799659)
V=[0, 1, 2, 3]
total successes of this branch: 1
Matrix on 4 elements:

0    0.00000000  0.98087263  0.74123507  0.75066873
1    0.98087263  0.00000000  0.74596737  0.68370478
2    0.74123507  0.74596737  0.00000000  0.13719162
3    0.75066873  0.68370478  0.13719162  0.00000000
