n=8
V=[0, 1, 2, 3, 4, 5, 6, 7]
total successes of this branch: 2
Matrix on 8 elements:

0    0.00000000  2.02220497  1.98144043  2.01583194  1.80239038  1.99549007  2.01782501  1.98677037
1    2.02220497  0.00000000  2.00337127  1.88615478  2.00819748  1.55484977  1.49467398  1.83321815
2    1.98144043  2.00337127  0.00000000  2.00238993  1.46176925  1.15052318  2.00269683  0.68190360
3    2.01583194  1.88615478  2.00238993  0.00000000  2.00583450  1.96232909  1.02584104  1.98719227
4    1.80239038  2.00819748  1.46176925  2.00583450  0.00000000  1.65009762  2.00657349  1.53321434
5    1.99549007  1.55484977  1.15052318  1.96232909  1.65009762  0.00000000  1.83489577  0.86407869
6    2.01782501  1.49467398  2.00269683  1.02584104  2.00657349  1.83489577  0.00000000  1.93903907
7    1.98677037  1.83321815  0.68190360  1.98719227  1.53321434  0.86407869  1.93903907  0.00000000

--------------------------------------------------------------------------------
n=7
(result of R-step: (1,3:6)0.31273567)
V=[0, 1, 2, 3, 4, 5, 7]
total successes of this branch: 2
Matrix on 7 elements:

0    0.00000000  1.70502485  1.98144043  1.69865183  1.80239038  1.99549007  1.98677037
1    1.70502485  0.00000000  1.68619116  1.25179455  1.69101737  1.23766965  1.51603803
2    1.98144043  1.68619116  0.00000000  1.68520982  1.46176925  1.15052318  0.68190360
3    1.69865183  1.25179455  1.68520982  0.00000000  1.68865438  1.64514897  1.67001215
4    1.80239038  1.69101737  1.46176925  1.68865438  0.00000000  1.65009762  1.53321434
5    1.99549007  1.23766965  1.15052318  1.64514897  1.65009762  0.00000000  0.86407869
7    1.98677037  1.51603803  0.68190360  1.67001215  1.53321434  0.86407869  0.00000000

--------------------------------------------------------------------------------
n=6
(result of R-step: (2,5:7)0.62063552)
V=[0, 1, 2, 3, 4, 5]
total successes of this branch: 2
Matrix on 6 elements:

0    0.00000000  1.70502485  1.78371088  1.69865183  1.80239038  1.79776051
1    1.70502485  0.00000000  1.48846160  1.25179455  1.69101737  1.03994009
2    1.78371088  1.48846160  0.00000000  1.48748026  1.26403969  0.75506406
3    1.69865183  1.25179455  1.48748026  0.00000000  1.68865438  1.44741941
4    1.80239038  1.69101737  1.26403969  1.68865438  0.00000000  1.45236806
5    1.79776051  1.03994009  0.75506406  1.44741941  1.45236806  0.00000000

--------------------------------------------------------------------------------
n=5
(result of R-step: (1,2:5)0.34465344)
V=[0, 1, 2, 3, 4]
total successes of this branch: 2
Matrix on 5 elements:

0    0.00000000  1.67120413  1.63043960  1.69865183  1.80239038
1    1.67120413  0.00000000  1.30136960  1.21797383  1.65719665
2    1.63043960  1.30136960  0.00000000  1.33420898  1.11076841
3    1.69865183  1.21797383  1.33420898  0.00000000  1.68865438
4    1.80239038  1.65719665  1.11076841  1.68865438  0.00000000

--------------------------------------------------------------------------------
n=4
(result of R-step: (0,1:3)0.00751397)
V=[0, 1, 2, 4]
total successes of this branch: 1
Matrix on 4 elements:

0    0.00000000  0.43787162  0.98908000  1.16103078
1    0.43787162  0.00000000  0.70939669  1.06522373
2    0.98908000  0.70939669  0.00000000  1.11076841
4    1.16103078  1.06522373  1.11076841  0.00000000

--------------------------------------------------------------------------------
n=4
(result of R-step: (2,3:1)0.00786787)
V=[0, 2, 3, 4]
total successes of this branch: 1
Matrix on 4 elements:

0    0.00000000  1.34008084  1.07656359  1.80239038
2    1.34008084  0.00000000  0.42176198  0.82040965
3    1.07656359  0.42176198  0.00000000  1.06656614
4    1.80239038  0.82040965  1.06656614  0.00000000

--------------------------------------------------------------------------------
n=4
(result of R-step: (3,4:1)0.98352069)
V=[0, 2, 3, 4]
total successes of this branch: 0
Matrix on 4 elements:

0    0.00000000  1.63043960  1.07878525  1.02786300
2    1.63043960  0.00000000  0.71434240  0.33624104
3    1.07878525  0.71434240  0.00000000  0.29426043
4    1.02786300  0.33624104  0.29426043  0.00000000
reason of abort: no pseudometric
