n=8
V=[0, 1, 2, 3, 4, 5, 6, 7]
total successes of this branch: 2
Matrix on 8 elements:

0    0.00000000  2.16692026  1.97127499  1.35952539  1.67616618  1.20622663  1.75635488  1.67923522
1    2.16692026  0.00000000  1.56810050  2.03839541  1.76525426  2.01573049  1.69385031  1.73897304
2    1.97127499  1.56810050  0.00000000  1.91590920  1.37004287  1.91645282  1.27245669  1.36273520
3    1.35952539  2.03839541  1.91590920  0.00000000  1.73272693  1.45183562  1.78553999  1.73875969
4    1.67616618  1.76525426  1.37004287  1.73272693  0.00000000  1.68828005  1.45944320  1.49152266
5    1.20622663  2.01573049  1.91645282  1.45183562  1.68828005  0.00000000  1.66486108  1.50618647
6    1.75635488  1.69385031  1.27245669  1.78553999  1.45944320  1.66486108  0.00000000  0.69164025
7    1.67923522  1.73897304  1.36273520  1.73875969  1.49152266  1.50618647  0.69164025  0.00000000

--------------------------------------------------------------------------------
n=7
(result of R-step: (5,6:7)0.14018486)
V=[0, 1, 2, 3, 4, 5, 6]
total successes of this branch: 2
Matrix on 7 elements:

0    0.00000000  2.16692026  1.97127499  1.35952539  1.67616618  0.93974381  1.48987206
1    2.16692026  0.00000000  1.56810050  2.03839541  1.76525426  1.74924767  1.42736749
2    1.97127499  1.56810050  0.00000000  1.91590920  1.37004287  1.64997000  1.00597387
3    1.35952539  2.03839541  1.91590920  0.00000000  1.73272693  1.18535280  1.51905717
4    1.67616618  1.76525426  1.37004287  1.73272693  0.00000000  1.42179723  1.19296038
5    0.93974381  1.74924767  1.64997000  1.18535280  1.42179723  0.00000000  1.13189544
6    1.48987206  1.42736749  1.00597387  1.51905717  1.19296038  1.13189544  0.00000000

--------------------------------------------------------------------------------
n=6
(result of R-step: (2,5:6)0.71907643)
V=[0, 1, 2, 3, 4, 5]
total successes of this branch: 2
Matrix on 6 elements:

0    0.00000000  2.16692026  1.46084252  1.35952539  1.67616618  0.69579416
1    2.16692026  0.00000000  1.05766802  2.03839541  1.76525426  1.50529801
2    1.46084252  1.05766802  0.00000000  1.40547672  0.85961040  0.89558787
3    1.35952539  2.03839541  1.40547672  0.00000000  1.73272693  0.94140314
4    1.67616618  1.76525426  0.85961040  1.73272693  0.00000000  1.17784757
5    0.69579416  1.50529801  0.89558787  0.94140314  1.17784757  0.00000000

--------------------------------------------------------------------------------
n=5
(result of R-step: (0,1:5)0.86402372)
V=[0, 1, 2, 3, 4]
total successes of this branch: 2
Matrix on 5 elements:

0    0.00000000  1.11188339  0.93332408  0.83200696  1.14864775
1    1.11188339  0.00000000  0.53014959  1.51087698  1.23773583
2    0.93332408  0.53014959  0.00000000  1.40547672  0.85961040
3    0.83200696  1.51087698  1.40547672  0.00000000  1.73272693
4    1.14864775  1.23773583  0.85961040  1.73272693  0.00000000

--------------------------------------------------------------------------------
n=4
(result of R-step: (0,1:3)0.77262836)
V=[0, 1, 2, 4]
total successes of this branch: 1
Matrix on 4 elements:

0    0.00000000  0.90846024  0.92337549  1.13869915
1    0.90846024  0.00000000  0.33667504  1.04426127
2    0.92337549  0.33667504  0.00000000  0.85961040
4    1.13869915  1.04426127  0.85961040  0.00000000

--------------------------------------------------------------------------------
n=4
(result of R-step: (0,2:1)0.31620050)
V=[0, 2, 3, 4]
total successes of this branch: 0
reason of abort: negative delta/dxy

--------------------------------------------------------------------------------
n=4
(result of R-step: (0,2:3)0.36765343)
V=[0, 1, 2, 4]
total successes of this branch: 0
reason of abort: negative delta/dxy

--------------------------------------------------------------------------------
n=4
(result of R-step: (2,3:1)0.79519783)
V=[0, 2, 3, 4]
total successes of this branch: 1
Matrix on 4 elements:

0    0.00000000  0.90628953  0.35853623  1.14864775
2    0.90628953  0.00000000  0.90497144  0.83257584
3    0.35853623  0.90497144  0.00000000  1.25925620
4    1.14864775  0.83257584  1.25925620  0.00000000
