n=8
V=[0, 1, 2, 3, 4, 5, 6, 7]
total successes of this branch: 2
Matrix on 8 elements:

0    0.00000000  1.72322160  1.60745562  1.26354237  0.64188816  1.03541436  1.70872541  1.71745627
1    1.72322160  0.00000000  1.58992363  1.42184635  1.72064640  1.21229478  0.39857627  0.23993741
2    1.60745562  1.58992363  0.00000000  1.60051300  1.58843421  1.58897625  1.41938911  1.52209969
3    1.26354237  1.42184635  1.60051300  0.00000000  1.27005235  1.32529426  1.44421895  1.43074425
4    0.64188816  1.72064640  1.58843421  1.27005235  0.00000000  0.83214667  1.70409082  1.71406202
5    1.03541436  1.21229478  1.58897625  1.32529426  0.83214667  0.00000000  1.25946275  1.23105414
6    1.70872541  0.39857627  1.41938911  1.44421895  1.70409082  1.25946275  0.00000000  0.29382063
7    1.71745627  0.23993741  1.52209969  1.43074425  1.71406202  1.23105414  0.29382063  0.00000000

--------------------------------------------------------------------------------
n=7
(result of R-step: (1,6:7)0.60228614)
V=[0, 1, 2, 3, 4, 5, 6]
total successes of this branch: 2
Matrix on 7 elements:

0    0.00000000  1.65563072  1.60745562  1.26354237  0.64188816  1.03541436  1.64113453
1    1.65563072  0.00000000  1.52233275  1.35425547  1.65305551  1.14470390  0.26339450
2    1.60745562  1.52233275  0.00000000  1.60051300  1.58843421  1.58897625  1.35179823
3    1.26354237  1.35425547  1.60051300  0.00000000  1.27005235  1.32529426  1.37662806
4    0.64188816  1.65305551  1.58843421  1.27005235  0.00000000  0.83214667  1.63649994
5    1.03541436  1.14470390  1.58897625  1.32529426  0.83214667  0.00000000  1.19187186
6    1.64113453  0.26339450  1.35179823  1.37662806  1.63649994  1.19187186  0.00000000

--------------------------------------------------------------------------------
n=6
(result of R-step: (1,2:6)0.87478024)
V=[0, 1, 2, 3, 4, 5]
total successes of this branch: 2
Matrix on 6 elements:

0    0.00000000  1.60920073  1.49343474  1.26354237  0.64188816  1.03541436
1    1.60920073  0.00000000  1.36188188  1.30782548  1.60662552  1.09827391
2    1.49343474  1.36188188  0.00000000  1.48649213  1.47441334  1.47495538
3    1.26354237  1.30782548  1.48649213  0.00000000  1.27005235  1.32529426
4    0.64188816  1.60662552  1.47441334  1.27005235  0.00000000  0.83214667
5    1.03541436  1.09827391  1.47495538  1.32529426  0.83214667  0.00000000

--------------------------------------------------------------------------------
n=5
(result of R-step: (1,4:5)0.36392678)
V=[0, 1, 2, 3, 4]
total successes of this branch: 2
Matrix on 5 elements:

0    0.00000000  1.56132407  1.49343474  1.26354237  0.47999063
1    1.56132407  0.00000000  1.31400523  1.25994883  1.39685134
2    1.49343474  1.31400523  0.00000000  1.48649213  1.31251581
3    1.26354237  1.25994883  1.48649213  0.00000000  1.10815483
4    0.47999063  1.39685134  1.31251581  1.10815483  0.00000000

--------------------------------------------------------------------------------
n=4
(result of R-step: (0,1:4)0.85479997)
V=[0, 1, 2, 3]
total successes of this branch: 0
Matrix on 4 elements:

0    0.00000000  0.57500258  1.25469345  1.02480108
1    0.57500258  0.00000000  0.56642503  0.51236862
2    1.25469345  0.56642503  0.00000000  1.48649213
3    1.02480108  0.51236862  1.48649213  0.00000000
reason of abort: no pseudometric

--------------------------------------------------------------------------------
n=4
(result of R-step: (0,2:4)0.98068086)
V=[0, 1, 2, 3]
total successes of this branch: 1
Matrix on 4 elements:

0    0.00000000  1.24989070  0.98458886  0.95210900
1    1.24989070  0.00000000  1.11659273  1.25994883
2    0.98458886  1.11659273  0.00000000  1.28907963
3    0.95210900  1.25994883  1.28907963  0.00000000

--------------------------------------------------------------------------------
n=4
(result of R-step: (2,3:1)0.35584368)
V=[0, 2, 3, 4]
total successes of this branch: 1
Matrix on 4 elements:

0    0.00000000  1.29602224  0.86378378  0.47999063
2    1.29602224  0.00000000  0.88932104  1.11510331
3    0.86378378  0.88932104  0.00000000  0.70839624
4    0.47999063  1.11510331  0.70839624  0.00000000
