n=8
V=[0, 1, 2, 3, 4, 5, 6, 7]
total successes of this branch: 2
Matrix on 8 elements:

0    0.00000000  2.05264326  1.96886445  1.80810532  2.04035236  1.98124713  1.82031758  1.66984798
1    2.05264326  0.00000000  1.86947894  1.98936301  1.54819174  1.65082063  1.88582887  1.64464777
2    1.96886445  1.86947894  0.00000000  1.94843310  1.87184286  0.60873793  0.45327688  1.89039433
3    1.80810532  1.98936301  1.94843310  0.00000000  1.98505173  1.95448263  1.93590692  1.95121786
4    2.04035236  1.54819174  1.87184286  1.98505173  0.00000000  1.82400655  1.88688465  0.47317079
5    1.98124713  1.65082063  0.60873793  1.95448263  1.82400655  0.00000000  0.73125324  1.85407248
6    1.82031758  1.88582887  0.45327688  1.93590692  1.88688465  0.73125324  0.00000000  1.87415638
7    1.66984798  1.64464777  1.89039433  1.95121786  0.47317079  1.85407248  1.87415638  0.00000000

--------------------------------------------------------------------------------
n=7
(result of R-step: (0,4:7)0.19120971)
V=[0, 1, 2, 3, 4, 5, 6]
total successes of this branch: 2
Matrix on 7 elements:

0    0.00000000  2.00131005  1.91753124  1.75677212  1.93768594  1.92991392  1.76898437
1    2.00131005  0.00000000  1.86947894  1.98936301  1.49685853  1.65082063  1.88582887
2    1.91753124  1.86947894  0.00000000  1.94843310  1.82050965  0.60873793  0.45327688
3    1.75677212  1.98936301  1.94843310  0.00000000  1.93371852  1.95448263  1.93590692
4    1.93768594  1.49685853  1.82050965  1.93371852  0.00000000  1.77267334  1.83555144
5    1.92991392  1.65082063  0.60873793  1.95448263  1.77267334  0.00000000  0.73125324
6    1.76898437  1.88582887  0.45327688  1.93590692  1.83555144  0.73125324  0.00000000

--------------------------------------------------------------------------------
n=6
(result of R-step: (0,2:6)0.08926374)
V=[0, 1, 2, 3, 4, 5]
total successes of this branch: 2
Matrix on 6 elements:

0    0.00000000  1.90027826  1.66413443  1.65574032  1.83665414  1.82888212
1    1.90027826  0.00000000  1.71711393  1.98936301  1.49685853  1.65082063
2    1.66413443  1.71711393  0.00000000  1.79606809  1.66814464  0.45637293
3    1.65574032  1.98936301  1.79606809  0.00000000  1.93371852  1.95448263
4    1.83665414  1.49685853  1.66814464  1.93371852  0.00000000  1.77267334
5    1.82888212  1.65082063  0.45637293  1.95448263  1.77267334  0.00000000

--------------------------------------------------------------------------------
n=5
(result of R-step: (0,4:3)0.89483123)
V=[0, 1, 2, 4, 5]
total successes of this branch: 0
Matrix on 5 elements:

0    0.00000000  1.15652362  0.92037980  0.33834506  1.08512749
1    1.15652362  0.00000000  1.71711393  0.74230408  1.65082063
2    0.92037980  1.71711393  0.00000000  0.91359019  0.45637293
4    0.33834506  0.74230408  0.91359019  0.00000000  1.01811889
5    1.08512749  1.65082063  0.45637293  1.01811889  0.00000000
reason of abort: no pseudometric

--------------------------------------------------------------------------------
n=5
(result of R-step: (1,2:5)0.14780209)
V=[0, 1, 2, 3, 4]
total successes of this branch: 2
Matrix on 5 elements:

0    0.00000000  1.70523844  1.62145963  1.65574032  1.83665414
1    1.70523844  0.00000000  1.47939932  1.79432320  1.30181872
2    1.62145963  1.47939932  0.00000000  1.75339329  1.62546984
3    1.65574032  1.79432320  1.75339329  0.00000000  1.93371852
4    1.83665414  1.30181872  1.62546984  1.93371852  0.00000000

--------------------------------------------------------------------------------
n=4
(result of R-step: (0,1:2)0.54138866)
V=[0, 1, 3, 4]
total successes of this branch: 1
Matrix on 4 elements:

0    0.00000000  0.39225969  0.91198568  1.09289951
1    0.39225969  0.00000000  1.22509908  0.73259460
3    0.91198568  1.22509908  0.00000000  1.93371852
4    1.09289951  0.73259460  1.93371852  0.00000000

--------------------------------------------------------------------------------
n=4
(result of R-step: (0,1:3)0.91122329)
V=[0, 1, 2, 4]
total successes of this branch: 1
Matrix on 4 elements:

0    0.00000000  0.41883397  0.87531455  1.09050906
1    0.41883397  0.00000000  0.93913992  0.76155933
2    0.87531455  0.93913992  0.00000000  1.62546984
4    1.09050906  0.76155933  1.62546984  0.00000000

--------------------------------------------------------------------------------
n=4
(result of R-step: (0,2:3)0.45549500)
V=[0, 1, 2, 4]
total successes of this branch: 0
Matrix on 4 elements:

0    0.00000000  1.08965303  0.26871731  1.22106873
1    1.08965303  0.00000000  0.74224241  1.30181872
2    0.26871731  0.74224241  0.00000000  0.88831293
4    1.22106873  1.30181872  0.88831293  0.00000000
reason of abort: no pseudometric

--------------------------------------------------------------------------------
n=4
(result of R-step: (0,4:2)0.52525230)
V=[0, 1, 3, 4]
total successes of this branch: 0
Matrix on 4 elements:

0    0.00000000  0.95909336  0.90959524  0.35845752
1    0.95909336  0.00000000  1.79432320  0.56976718
3    0.90959524  1.79432320  0.00000000  1.20166698
4    0.35845752  0.56976718  1.20166698  0.00000000
reason of abort: no pseudometric

--------------------------------------------------------------------------------
n=4
(result of R-step: (0,4:3)0.89483123)
V=[0, 1, 2, 4]
total successes of this branch: 0
Matrix on 4 elements:

0    0.00000000  0.96148381  0.87770499  0.33834506
1    0.96148381  0.00000000  1.47939932  0.54726427
2    0.87770499  1.47939932  0.00000000  0.87091539
4    0.33834506  0.54726427  0.87091539  0.00000000
reason of abort: no pseudometric

--------------------------------------------------------------------------------
n=4
(result of R-step: (1,3:2)0.40206754)
V=[0, 1, 3, 4]
total successes of this branch: 0
Matrix on 4 elements:

0    0.00000000  1.13232784  0.74749689  1.83665414
1    1.13232784  0.00000000  0.31316916  0.72890812
3    0.74749689  0.31316916  0.00000000  1.02547509
4    1.83665414  0.72890812  1.02547509  0.00000000
reason of abort: no pseudometric

--------------------------------------------------------------------------------
n=4
(result of R-step: (3,4:2)0.58325577)
V=[0, 1, 3, 4]
total successes of this branch: 0
Matrix on 4 elements:

0    0.00000000  1.70523844  0.74944604  1.10803837
1    1.70523844  0.00000000  0.88802892  0.57320295
3    0.74944604  0.88802892  0.00000000  0.29880847
4    1.10803837  0.57320295  0.29880847  0.00000000
reason of abort: no pseudometric
