n=6
V=[0, 1, 2, 3, 4, 5]
total successes of this branch: 1
Matrix on 6 elements:

0    0.00000000  3.23357998  3.05779845  3.00711600  2.22216034  3.05323111
1    3.23357998  0.00000000  3.14567577  3.15337734  3.19607645  3.14636981
2    3.05779845  3.14567577  0.00000000  2.53000106  2.43599366  1.13425853
3    3.00711600  3.15337734  2.53000106  0.00000000  2.80355924  2.39176379
4    2.22216034  3.19607645  2.43599366  2.80355924  0.00000000  2.46911747
5    3.05323111  3.14636981  1.13425853  2.39176379  2.46911747  0.00000000

--------------------------------------------------------------------------------
n=5
(result of R-step: (2,3:5)0.90988326)
V=[0, 1, 2, 3, 4]
total successes of this branch: 1
Matrix on 5 elements:

0    0.00000000  3.23357998  2.55978782  2.50910537  2.22216034
1    3.23357998  0.00000000  2.64766514  2.65536670  3.19607645
2    2.55978782  2.64766514  0.00000000  1.53397979  1.93798303
3    2.50910537  2.65536670  1.53397979  0.00000000  2.30554860
4    2.22216034  3.19607645  1.93798303  2.30554860  0.00000000

--------------------------------------------------------------------------------
n=4
(result of R-step: (0,1:2)0.16517335)
V=[0, 1, 3, 4]
total successes of this branch: 0
reason of abort: negative delta/dxy

--------------------------------------------------------------------------------
n=4
(result of R-step: (0,2:4)0.57335907)
V=[0, 1, 2, 3]
total successes of this branch: 1
Matrix on 4 elements:

0    0.00000000  2.43340221  1.45744290  1.70892759
1    2.43340221  0.00000000  2.34549800  2.65536670
2    1.45744290  2.34549800  0.00000000  1.23181265
3    1.70892759  2.65536670  1.23181265  0.00000000

--------------------------------------------------------------------------------
n=4
(result of R-step: (0,3:1)0.20118847)
V=[0, 2, 3, 4]
total successes of this branch: 0
Matrix on 4 elements:

0    0.00000000  1.75961004  0.93073462  1.42198256
2    1.75961004  0.00000000  0.75578682  1.93798303
3    0.93073462  0.75578682  0.00000000  1.52735564
4    1.42198256  1.93798303  1.52735564  0.00000000
reason of abort: no pseudometric

--------------------------------------------------------------------------------
n=4
(result of R-step: (0,3:2)0.54392862)
V=[0, 1, 3, 4]
total successes of this branch: 0
Matrix on 4 elements:

0    0.00000000  1.63625184  0.37303054  0.62483220
1    1.63625184  0.00000000  2.11662002  3.19607645
3    0.37303054  2.11662002  0.00000000  1.76680192
4    0.62483220  3.19607645  1.76680192  0.00000000
reason of abort: no pseudometric

--------------------------------------------------------------------------------
n=4
(result of R-step: (0,4:1)0.86040815)
V=[0, 2, 3, 4]
total successes of this branch: 0
reason of abort: negative delta/dxy

--------------------------------------------------------------------------------
n=4
(result of R-step: (0,4:3)0.23396579)
V=[0, 1, 2, 4]
total successes of this branch: 0
reason of abort: negative delta/dxy

--------------------------------------------------------------------------------
n=4
(result of R-step: (1,2:3)0.71580888)
V=[0, 1, 2, 4]
total successes of this branch: 0
Matrix on 4 elements:

0    0.00000000  1.53206948  2.25762068  2.22216034
1    1.53206948  0.00000000  0.64398750  1.49456595
2    2.25762068  0.64398750  0.00000000  1.63581588
4    2.22216034  1.49456595  1.63581588  0.00000000
reason of abort: no pseudometric

--------------------------------------------------------------------------------
n=4
(result of R-step: (2,4:1)0.59646930)
V=[0, 2, 3, 4]
total successes of this branch: 0
reason of abort: negative delta/dxy

--------------------------------------------------------------------------------
n=4
(result of R-step: (2,4:3)0.93410671)
V=[0, 1, 2, 4]
total successes of this branch: 0
reason of abort: negative delta/dxy

--------------------------------------------------------------------------------
n=4
(result of R-step: (3,4:1)0.43670061)
V=[0, 2, 3, 4]
total successes of this branch: 0
Matrix on 4 elements:

0    0.00000000  2.55978782  1.97035869  1.06546515
2    2.55978782  0.00000000  0.99523311  0.78128783
3    1.97035869  0.99523311  0.00000000  0.61010673
4    1.06546515  0.78128783  0.61010673  0.00000000
reason of abort: no pseudometric
