n=6
V=[0, 1, 2, 3, 4, 5]
total successes of this branch: 3
Matrix on 6 elements:

0    0.00000000  0.61645728  0.35713091  0.36362320  0.45460890  0.46233673
1    0.61645728  0.00000000  0.49361529  0.48428935  0.26179923  0.33278305
2    0.35713091  0.49361529  0.00000000  0.13042819  0.45084762  0.25800516
3    0.36362320  0.48428935  0.13042819  0.00000000  0.44647836  0.27398571
4    0.45460890  0.26179923  0.45084762  0.44647836  0.00000000  0.37415280
5    0.46233673  0.33278305  0.25800516  0.27398571  0.37415280  0.00000000

--------------------------------------------------------------------------------
n=5
(result of R-step: (1,2:5)0.40568884)
V=[0, 1, 2, 3, 4]
total successes of this branch: 3
Matrix on 5 elements:

0    0.00000000  0.56787082  0.30854445  0.36362320  0.45460890
1    0.56787082  0.00000000  0.39644238  0.43570289  0.21321277
2    0.30854445  0.39644238  0.00000000  0.08184173  0.40226117
3    0.36362320  0.43570289  0.08184173  0.00000000  0.44647836
4    0.45460890  0.21321277  0.40226117  0.44647836  0.00000000

--------------------------------------------------------------------------------
n=4
(result of R-step: (0,1:4)0.31335211)
V=[0, 1, 2, 3]
total successes of this branch: 1
Matrix on 4 elements:

0    0.00000000  0.51650643  0.25856903  0.31364778
1    0.51650643  0.00000000  0.39505341  0.43431392
2    0.25856903  0.39505341  0.00000000  0.08184173
3    0.31364778  0.43431392  0.08184173  0.00000000

--------------------------------------------------------------------------------
n=4
(result of R-step: (0,3:2)0.03996115)
V=[0, 1, 3, 4]
total successes of this branch: 1
Matrix on 4 elements:

0    0.00000000  0.51789540  0.25539335  0.40463348
1    0.51789540  0.00000000  0.37744846  0.21321277
3    0.25539335  0.37744846  0.00000000  0.38822393
4    0.40463348  0.21321277  0.38822393  0.00000000

--------------------------------------------------------------------------------
n=4
(result of R-step: (1,2:0)0.42260029)
V=[1, 2, 3, 4]
total successes of this branch: 0
Matrix on 4 elements:

1    0.00000000  0.14426212  0.19111543 -0.03137469
2    0.14426212  0.00000000  0.07424894  0.39466838
3    0.19111543  0.07424894  0.00000000  0.44647836
4   -0.03137469  0.39466838  0.44647836  0.00000000
reason of abort: no pseudometric

--------------------------------------------------------------------------------
n=4
(result of R-step: (1,2:3)0.02422428)
V=[0, 1, 2, 4]
total successes of this branch: 1
Matrix on 4 elements:

0    0.00000000  0.56648185  0.29653276  0.45460890
1    0.56648185  0.00000000  0.38304171  0.21182380
2    0.29653276  0.38304171  0.00000000  0.39024947
4    0.45460890  0.21182380  0.39024947  0.00000000

--------------------------------------------------------------------------------
n=4
(result of R-step: (1,3:0)0.39895173)
V=[1, 2, 3, 4]
total successes of this branch: 0
Matrix on 4 elements:

1    0.00000000  0.13976960  0.10532012 -0.04346001
2    0.13976960  0.00000000  0.00813174  0.40226117
3    0.10532012  0.00813174  0.00000000  0.37276836
4   -0.04346001  0.40226117  0.37276836  0.00000000
reason of abort: no pseudometric

--------------------------------------------------------------------------------
n=4
(result of R-step: (2,4:0)0.79857670)
V=[1, 2, 3, 4]
total successes of this branch: 0
reason of abort: negative delta/dxy

--------------------------------------------------------------------------------
n=4
(result of R-step: (2,4:1)0.56748936)
V=[0, 2, 3, 4]
total successes of this branch: 0
reason of abort: negative delta/dxy

--------------------------------------------------------------------------------
n=4
(result of R-step: (2,4:3)0.95196320)
V=[0, 1, 2, 4]
total successes of this branch: 0
Matrix on 4 elements:

0    0.00000000  0.56787082  0.30095167  0.29350063
1    0.56787082  0.00000000  0.38884959  0.05210450
2    0.30095167  0.38884959  0.00000000  0.23356010
4    0.29350063  0.05210450  0.23356010  0.00000000
reason of abort: no pseudometric

--------------------------------------------------------------------------------
n=4
(result of R-step: (3,4:0)0.82587377)
V=[1, 2, 3, 4]
total successes of this branch: 0
reason of abort: negative delta/dxy

--------------------------------------------------------------------------------
n=4
(result of R-step: (3,4:1)0.51902005)
V=[0, 2, 3, 4]
total successes of this branch: 0
reason of abort: negative delta/dxy
