n=6
V=[0, 1, 2, 3, 4, 5]
total successes of this branch: 3
Matrix on 6 elements:

0    0.00000000  2.03569789  1.90539978  2.00871406  1.62768002  1.91336283
1    2.03569789  0.00000000  1.45495861  0.30937593  0.65228631  0.39518697
2    1.90539978  1.45495861  0.00000000  1.46189101  1.54998800  1.48393670
3    2.00871406  0.30937593  1.46189101  0.00000000  0.47149929  0.14251921
4    1.62768002  0.65228631  1.54998800  0.47149929  0.00000000  0.36169690
5    1.91336283  0.39518697  1.48393670  0.14251921  0.36169690  0.00000000

--------------------------------------------------------------------------------
n=5
(result of R-step: (3,4:5)0.74975666)
V=[0, 1, 2, 3, 4]
total successes of this branch: 3
Matrix on 5 elements:

0    0.00000000  2.03569789  1.90539978  1.99235565  1.61132161
1    2.03569789  0.00000000  1.45495861  0.29301752  0.63592790
2    1.90539978  1.45495861  0.00000000  1.44553261  1.53362959
3    1.99235565  0.29301752  1.44553261  0.00000000  0.43878247
4    1.61132161  0.63592790  1.53362959  0.43878247  0.00000000

--------------------------------------------------------------------------------
n=4
(result of R-step: (0,1:2)0.35197922)
V=[0, 1, 3, 4]
total successes of this branch: 1
Matrix on 4 elements:

0    0.00000000  1.84845448  1.94712302  1.56608898
1    1.84845448  0.00000000  0.15100673  0.49391712
3    1.94712302  0.15100673  0.00000000  0.43878247
4    1.56608898  0.49391712  0.43878247  0.00000000

--------------------------------------------------------------------------------
n=4
(result of R-step: (0,1:4)0.05372259)
V=[0, 1, 2, 3]
total successes of this branch: 0
reason of abort: negative delta/dxy

--------------------------------------------------------------------------------
n=4
(result of R-step: (0,3:1)0.26340228)
V=[0, 2, 3, 4]
total successes of this branch: 0
reason of abort: negative delta/dxy

--------------------------------------------------------------------------------
n=4
(result of R-step: (0,3:2)0.11767957)
V=[0, 1, 3, 4]
total successes of this branch: 0
reason of abort: negative delta/dxy

--------------------------------------------------------------------------------
n=4
(result of R-step: (0,3:4)0.19863640)
V=[0, 1, 2, 3]
total successes of this branch: 1
Matrix on 4 elements:

0    0.00000000  1.99046526  1.86016715  1.91824881
1    1.99046526  0.00000000  1.45495861  0.26414330
2    1.86016715  1.45495861  0.00000000  1.41665839
3    1.91824881  0.26414330  1.41665839  0.00000000

--------------------------------------------------------------------------------
n=4
(result of R-step: (1,2:4)0.55555397)
V=[0, 1, 2, 3]
total successes of this branch: 0
reason of abort: negative delta/dxy

--------------------------------------------------------------------------------
n=4
(result of R-step: (1,4:3)0.93257844)
V=[0, 1, 2, 4]
total successes of this branch: 0
reason of abort: negative delta/dxy

--------------------------------------------------------------------------------
n=4
(result of R-step: (2,3:1)0.13014283)
V=[0, 2, 3, 4]
total successes of this branch: 1
Matrix on 4 elements:

0    0.00000000  1.35641529  1.96348143  1.61132161
2    1.35641529  0.00000000  0.86767390  0.98464510
3    1.96348143  0.86767390  0.00000000  0.40990826
4    1.61132161  0.98464510  0.40990826  0.00000000

--------------------------------------------------------------------------------
n=4
(result of R-step: (2,3:4)0.57966705)
V=[0, 1, 2, 3]
total successes of this branch: 0
reason of abort: negative delta/dxy

--------------------------------------------------------------------------------
n=4
(result of R-step: (2,4:0)0.81932486)
V=[1, 2, 3, 4]
total successes of this branch: 0
reason of abort: negative delta/dxy
