n=6
V=[0, 1, 2, 3, 4, 5]
total successes of this branch: 1
Matrix on 6 elements:

0    0.00000000  1.24586003  1.08783062  0.98996633  1.10690882  0.91419938
1    1.24586003  0.00000000  1.07910730  1.14079705  0.73249594  1.10582463
2    1.08783062  1.07910730  0.00000000  0.92115926  0.99334094  0.17776517
3    0.98996633  1.14079705  0.92115926  0.00000000  0.65565314  0.93218362
4    1.10690882  0.73249594  0.99334094  0.65565314  0.00000000  1.01153692
5    0.91419938  1.10582463  0.17776517  0.93218362  1.01153692  0.00000000

--------------------------------------------------------------------------------
n=5
(result of R-step: (1,3:4)0.45699635)
V=[0, 1, 2, 3, 5]
total successes of this branch: 1
Matrix on 5 elements:

0    0.00000000  1.12218402  1.08783062  0.86629032  0.91419938
1    1.12218402  0.00000000  0.95543128  0.89344502  0.98214861
2    1.08783062  0.95543128  0.00000000  0.79748325  0.17776517
3    0.86629032  0.89344502  0.79748325  0.00000000  0.80850760
5    0.91419938  0.98214861  0.17776517  0.80850760  0.00000000

--------------------------------------------------------------------------------
n=4
(result of R-step: (0,1:3)0.07832837)
V=[0, 1, 2, 5]
total successes of this branch: 0
Matrix on 4 elements:

0    0.00000000  0.59180263  1.08576366  0.91213242
1    0.59180263  0.00000000  0.42711686  0.45383419
2    1.08576366  0.42711686  0.00000000  0.17776517
5    0.91213242  0.45383419  0.17776517  0.00000000
reason of abort: no pseudometric

--------------------------------------------------------------------------------
n=4
(result of R-step: (0,2:5)0.16022125)
V=[0, 1, 2, 3]
total successes of this branch: 1
Matrix on 4 elements:

0    0.00000000  1.12011705  1.08369669  0.86422335
1    1.12011705  0.00000000  0.95336432  0.89344502
2    1.08369669  0.95336432  0.00000000  0.79541628
3    0.86422335  0.89344502  0.79541628  0.00000000

--------------------------------------------------------------------------------
n=4
(result of R-step: (0,5:1)0.81279213)
V=[0, 2, 3, 5]
total successes of this branch: 0
reason of abort: negative delta/dxy

--------------------------------------------------------------------------------
n=4
(result of R-step: (0,5:3)0.91999224)
V=[0, 1, 2, 5]
total successes of this branch: 0
reason of abort: negative delta/dxy

--------------------------------------------------------------------------------
n=4
(result of R-step: (1,2:0)0.94241490)
V=[1, 2, 3, 5]
total successes of this branch: 0
reason of abort: negative delta/dxy

--------------------------------------------------------------------------------
n=4
(result of R-step: (2,3:0)0.17762685)
V=[1, 2, 3, 5]
total successes of this branch: 0
reason of abort: negative delta/dxy

--------------------------------------------------------------------------------
n=4
(result of R-step: (2,3:1)0.09650868)
V=[0, 2, 3, 5]
total successes of this branch: 0
Matrix on 4 elements:

0    0.00000000  1.08576366  0.54422423  0.91419938
2    1.08576366  0.00000000  0.47335020  0.17569820
3    0.54422423  0.47335020  0.00000000  0.48644152
5    0.91419938  0.17569820  0.48644152  0.00000000
reason of abort: no pseudometric

--------------------------------------------------------------------------------
n=4
(result of R-step: (2,5:1)0.66636062)
V=[0, 2, 3, 5]
total successes of this branch: 0
reason of abort: negative delta/dxy

--------------------------------------------------------------------------------
n=4
(result of R-step: (2,5:3)0.20361778)
V=[0, 1, 2, 5]
total successes of this branch: 0
reason of abort: negative delta/dxy

--------------------------------------------------------------------------------
n=4
(result of R-step: (3,5:1)0.85329287)
V=[0, 2, 3, 5]
total successes of this branch: 0
Matrix on 4 elements:

0    0.00000000  1.08783062  0.55809245  0.76632059
2    1.08783062  0.00000000  0.48928538  0.02988638
3    0.55809245  0.48928538  0.00000000  0.35243094
5    0.76632059  0.02988638  0.35243094  0.00000000
reason of abort: no pseudometric
