n=6
V=[0, 1, 2, 3, 4, 5]
total successes of this branch: 3
Matrix on 6 elements:

0    0.00000000  1.26345909  1.20397587  1.12284195  1.25662998  1.25881065
1    1.26345909  0.00000000  1.24479890  1.24915781  0.39184413  0.34654397
2    1.20397587  1.24479890  0.00000000  0.93778083  1.13417265  1.16949787
3    1.12284195  1.24915781  0.93778083  0.00000000  1.21340942  1.22482461
4    1.25662998  0.39184413  1.13417265  1.21340942  0.00000000  0.29528001
5    1.25881065  0.34654397  1.16949787  1.22482461  0.29528001  0.00000000

--------------------------------------------------------------------------------
n=5
(result of R-step: (1,4:5)0.31932042)
V=[0, 1, 2, 3, 4]
total successes of this branch: 3
Matrix on 5 elements:

0    0.00000000  1.13846917  1.20397587  1.12284195  1.13164006
1    1.13846917  0.00000000  1.11980898  1.12416789  0.14186429
2    1.20397587  1.11980898  0.00000000  0.93778083  1.00918273
3    1.12284195  1.12416789  0.93778083  0.00000000  1.08841950
4    1.13164006  0.14186429  1.00918273  1.08841950  0.00000000

--------------------------------------------------------------------------------
n=4
(result of R-step: (0,2:3)0.72138660)
V=[0, 1, 2, 4]
total successes of this branch: 1
Matrix on 4 elements:

0    0.00000000  0.58640705  0.51130481  0.57957793
1    0.58640705  0.00000000  0.97920004  0.14186429
2    0.51130481  0.97920004  0.00000000  0.86857379
4    0.57957793  0.14186429  0.86857379  0.00000000

--------------------------------------------------------------------------------
n=4
(result of R-step: (0,4:1)0.46690489)
V=[0, 2, 3, 4]
total successes of this branch: 0
reason of abort: negative delta/dxy

--------------------------------------------------------------------------------
n=4
(result of R-step: (1,2:0)0.05941299)
V=[1, 2, 3, 4]
total successes of this branch: 0
reason of abort: negative delta/dxy

--------------------------------------------------------------------------------
n=4
(result of R-step: (1,2:4)0.88519258)
V=[0, 1, 2, 3]
total successes of this branch: 1
Matrix on 4 elements:

0    0.00000000  1.12285015  1.06336694  1.12284195
1    1.12285015  0.00000000  0.96358102  1.10854887
2    1.06336694  0.96358102  0.00000000  0.79717189
3    1.12284195  1.10854887  0.79717189  0.00000000

--------------------------------------------------------------------------------
n=4
(result of R-step: (1,3:0)0.19757024)
V=[1, 2, 3, 4]
total successes of this branch: 1
Matrix on 4 elements:

1    0.00000000  1.10418996  0.69075023  0.12624527
2    1.10418996  0.00000000  0.51998219  1.00918273
3    0.69075023  0.51998219  0.00000000  0.67062086
4    0.12624527  1.00918273  0.67062086  0.00000000

--------------------------------------------------------------------------------
n=4
(result of R-step: (1,3:2)0.16667390)
V=[0, 1, 3, 4]
total successes of this branch: 0
Matrix on 4 elements:

0    0.00000000  0.82503899  0.71970918  1.13164006
1    0.82503899  0.00000000  0.40760494 -0.17156589
3    0.71970918  0.40760494  0.00000000  0.68528674
4    1.13164006 -0.17156589  0.68528674  0.00000000
reason of abort: no pseudometric

--------------------------------------------------------------------------------
n=4
(result of R-step: (1,3:4)0.37622261)
V=[0, 1, 2, 3]
total successes of this branch: 0
reason of abort: negative delta/dxy

--------------------------------------------------------------------------------
n=4
(result of R-step: (2,4:0)0.85255770)
V=[1, 2, 3, 4]
total successes of this branch: 0
Matrix on 4 elements:

1    0.00000000  0.59648426  1.12416789 -0.22574713
2    0.59648426  0.00000000  0.41445610  0.11824659
3    1.12416789  0.41445610  0.00000000  0.72080809
4   -0.22574713  0.11824659  0.72080809  0.00000000
reason of abort: no pseudometric

--------------------------------------------------------------------------------
n=4
(result of R-step: (3,4:0)0.76094482)
V=[1, 2, 3, 4]
total successes of this branch: 0
Matrix on 4 elements:

1    0.00000000  1.11980898  0.72103512  0.02831973
2    1.11980898  0.00000000  0.53464807  0.89563818
3    0.72103512  0.53464807  0.00000000  0.57174218
4    0.02831973  0.89563818  0.57174218  0.00000000
reason of abort: no pseudometric

--------------------------------------------------------------------------------
n=4
(result of R-step: (3,4:2)0.91373960)
V=[0, 1, 3, 4]
total successes of this branch: 0
reason of abort: negative delta/dxy
