n=6
V=[0, 1, 2, 3, 4, 5]
total successes of this branch: 2
Matrix on 6 elements:

0    0.00000000  1.41730981  1.09851671  1.20737413  0.67983498  1.02127019
1    1.41730981  0.00000000  1.67936113  1.65562015  1.04337220  1.07588737
2    1.09851671  1.67936113  0.00000000  1.76567676  0.82479718  1.19482215
3    1.20737413  1.65562015  1.76567676  0.00000000  1.28298721  1.53533865
4    0.67983498  1.04337220  0.82479718  1.28298721  0.00000000  0.51083652
5    1.02127019  1.07588737  1.19482215  1.53533865  0.51083652  0.00000000

--------------------------------------------------------------------------------
n=5
(result of R-step: (2,3:0)0.75704174)
V=[1, 2, 3, 4, 5]
total successes of this branch: 2
Matrix on 5 elements:

1    0.00000000  1.06789273  1.39432759  1.04337220  1.07588737
2    1.06789273  0.00000000  0.89291580  0.21332878  0.58335375
3    1.39432759  0.89291580  0.00000000  1.02169465  1.27404609
4    1.04337220  0.21332878  1.02169465  0.00000000  0.51083652
5    1.07588737  0.58335375  1.27404609  0.51083652  0.00000000

--------------------------------------------------------------------------------
n=4
(result of R-step: (1,2:3)0.34865221)
V=[1, 2, 4, 5]
total successes of this branch: 1
Matrix on 4 elements:

1    0.00000000  0.80881292  0.78553845  0.81805363
2    0.80881292  0.00000000  0.21208272  0.58210768
4    0.78553845  0.21208272  0.00000000  0.51083652
5    0.81805363  0.58210768  0.51083652  0.00000000

--------------------------------------------------------------------------------
n=4
(result of R-step: (2,4:1)0.95589502)
V=[2, 3, 4, 5]
total successes of this branch: 0
reason of abort: negative delta/dxy

--------------------------------------------------------------------------------
n=4
(result of R-step: (3,5:1)0.23843831)
V=[2, 3, 4, 5]
total successes of this branch: 1
Matrix on 4 elements:

2    0.00000000  0.86495183  0.21332878  0.34609230
3    0.86495183  0.00000000  0.99373069  1.00882068
4    0.21332878  0.99373069  0.00000000  0.27357508
5    0.34609230  1.00882068  0.27357508  0.00000000

--------------------------------------------------------------------------------
n=4
(result of R-step: (4,5:3)0.02630489)
V=[1, 2, 4, 5]
total successes of this branch: 0
reason of abort: negative delta/dxy
