n=6
V=[0, 1, 2, 3, 4, 5]
total successes of this branch: 2
Matrix on 6 elements:

0    0.00000000  1.76592198  1.66695381  1.01021296  0.94064451  0.92313931
1    1.76592198  0.00000000  1.49415977  1.55753434  1.63097479  1.43801789
2    1.66695381  1.49415977  0.00000000  1.44930127  1.52434644  1.29299173
3    1.01021296  1.55753434  1.44930127  0.00000000  0.63618777  0.33980586
4    0.94064451  1.63097479  1.52434644  0.63618777  0.00000000  0.55954001
5    0.92313931  1.43801789  1.29299173  0.33980586  0.55954001  0.00000000

--------------------------------------------------------------------------------
n=5
(result of R-step: (2,3:5)0.04505222)
V=[0, 1, 2, 3, 4]
total successes of this branch: 2
Matrix on 5 elements:

0    0.00000000  1.76592198  1.38232873  0.80539919  0.94064451
1    1.76592198  0.00000000  1.20953469  1.35272058  1.63097479
2    1.38232873  1.20953469  0.00000000  0.95986243  1.23972136
3    0.80539919  1.35272058  0.95986243  0.00000000  0.43137400
4    0.94064451  1.63097479  1.23972136  0.43137400  0.00000000

--------------------------------------------------------------------------------
n=4
(result of R-step: (0,3:4)0.17320471)
V=[0, 1, 2, 3]
total successes of this branch: 1
Matrix on 4 elements:

0    0.00000000  1.56945368  1.18586044  0.55741314
1    1.56945368  0.00000000  1.20953469  1.30120281
2    1.18586044  1.20953469  0.00000000  0.90834466
3    0.55741314  1.30120281  0.90834466  0.00000000

--------------------------------------------------------------------------------
n=4
(result of R-step: (1,4:3)0.16904697)
V=[0, 1, 2, 4]
total successes of this branch: 0
Matrix on 4 elements:

0    0.00000000  0.96078153  1.38232873  0.68165356
1    0.96078153  0.00000000  0.40439425  0.56684339
2    1.38232873  0.40439425  0.00000000  0.98073041
4    0.68165356  0.56684339  0.98073041  0.00000000
reason of abort: no pseudometric

--------------------------------------------------------------------------------
n=4
(result of R-step: (2,4:3)0.16568748)
V=[0, 1, 2, 4]
total successes of this branch: 1
Matrix on 4 elements:

0    0.00000000  1.76592198  0.97803073  0.68031367
1    1.76592198  0.00000000  0.80523668  1.37064395
2    0.97803073  0.80523668  0.00000000  0.57509252
4    0.68031367  1.37064395  0.57509252  0.00000000
