n=6
V=[0, 1, 2, 3, 4, 5]
total successes of this branch: 2
Matrix on 6 elements:

0    0.00000000  1.59609584  1.19809218  1.87136378  1.54336667  1.48374278
1    1.59609584  0.00000000  0.86903825  0.60948595  0.30852903  0.47815355
2    1.19809218  0.86903825  0.00000000  1.14898404  0.77141577  0.91732428
3    1.87136378  0.60948595  1.14898404  0.00000000  0.66247299  0.64815288
4    1.54336667  0.30852903  0.77141577  0.66247299  0.00000000  0.51982730
5    1.48374278  0.47815355  0.91732428  0.64815288  0.51982730  0.00000000

--------------------------------------------------------------------------------
n=5
(result of R-step: (1,2:4)0.88723625)
V=[0, 1, 2, 3, 5]
total successes of this branch: 2
Matrix on 5 elements:

0    0.00000000  1.47302726  1.16163396  1.87136378  1.48374278
1    1.47302726  0.00000000  0.70951145  0.48641737  0.35508497
2    1.16163396  0.70951145  0.00000000  1.11252582  0.88086606
3    1.87136378  0.48641737  1.11252582  0.00000000  0.64815288
5    1.48374278  0.35508497  0.88086606  0.64815288  0.00000000

--------------------------------------------------------------------------------
n=4
(result of R-step: (0,1:2)0.39146240)
V=[0, 1, 3, 5]
total successes of this branch: 1
Matrix on 4 elements:

0    0.00000000  1.20127874  1.63981217  1.25219117
1    1.20127874  0.00000000  0.44622046  0.31488806
3    1.63981217  0.44622046  0.00000000  0.64815288
5    1.25219117  0.31488806  0.64815288  0.00000000

--------------------------------------------------------------------------------
n=4
(result of R-step: (0,3:1)0.13979531)
V=[0, 2, 3, 5]
total successes of this branch: 0
Matrix on 4 elements:

0    0.00000000  0.18466693  0.52547935  0.50677574
2    0.18466693  0.00000000  0.74360842  0.88086606
3    0.52547935  0.74360842  0.00000000  0.27923549
5    0.50677574  0.88086606  0.27923549  0.00000000
reason of abort: no pseudometric

--------------------------------------------------------------------------------
n=4
(result of R-step: (0,5:1)0.01020657)
V=[0, 2, 3, 5]
total successes of this branch: 0
reason of abort: negative delta/dxy

--------------------------------------------------------------------------------
n=4
(result of R-step: (2,3:1)0.11169759)
V=[0, 2, 3, 5]
total successes of this branch: 1
Matrix on 4 elements:

0    0.00000000  0.98117576  1.48792886  1.48374278
2    0.98117576  0.00000000  0.54863270  0.70040786
3    1.48792886  0.54863270  0.00000000  0.26471796
5    1.48374278  0.70040786  0.26471796  0.00000000
