n=6
V=[0, 1, 2, 3, 4, 5]
total successes of this branch: 2
Matrix on 6 elements:

0    0.00000000  1.61649029  2.29531952  2.25124720  1.18799609  1.46770188
1    1.61649029  0.00000000  1.58588183  1.50190602  1.20997801  1.51874510
2    2.29531952  1.58588183  0.00000000  1.95471784  2.03983144  2.34498568
3    2.25124720  1.50190602  1.95471784  0.00000000  1.97703043  2.28263270
4    1.18799609  1.20997801  2.03983144  1.97703043  0.00000000  0.37779050
5    1.46770188  1.51874510  2.34498568  2.28263270  0.37779050  0.00000000

--------------------------------------------------------------------------------
n=5
(result of R-step: (1,2:3)0.12401120)
V=[0, 1, 2, 4, 5]
total successes of this branch: 2
Matrix on 5 elements:

0    0.00000000  1.32385061  1.31474726  1.18799609  1.46770188
1    1.32385061  0.00000000  0.31266989  0.91733833  1.22610542
2    1.31474726  0.31266989  0.00000000  1.05925919  1.36441342
4    1.18799609  0.91733833  1.05925919  0.00000000  0.37779050
5    1.46770188  1.22610542  1.36441342  0.37779050  0.00000000

--------------------------------------------------------------------------------
n=4
(result of R-step: (1,4:0)0.52318083)
V=[1, 2, 4, 5]
total successes of this branch: 0
Matrix on 4 elements:

1    0.00000000  0.08296268  0.62264528  0.99639820
2    0.08296268  0.00000000  0.99427336  1.36441342
4    0.62264528  0.99427336  0.00000000  0.31280467
5    0.99639820  1.36441342  0.31280467  0.00000000
reason of abort: no pseudometric

--------------------------------------------------------------------------------
n=4
(result of R-step: (1,5:0)0.54036097)
V=[1, 2, 4, 5]
total successes of this branch: 0
Matrix on 4 elements:

1    0.00000000  0.08908814  0.69375657  0.69085804
2    0.08908814  0.00000000  1.05925919  1.05274780
4    0.69375657  1.05925919  0.00000000  0.06612488
5    0.69085804  1.05274780  0.06612488  0.00000000
reason of abort: no pseudometric

--------------------------------------------------------------------------------
n=4
(result of R-step: (2,4:0)0.42946196)
V=[1, 2, 4, 5]
total successes of this branch: 0
Matrix on 4 elements:

1    0.00000000  0.26120406  0.85871805  1.22610542
2    0.26120406  0.00000000  0.94917308  1.31294759
4    0.85871805  0.94917308  0.00000000  0.31917022
5    1.22610542  1.31294759  0.31917022  0.00000000
reason of abort: no pseudometric

--------------------------------------------------------------------------------
n=4
(result of R-step: (2,4:1)0.82856589)
V=[0, 2, 4, 5]
total successes of this branch: 1
Matrix on 4 elements:

0    0.00000000  1.25425484  1.16221510  1.46770188
2    1.25425484  0.00000000  0.97298578  1.30392100
4    1.16221510  0.97298578  0.00000000  0.35200951
5    1.46770188  1.30392100  0.35200951  0.00000000

--------------------------------------------------------------------------------
n=4
(result of R-step: (2,5:0)0.44671046)
V=[1, 2, 4, 5]
total successes of this branch: 1
Matrix on 4 elements:

1    0.00000000  0.25217747  0.91733833  0.90763045
2    0.25217747  0.00000000  0.99876677  0.98544604
4    0.91733833  0.99876677  0.00000000  0.05931553
5    0.90763045  0.98544604  0.05931553  0.00000000

--------------------------------------------------------------------------------
n=4
(result of R-step: (2,5:1)0.81900769)
V=[0, 2, 4, 5]
total successes of this branch: 0
Matrix on 4 elements:

0    0.00000000  1.26328143  1.18799609  1.11624884
2    1.26328143  0.00000000  1.00779336  0.96149455
4    1.18799609  1.00779336  0.00000000  0.02633746
5    1.11624884  0.96149455  0.02633746  0.00000000
reason of abort: no pseudometric
