n=6
V=[0, 1, 2, 3, 4, 5]
total successes of this branch: 2
Matrix on 6 elements:

0    0.00000000  1.28280555  1.55932977  1.36803229  1.58277451  0.87513868
1    1.28280555  0.00000000  0.77668868  0.41515621  0.70726766  0.48582309
2    1.55932977  0.77668868  0.00000000  0.78787189  0.83734968  0.94279174
3    1.36803229  0.41515621  0.78787189  0.00000000  0.65881131  0.64537109
4    1.58277451  0.70726766  0.83734968  0.65881131  0.00000000  0.90834468
5    0.87513868  0.48582309  0.94279174  0.64537109  0.90834468  0.00000000

--------------------------------------------------------------------------------
n=5
(result of R-step: (0,1:5)0.37660776)
V=[0, 1, 2, 3, 4]
total successes of this branch: 2
Matrix on 5 elements:

0    0.00000000  0.90648849  1.28836710  1.09706961  1.31181183
1    0.90648849  0.00000000  0.67133429  0.30980182  0.60191327
2    1.28836710  0.67133429  0.00000000  0.78787189  0.83734968
3    1.09706961  0.30980182  0.78787189  0.00000000  0.65881131
4    1.31181183  0.60191327  0.83734968  0.65881131  0.00000000

--------------------------------------------------------------------------------
n=4
(result of R-step: (0,3:1)0.39106544)
V=[0, 2, 3, 4]
total successes of this branch: 1
Matrix on 4 elements:

0    0.00000000  0.58425366  0.23444999  0.60769839
2    0.58425366  0.00000000  0.62936570  0.83734968
3    0.23444999  0.62936570  0.00000000  0.50030512
4    0.60769839  0.83734968  0.50030512  0.00000000

--------------------------------------------------------------------------------
n=4
(result of R-step: (0,4:2)0.44612645)
V=[0, 1, 3, 4]
total successes of this branch: 1
Matrix on 4 elements:

0    0.00000000  0.20237505  0.39295617  0.32011130
1    0.20237505  0.00000000  0.30980182  0.31432618
3    0.39295617  0.30980182  0.00000000  0.37122421
4    0.32011130  0.31432618  0.37122421  0.00000000

--------------------------------------------------------------------------------
n=4
(result of R-step: (2,4:1)0.36925832)
V=[0, 2, 3, 4]
total successes of this branch: 0
reason of abort: negative delta/dxy
