n=6
V=[0, 1, 2, 3, 4, 5]
total successes of this branch: 5
Matrix on 6 elements:

0    0.00000000  1.64408207  0.85677902  0.94134997  0.57501068  0.64341228
1    1.64408207  0.00000000  1.84047469  1.92688493  1.56933066  1.63569800
2    0.85677902  1.84047469  0.00000000  1.28717169  0.50528798  0.55020767
3    0.94134997  1.92688493  1.28717169  0.00000000  1.00863380  1.07641686
4    0.57501068  1.56933066  0.50528798  1.00863380  0.00000000  0.13554026
5    0.64341228  1.63569800  0.55020767  1.07641686  0.13554026  0.00000000

--------------------------------------------------------------------------------
n=5
(result of R-step: (0,1:3)0.69593766)
V=[0, 1, 2, 4, 5]
total successes of this branch: 5
Matrix on 5 elements:

0    0.00000000  0.35005474  0.63394392  0.35217559  0.42057718
1    0.35005474  0.00000000  0.76928245  0.49813842  0.56450576
2    0.63394392  0.76928245  0.00000000  0.50528798  0.55020767
4    0.35217559  0.49813842  0.50528798  0.00000000  0.13554026
5    0.42057718  0.56450576  0.55020767  0.13554026  0.00000000

--------------------------------------------------------------------------------
n=4
(result of R-step: (0,2:1)0.91336916)
V=[0, 2, 4, 5]
total successes of this branch: 1
Matrix on 4 elements:

0    0.00000000  0.21281328  0.26325367  0.33165527
2    0.21281328  0.00000000  0.17307925  0.21799894
4    0.26325367  0.17307925  0.00000000  0.13554026
5    0.33165527  0.21799894  0.13554026  0.00000000

--------------------------------------------------------------------------------
n=4
(result of R-step: (0,4:2)0.33137047)
V=[0, 1, 4, 5]
total successes of this branch: 0
Matrix on 4 elements:

0    0.00000000  0.23197792  0.18296971  0.30250037
1    0.23197792  0.00000000  0.44700935  0.56450576
4    0.18296971  0.44700935  0.00000000  0.08441120
5    0.30250037  0.56450576  0.08441120  0.00000000
reason of abort: no pseudometric

--------------------------------------------------------------------------------
n=4
(result of R-step: (0,5:2)0.38268673)
V=[0, 1, 4, 5]
total successes of this branch: 0
Matrix on 4 elements:

0    0.00000000  0.23576831  0.23788916  0.22333927
1    0.23576831  0.00000000  0.49813842  0.48155427
4    0.23788916  0.49813842  0.00000000  0.05258877
5    0.22333927  0.48155427  0.05258877  0.00000000
reason of abort: no pseudometric

--------------------------------------------------------------------------------
n=4
(result of R-step: (0,5:4)0.07192678)
V=[0, 1, 2, 5]
total successes of this branch: 1
Matrix on 4 elements:

0    0.00000000  0.26113282  0.54502201  0.24748515
1    0.26113282  0.00000000  0.76928245  0.48033563
2    0.54502201  0.76928245  0.00000000  0.46603755
5    0.24748515  0.48033563  0.46603755  0.00000000

--------------------------------------------------------------------------------
n=4
(result of R-step: (1,4:0)0.94792995)
V=[1, 2, 4, 5]
total successes of this branch: 1
Matrix on 4 elements:

1    0.00000000  0.53418651  0.24798987  0.32940982
2    0.53418651  0.00000000  0.49023537  0.55020767
4    0.24798987  0.49023537  0.00000000  0.12048765
5    0.32940982  0.55020767  0.12048765  0.00000000

--------------------------------------------------------------------------------
n=4
(result of R-step: (1,4:2)0.30828875)
V=[0, 1, 4, 5]
total successes of this branch: 0
Matrix on 4 elements:

0    0.00000000  0.11927705  0.30208580  0.42057718
1    0.11927705  0.00000000  0.21727094  0.33372807
4    0.30208580  0.21727094  0.00000000  0.08545048
5    0.42057718  0.33372807  0.08545048  0.00000000
reason of abort: no pseudometric

--------------------------------------------------------------------------------
n=4
(result of R-step: (1,5:0)0.92597507)
V=[1, 2, 4, 5]
total successes of this branch: 0
Matrix on 4 elements:

1    0.00000000  0.53850476  0.26736073  0.21903392
2    0.53850476  0.00000000  0.50528798  0.43551352
4    0.26736073  0.50528798  0.00000000  0.02084611
5    0.21903392  0.43551352  0.02084611  0.00000000
reason of abort: no pseudometric

--------------------------------------------------------------------------------
n=4
(result of R-step: (1,5:2)0.36105642)
V=[0, 1, 4, 5]
total successes of this branch: 1
Matrix on 4 elements:

0    0.00000000  0.11495880  0.35217559  0.33640706
1    0.11495880  0.00000000  0.26304248  0.24523970
4    0.35217559  0.26304248  0.00000000  0.05137014
5    0.33640706  0.24523970  0.05137014  0.00000000

--------------------------------------------------------------------------------
n=4
(result of R-step: (1,5:4)0.08108471)
V=[0, 1, 2, 5]
total successes of this branch: 0
Matrix on 4 elements:

0    0.00000000  0.09051906  0.63394392  0.33762569
1    0.09051906  0.00000000  0.50974677  0.22201859
2    0.63394392  0.50974677  0.00000000  0.46725618
5    0.33762569  0.22201859  0.46725618  0.00000000
reason of abort: no pseudometric

--------------------------------------------------------------------------------
n=4
(result of R-step: (2,4:5)0.19147199)
V=[0, 1, 2, 4]
total successes of this branch: 1
Matrix on 4 elements:

0    0.00000000  0.35005474  0.30173519  0.33712297
1    0.35005474  0.00000000  0.43707372  0.48308580
2    0.30173519  0.43707372  0.00000000  0.15802664
4    0.33712297  0.48308580  0.15802664  0.00000000
