n=6
V=[0, 1, 2, 3, 4, 5]
total successes of this branch: 5
Matrix on 6 elements:

0    0.00000000  1.23321253  1.48623150  1.45145893  1.57023777  1.08791120
1    1.23321253  0.00000000  0.72850689  0.85518542  0.67795917  1.06941523
2    1.48623150  0.72850689  0.00000000  0.85202779  0.57735575  1.23931966
3    1.45145893  0.85518542  0.85202779  0.00000000  1.05707396  1.03563196
4    1.57023777  0.67795917  0.57735575  1.05707396  0.00000000  1.36259640
5    1.08791120  1.06941523  1.23931966  1.03563196  1.36259640  0.00000000

--------------------------------------------------------------------------------
n=5
(result of R-step: (1,2:4)0.47248617)
V=[0, 1, 2, 3, 5]
total successes of this branch: 5
Matrix on 5 elements:

0    0.00000000  1.13785792  1.45818286  1.45145893  1.08791120
1    1.13785792  0.00000000  0.60510364  0.75983080  0.97406061
2    1.45818286  0.60510364  0.00000000  0.82397916  1.21127103
3    1.45145893  0.75983080  0.82397916  0.00000000  1.03563196
5    1.08791120  0.97406061  1.21127103  1.03563196  0.00000000

--------------------------------------------------------------------------------
n=4
(result of R-step: (0,1:3)0.21279502)
V=[0, 1, 2, 5]
total successes of this branch: 0
reason of abort: negative delta/dxy

--------------------------------------------------------------------------------
n=4
(result of R-step: (0,2:1)0.23049139)
V=[0, 2, 3, 5]
total successes of this branch: 1
Matrix on 4 elements:

0    0.00000000  0.66062367  0.96434596  0.60079824
2    0.66062367  0.00000000  0.51353294  0.90082481
3    0.96434596  0.51353294  0.00000000  1.03563196
5    0.60079824  0.90082481  1.03563196  0.00000000

--------------------------------------------------------------------------------
n=4
(result of R-step: (0,2:3)0.50351948)
V=[0, 1, 2, 5]
total successes of this branch: 0
Matrix on 4 elements:

0    0.00000000  0.30271194  0.41831518  0.25276523
1    0.30271194  0.00000000  0.40038193  0.97406061
2    0.41831518  0.40038193  0.00000000  1.00654932
5    0.25276523  0.97406061  1.00654932  0.00000000
reason of abort: no pseudometric

--------------------------------------------------------------------------------
n=4
(result of R-step: (0,3:5)0.67555768)
V=[0, 1, 2, 3]
total successes of this branch: 1
Matrix on 4 elements:

0    0.00000000  0.65074495  0.97106989  0.81603447
1    0.65074495  0.00000000  0.60510364  0.61151931
2    0.97106989  0.60510364  0.00000000  0.67566767
3    0.81603447  0.61151931  0.67566767  0.00000000

--------------------------------------------------------------------------------
n=4
(result of R-step: (0,5:2)0.62414944)
V=[0, 1, 3, 5]
total successes of this branch: 0
reason of abort: negative delta/dxy

--------------------------------------------------------------------------------
n=4
(result of R-step: (1,3:2)0.67021927)
V=[0, 1, 3, 5]
total successes of this branch: 1
Matrix on 4 elements:

0    0.00000000  1.03518950  1.30314744  1.08791120
1    1.03518950  0.00000000  0.50885089  0.87139219
3    1.30314744  0.50885089  0.00000000  0.88732047
5    1.08791120  0.87139219  0.88732047  0.00000000

--------------------------------------------------------------------------------
n=4
(result of R-step: (1,5:0)0.51129661)
V=[1, 2, 3, 5]
total successes of this branch: 1
Matrix on 4 elements:

1    0.00000000  0.50243522  0.65716238  0.83759444
2    0.50243522  0.00000000  0.82397916  1.17747327
3    0.65716238  0.82397916  0.00000000  1.00183421
5    0.83759444  1.17747327  1.00183421  0.00000000

--------------------------------------------------------------------------------
n=4
(result of R-step: (2,5:1)0.55977690)
V=[0, 2, 3, 5]
total successes of this branch: 0
Matrix on 4 elements:

0    0.00000000  1.25346116  1.45145893  0.57301106
2    1.25346116  0.00000000  0.61925746  0.49164918
3    1.45145893  0.61925746  0.00000000  0.52073182
5    0.57301106  0.49164918  0.52073182  0.00000000
reason of abort: no pseudometric

--------------------------------------------------------------------------------
n=4
(result of R-step: (2,5:3)0.78159518)
V=[0, 1, 2, 5]
total successes of this branch: 1
Matrix on 4 elements:

0    0.00000000  1.13785792  1.14773664  1.05411345
1    1.13785792  0.00000000  0.29465742  0.94026286
2    1.14773664  0.29465742  0.00000000  0.86702705
5    1.05411345  0.94026286  0.86702705  0.00000000

--------------------------------------------------------------------------------
n=4
(result of R-step: (3,5:1)0.87384058)
V=[0, 2, 3, 5]
total successes of this branch: 0
reason of abort: negative delta/dxy
