n=6
V=[0, 1, 2, 3, 4, 5]
total successes of this branch: 0
Matrix on 6 elements:

0    0.00000000  1.46228359  1.36634892  1.31062924  0.93518223  1.29544345
1    1.46228359  0.00000000  1.18723646  1.05470762  1.55287511  1.08195137
2    1.36634892  1.18723646  0.00000000  0.74830051  1.15764291  0.30274139
3    1.31062924  1.05470762  0.74830051  0.00000000  1.31500517  0.49669967
4    0.93518223  1.55287511  1.15764291  1.31500517  0.00000000  1.18211246
5    1.29544345  1.08195137  0.30274139  0.49669967  1.18211246  0.00000000
reason of abort: no candidate

--------------------------------------------------------------------------------
n=5
(result of R-step: (1,4:0)0.73504131)
V=[1, 2, 3, 4, 5]
total successes of this branch: 0
reason of abort: negative delta/dxy
