n=6
V=[0, 1, 2, 3, 4, 5]
total successes of this branch: 3
Matrix on 6 elements:

0    0.00000000  1.71461344  1.23229354  1.31161158  1.39614421  1.12580028
1    1.71461344  0.00000000  1.17783435  1.30128705  0.83341974  1.48737328
2    1.23229354  1.17783435  0.00000000  1.03859501  0.95773234  0.50293347
3    1.31161158  1.30128705  1.03859501  0.00000000  0.81918226  1.28045784
4    1.39614421  0.83341974  0.95773234  0.81918226  0.00000000  1.24203224
5    1.12580028  1.48737328  0.50293347  1.28045784  1.24203224  0.00000000

--------------------------------------------------------------------------------
n=5
(result of R-step: (1,3:4)0.62706147)
V=[0, 1, 2, 3, 5]
total successes of this branch: 3
Matrix on 5 elements:

0    0.00000000  1.30293612  1.23229354  1.08185577  1.12580028
1    1.30293612  0.00000000  0.76615704  0.65985392  1.07569597
2    1.23229354  0.76615704  0.00000000  0.80883920  0.50293347
3    1.08185577  0.65985392  0.80883920  0.00000000  1.05070203
5    1.12580028  1.07569597  0.50293347  1.05070203  0.00000000

--------------------------------------------------------------------------------
n=4
(result of R-step: (0,1:3)0.16267035)
V=[0, 1, 2, 5]
total successes of this branch: 1
Matrix on 4 elements:

0    0.00000000  0.94187488  1.15848432  1.05199106
1    0.94187488  0.00000000  0.47890502  0.78844395
2    1.15848432  0.47890502  0.00000000  0.50293347
5    1.05199106  0.78844395  0.50293347  0.00000000

--------------------------------------------------------------------------------
n=4
(result of R-step: (0,2:5)0.25657967)
V=[0, 1, 2, 3]
total successes of this branch: 1
Matrix on 4 elements:

0    0.00000000  1.22912690  1.14843639  1.00804655
1    1.22912690  0.00000000  0.75610911  0.65985392
2    1.14843639  0.75610911  0.00000000  0.79879127
3    1.00804655  0.65985392  0.79879127  0.00000000

--------------------------------------------------------------------------------
n=4
(result of R-step: (0,5:1)0.93678853)
V=[0, 2, 3, 5]
total successes of this branch: 0
reason of abort: negative delta/dxy

--------------------------------------------------------------------------------
n=4
(result of R-step: (1,2:0)0.48472646)
V=[1, 2, 3, 5]
total successes of this branch: 0
reason of abort: negative delta/dxy

--------------------------------------------------------------------------------
n=4
(result of R-step: (1,5:2)0.61332029)
V=[0, 1, 3, 5]
total successes of this branch: 0
reason of abort: negative delta/dxy

--------------------------------------------------------------------------------
n=4
(result of R-step: (2,3:0)0.86838181)
V=[1, 2, 3, 5]
total successes of this branch: 0
reason of abort: negative delta/dxy

--------------------------------------------------------------------------------
n=4
(result of R-step: (2,3:1)0.28084308)
V=[0, 2, 3, 5]
total successes of this branch: 1
Matrix on 4 elements:

0    0.00000000  1.22224561  0.90535321  1.12580028
2    1.22224561  0.00000000  0.62228871  0.49288554
3    0.90535321  0.62228871  0.00000000  0.87419947
5    1.12580028  0.49288554  0.87419947  0.00000000

--------------------------------------------------------------------------------
n=4
(result of R-step: (2,5:3)0.89391530)
V=[0, 1, 2, 5]
total successes of this branch: 0
reason of abort: negative delta/dxy

--------------------------------------------------------------------------------
n=4
(result of R-step: (3,5:0)0.69569998)
V=[1, 2, 3, 5]
total successes of this branch: 0
reason of abort: negative delta/dxy

--------------------------------------------------------------------------------
n=4
(result of R-step: (3,5:1)0.24607022)
V=[0, 2, 3, 5]
total successes of this branch: 0
reason of abort: negative delta/dxy
