n=6
V=[0, 1, 2, 3, 4, 5]
total successes of this branch: 5
Matrix on 6 elements:

0    0.00000000  1.11464689  1.59273299  1.39225504  0.99509557  1.17813360
1    1.11464689  0.00000000  1.39318753  0.67814969  1.48426922  1.23774640
2    1.59273299  1.39318753  0.00000000  1.70977997  1.72637614  0.55847865
3    1.39225504  0.67814969  1.70977997  0.00000000  1.76778239  1.54189144
4    0.99509557  1.48426922  1.72637614  1.76778239  0.00000000  1.18012583
5    1.17813360  1.23774640  0.55847865  1.54189144  1.18012583  0.00000000

--------------------------------------------------------------------------------
n=5
(result of R-step: (2,4:5)0.62370978)
V=[0, 1, 2, 3, 4]
total successes of this branch: 5
Matrix on 5 elements:

0    0.00000000  1.11464689  1.51371029  1.39225504  0.60565889
1    1.11464689  0.00000000  1.31416483  0.67814969  1.09483255
2    1.51371029  1.31416483  0.00000000  1.63075727  1.25791677
3    1.39225504  0.67814969  1.63075727  0.00000000  1.37834571
4    0.60565889  1.09483255  1.25791677  1.37834571  0.00000000

--------------------------------------------------------------------------------
n=4
(result of R-step: (0,1:2)0.65614322)
V=[0, 1, 3, 4]
total successes of this branch: 0
Matrix on 4 elements:

0    0.00000000  0.47850341  0.89969550  0.11309936
1    0.47850341  0.00000000  0.53456575  0.95124860
3    0.89969550  0.53456575  0.00000000  1.37834571
4    0.11309936  0.95124860  1.37834571  0.00000000
reason of abort: no pseudometric

--------------------------------------------------------------------------------
n=4
(result of R-step: (0,1:3)0.04803015)
V=[0, 1, 2, 4]
total successes of this branch: 1
Matrix on 4 elements:

0    0.00000000  0.69656768  1.26244560  0.35439421
1    0.69656768  0.00000000  1.14735031  0.92801803
2    1.26244560  1.14735031  0.00000000  1.25791677
4    0.35439421  0.92801803  1.25791677  0.00000000

--------------------------------------------------------------------------------
n=4
(result of R-step: (0,2:4)0.84852844)
V=[0, 1, 2, 3]
total successes of this branch: 1
Matrix on 4 elements:

0    0.00000000  0.86338220  1.18478689  1.14099035
1    0.86338220  0.00000000  1.23650611  0.67814969
2    1.18478689  1.23650611  0.00000000  1.55309856
3    1.14099035  0.67814969  1.55309856  0.00000000

--------------------------------------------------------------------------------
n=4
(result of R-step: (0,3:2)0.62558226)
V=[0, 1, 3, 4]
total successes of this branch: 0
Matrix on 4 elements:

0    0.00000000  0.61153553  0.35920487  0.10254754
1    0.61153553  0.00000000  0.14821087  1.09483255
3    0.35920487  0.14821087  0.00000000  0.84840689
4    0.10254754  1.09483255  0.84840689  0.00000000
reason of abort: no pseudometric

--------------------------------------------------------------------------------
n=4
(result of R-step: (1,4:0)0.31976480)
V=[1, 2, 3, 4]
total successes of this branch: 0
Matrix on 4 elements:

1    0.00000000  1.10761319  0.47159806  0.87522469
2    1.10761319  0.00000000  1.63075727  1.24486055
3    0.47159806  1.63075727  0.00000000  1.36528949
4    0.87522469  1.24486055  1.36528949  0.00000000
reason of abort: no pseudometric

--------------------------------------------------------------------------------
n=4
(result of R-step: (1,4:2)0.54221676)
V=[0, 1, 3, 4]
total successes of this branch: 1
Matrix on 4 elements:

0    0.00000000  0.94783237  1.39225504  0.57047779
1    0.94783237  0.00000000  0.51133517  0.89283693
3    1.39225504  0.51133517  0.00000000  1.34316461
4    0.57047779  0.89283693  1.34316461  0.00000000

--------------------------------------------------------------------------------
n=4
(result of R-step: (1,4:3)0.91389251)
V=[0, 1, 2, 4]
total successes of this branch: 0
Matrix on 4 elements:

0    0.00000000  0.97106294  1.51371029  0.27844800
1    0.97106294  0.00000000  1.17058088  0.62403771
2    1.51371029  1.17058088  0.00000000  0.93070588
4    0.27844800  0.62403771  0.93070588  0.00000000
reason of abort: no pseudometric

--------------------------------------------------------------------------------
n=4
(result of R-step: (2,3:1)0.02441256)
V=[0, 2, 3, 4]
total successes of this branch: 1
Matrix on 4 elements:

0    0.00000000  1.43605157  0.92130191  0.60565889
2    1.43605157  0.00000000  1.08214543  1.18025806
3    0.92130191  1.08214543  0.00000000  0.90739258
4    0.60565889  1.18025806  0.90739258  0.00000000

--------------------------------------------------------------------------------
n=4
(result of R-step: (3,4:0)0.29888815)
V=[1, 2, 3, 4]
total successes of this branch: 1
Matrix on 4 elements:

1    0.00000000  1.31416483  0.20719656  1.05965145
2    1.31416483  0.00000000  1.15980414  1.22273567
3    0.20719656  1.15980414  0.00000000  0.87221148
4    1.05965145  1.22273567  0.87221148  0.00000000

--------------------------------------------------------------------------------
n=4
(result of R-step: (3,4:2)0.57236860)
V=[0, 1, 3, 4]
total successes of this branch: 0
Matrix on 4 elements:

0    0.00000000  1.11464689  0.88252677  0.59260267
1    1.11464689  0.00000000  0.16842143  1.08177633
3    0.88252677  0.16842143  0.00000000  0.85556122
4    0.59260267  1.08177633  0.85556122  0.00000000
reason of abort: no pseudometric
