n=8
V=[0, 1, 2, 3, 4, 5, 6, 7]
total successes of this branch: 2
Matrix on 8 elements:

0    0.00000000  1.78056756  1.93485836  2.00582197  1.23489943  1.46410708  0.91281875  1.31514092
1    1.78056756  0.00000000  1.36899769  1.33683479  1.44909313  1.29249673  1.50298770  1.46732952
2    1.93485836  1.36899769  0.00000000  1.54381477  1.67618982  1.04680819  1.66071451  1.61844180
3    2.00582197  1.33683479  1.54381477  0.00000000  1.73124485  1.48601678  1.66623859  1.73523667
4    1.23489943  1.44909313  1.67618982  1.73124485  0.00000000  1.28343455  1.01862479  0.41033216
5    1.46410708  1.29249673  1.04680819  1.48601678  1.28343455  0.00000000  1.21689312  1.15541539
6    0.91281875  1.50298770  1.66071451  1.66623859  1.01862479  1.21689312  0.00000000  1.09389381
7    1.31514092  1.46732952  1.61844180  1.73523667  0.41033216  1.15541539  1.09389381  0.00000000

--------------------------------------------------------------------------------
n=7
(result of R-step: (0,3:6)0.93478710)
V=[0, 1, 2, 3, 4, 5, 7]
total successes of this branch: 2
Matrix on 7 elements:

0    0.00000000  1.22928907  1.38357987  1.14889195  0.68362094  0.91282859  0.76386242
1    1.22928907  0.00000000  1.36899769  1.03118326  1.44909313  1.29249673  1.46732952
2    1.38357987  1.36899769  0.00000000  1.23816324  1.67618982  1.04680819  1.61844180
3    1.14889195  1.03118326  1.23816324  0.00000000  1.42559332  1.18036525  1.42958514
4    0.68362094  1.44909313  1.67618982  1.42559332  0.00000000  1.28343455  0.41033216
5    0.91282859  1.29249673  1.04680819  1.18036525  1.28343455  0.00000000  1.15541539
7    0.76386242  1.46732952  1.61844180  1.42958514  0.41033216  1.15541539  0.00000000

--------------------------------------------------------------------------------
n=6
(result of R-step: (4,5:7)0.83928345)
V=[0, 1, 2, 3, 4, 5]
total successes of this branch: 2
Matrix on 6 elements:

0    0.00000000  1.22928907  1.38357987  1.14889195  0.58790895  0.80442037
1    1.22928907  0.00000000  1.36899769  1.03118326  1.35338114  1.18408851
2    1.38357987  1.36899769  0.00000000  1.23816324  1.58047784  0.93839997
3    1.14889195  1.03118326  1.23816324  0.00000000  1.32988134  1.07195703
4    0.58790895  1.35338114  1.58047784  1.32988134  0.00000000  1.07931434
5    0.80442037  1.18408851  0.93839997  1.07195703  1.07931434  0.00000000

--------------------------------------------------------------------------------
n=5
(result of R-step: (0,2:5)0.37081610)
V=[0, 1, 2, 3, 4]
total successes of this branch: 2
Matrix on 5 elements:

0    0.00000000  1.13895161  0.84945384  1.05855449  0.49757150
1    1.13895161  0.00000000  0.92520912  1.03118326  1.35338114
2    0.84945384  0.92520912  0.00000000  0.79437466  1.13668926
3    1.05855449  1.03118326  0.79437466  0.00000000  1.32988134
4    0.49757150  1.35338114  1.13668926  1.32988134  0.00000000

--------------------------------------------------------------------------------
n=4
(result of R-step: (0,1:4)0.84573728)
V=[0, 1, 2, 3]
total successes of this branch: 1
Matrix on 4 elements:

0    0.00000000  0.74019129  0.82206678  1.03116743
1    0.74019129  0.00000000  0.55383586  0.65981001
2    0.82206678  0.55383586  0.00000000  0.79437466
3    1.03116743  0.65981001  0.79437466  0.00000000

--------------------------------------------------------------------------------
n=4
(result of R-step: (0,3:2)0.09277732)
V=[0, 1, 3, 4]
total successes of this branch: 1
Matrix on 4 elements:

0    0.00000000  1.11156455  0.58357202  0.47018444
1    1.11156455  0.00000000  0.58358785  1.35338114
3    0.58357202  0.58358785  0.00000000  0.88228593
4    0.47018444  1.35338114  0.88228593  0.00000000

--------------------------------------------------------------------------------
n=4
(result of R-step: (1,4:2)0.94395235)
V=[0, 1, 3, 4]
total successes of this branch: 0
reason of abort: negative delta/dxy

--------------------------------------------------------------------------------
n=4
(result of R-step: (3,4:2)0.88323286)
V=[0, 1, 3, 4]
total successes of this branch: 0
Matrix on 4 elements:

0    0.00000000  1.13895161  0.61547514  0.04500138
1    1.13895161  0.00000000  0.58810391  0.90081103
3    0.61547514  0.58810391  0.00000000  0.43423187
4    0.04500138  0.90081103  0.43423187  0.00000000
reason of abort: no pseudometric
