n=8
V=[0, 1, 2, 3, 4, 5, 6, 7]
total successes of this branch: 2
Matrix on 8 elements:

0    0.00000000  1.07188955  0.84360147  1.59532345  1.77380556  1.25564153  0.30887857  0.31580714
1    1.07188955  0.00000000  0.93377435  1.20246884  1.52898410  0.92268574  1.11840416  1.11629242
2    0.84360147  0.93377435  0.00000000  1.45775717  1.54838471  1.08252656  0.95174494  0.95122854
3    1.59532345  1.20246884  1.45775717  0.00000000  2.05384716  0.84426541  1.54627291  1.54499283
4    1.77380556  1.52898410  1.54838471  2.05384716  0.00000000  1.63398742  1.82181046  1.81124013
5    1.25564153  0.92268574  1.08252656  0.84426541  1.63398742  0.00000000  1.16246984  1.16088060
6    0.30887857  1.11840416  0.95174494  1.54627291  1.82181046  1.16246984  0.00000000  0.11915492
7    0.31580714  1.11629242  0.95122854  1.54499283  1.81124013  1.16088060  0.11915492  0.00000000

--------------------------------------------------------------------------------
n=7
(result of R-step: (4,6:7)0.00857432)
V=[0, 1, 2, 3, 4, 5, 6]
total successes of this branch: 2
Matrix on 7 elements:

0    0.00000000  1.07188955  0.84360147  1.59532345  1.15086221  1.25564153  0.25382335
1    1.07188955  0.00000000  0.93377435  1.20246884  0.90604075  0.92268574  1.06334893
2    0.84360147  0.93377435  0.00000000  1.45775717  0.92544137  1.08252656  0.89668972
3    1.59532345  1.20246884  1.45775717  0.00000000  1.43090381  0.84426541  1.49121769
4    1.15086221  0.90604075  0.92544137  1.43090381  0.00000000  1.01104408  1.14381189
5    1.25564153  0.92268574  1.08252656  0.84426541  1.01104408  0.00000000  1.10741462
6    0.25382335  1.06334893  0.89668972  1.49121769  1.14381189  1.10741462  0.00000000

--------------------------------------------------------------------------------
n=6
(result of R-step: (0,5:6)0.84121547)
V=[0, 1, 2, 3, 4, 5]
total successes of this branch: 2
Matrix on 6 elements:

0    0.00000000  1.04853272  0.82024464  1.57196661  1.12750538  1.11892696
1    1.04853272  0.00000000  0.93377435  1.20246884  0.90604075  0.80932801
2    0.82024464  0.93377435  0.00000000  1.45775717  0.92544137  0.96916883
3    1.57196661  1.20246884  1.45775717  0.00000000  1.43090381  0.73090768
4    1.12750538  0.90604075  0.92544137  1.43090381  0.00000000  0.89768635
5    1.11892696  0.80932801  0.96916883  0.73090768  0.89768635  0.00000000

--------------------------------------------------------------------------------
n=5
(result of R-step: (1,2:0)0.37244232)
V=[1, 2, 3, 4, 5]
total successes of this branch: 0
Matrix on 5 elements:

1    0.00000000  0.38411015  0.86248890  0.56606081  0.46934807
2    0.38411015  0.00000000  1.24807291  0.71575711  0.75948457
3    0.86248890  1.24807291  0.00000000  1.43090381  0.73090768
4    0.56606081  0.71575711  1.43090381  0.00000000  0.89768635
5    0.46934807  0.75948457  0.73090768  0.89768635  0.00000000
reason of abort: no pseudometric

--------------------------------------------------------------------------------
n=5
(result of R-step: (3,4:5)0.59536888)
V=[0, 1, 2, 3, 4]
total successes of this branch: 2
Matrix on 5 elements:

0    0.00000000  1.04853272  0.82024464  1.21494739  0.73335929
1    1.04853272  0.00000000  0.93377435  0.84544961  0.51189466
2    0.82024464  0.93377435  0.00000000  1.10073794  0.53129527
3    1.21494739  0.84544961  1.10073794  0.00000000  0.67973849
4    0.73335929  0.51189466  0.53129527  0.67973849  0.00000000

--------------------------------------------------------------------------------
n=4
(result of R-step: (0,1:4)0.49017490)
V=[0, 1, 2, 3]
total successes of this branch: 0
Matrix on 4 elements:

0    0.00000000  0.15385976  0.26368753  0.65839028
1    0.15385976  0.00000000  0.59565849  0.50733376
2    0.26368753  0.59565849  0.00000000  1.10073794
3    0.65839028  0.50733376  1.10073794  0.00000000
reason of abort: no pseudometric

--------------------------------------------------------------------------------
n=4
(result of R-step: (0,3:4)0.48779822)
V=[0, 1, 2, 3]
total successes of this branch: 0
Matrix on 4 elements:

0    0.00000000  0.49125352  0.26296543  0.15034093
1    0.49125352  0.00000000  0.93377435  0.33812236
2    0.26296543  0.93377435  0.00000000  0.59341068
3    0.15034093  0.33812236  0.59341068  0.00000000
reason of abort: no pseudometric

--------------------------------------------------------------------------------
n=4
(result of R-step: (1,2:0)0.37244232)
V=[1, 2, 3, 4]
total successes of this branch: 0
Matrix on 4 elements:

1    0.00000000  0.38411015  0.50546967  0.17191472
2    0.38411015  0.00000000  0.89105368  0.32161102
3    0.50546967  0.89105368  0.00000000  0.67973849
4    0.17191472  0.32161102  0.67973849  0.00000000
reason of abort: no pseudometric

--------------------------------------------------------------------------------
n=4
(result of R-step: (1,2:4)0.69092308)
V=[0, 1, 2, 3]
total successes of this branch: 1
Matrix on 4 elements:

0    0.00000000  0.70992671  0.60873760  1.21494739
1    0.70992671  0.00000000  0.38366130  0.50684360
2    0.60873760  0.38366130  0.00000000  0.88923091
3    1.21494739  0.50684360  0.88923091  0.00000000

--------------------------------------------------------------------------------
n=4
(result of R-step: (2,3:0)0.63126074)
V=[1, 2, 3, 4]
total successes of this branch: 1
Matrix on 4 elements:

1    0.00000000  0.72226731  0.33998734  0.51189466
2    0.72226731  0.00000000  0.38376864  0.31978824
3    0.33998734  0.38376864  0.00000000  0.17427622
4    0.51189466  0.31978824  0.17427622  0.00000000

--------------------------------------------------------------------------------
n=4
(result of R-step: (2,3:4)0.30646940)
V=[0, 1, 2, 3]
total successes of this branch: 0
Matrix on 4 elements:

0    0.00000000  1.04853272  0.61056038  0.70810618
1    1.04853272  0.00000000  0.72409009  0.33860841
2    0.61056038  0.72409009  0.00000000  0.38421248
3    0.70810618  0.33860841  0.38421248  0.00000000
reason of abort: no pseudometric
