n=8
V=[0, 1, 2, 3, 4, 5, 6, 7]
total successes of this branch: 2
Matrix on 8 elements:

0    0.00000000  3.28837766  2.29837044  3.27002581  2.65773275  2.37305241  2.34073880  2.49849744
1    3.28837766  0.00000000  2.23992670  2.77761550  2.62222044  2.59372900  2.25718111  2.56270940
2    2.29837044  2.23992670  0.00000000  1.86291710  1.04006238  0.96652194  0.49271245  0.86491008
3    3.27002581  2.77761550  1.86291710  0.00000000  2.25240883  2.26700918  1.76702191  2.15193435
4    2.65773275  2.62222044  1.04006238  2.25240883  0.00000000  1.47367871  1.09635970  1.42169093
5    2.37305241  2.59372900  0.96652194  2.26700918  1.47367871  0.00000000  1.02792002  0.67161835
6    2.34073880  2.25718111  0.49271245  1.76702191  1.09635970  1.02792002  0.00000000  0.82616709
7    2.49849744  2.56270940  0.86491008  2.15193435  1.42169093  0.67161835  0.82616709  0.00000000

--------------------------------------------------------------------------------
n=7
(result of R-step: (5,6:7)0.48571005)
V=[0, 1, 2, 3, 4, 5, 6]
total successes of this branch: 2
Matrix on 7 elements:

0    0.00000000  3.28837766  2.29837044  3.27002581  2.65773275  2.37211994  2.16104209
1    3.28837766  0.00000000  2.23992670  2.77761550  2.62222044  2.59279653  2.07748441
2    2.29837044  2.23992670  0.00000000  1.86291710  1.04006238  0.96558946  0.31301575
3    3.27002581  2.77761550  1.86291710  0.00000000  2.25240883  2.26607671  1.58732521
4    2.65773275  2.62222044  1.04006238  2.25240883  0.00000000  1.47274623  0.91666299
5    2.37211994  2.59279653  0.96558946  2.26607671  1.47274623  0.00000000  0.84729084
6    2.16104209  2.07748441  0.31301575  1.58732521  0.91666299  0.84729084  0.00000000

--------------------------------------------------------------------------------
n=6
(result of R-step: (2,3:6)0.94212932)
V=[0, 1, 2, 3, 4, 5]
total successes of this branch: 2
Matrix on 6 elements:

0    0.00000000  3.28837766  2.08674016  3.04733013  2.65773275  2.37211994
1    3.28837766  0.00000000  2.02829642  2.55491982  2.62222044  2.59279653
2    2.08674016  2.02829642  0.00000000  1.42859114  0.82843211  0.75395919
3    3.04733013  2.55491982  1.42859114  0.00000000  2.02971315  2.04338103
4    2.65773275  2.62222044  0.82843211  2.02971315  0.00000000  1.47274623
5    2.37211994  2.59279653  0.75395919  2.04338103  1.47274623  0.00000000

--------------------------------------------------------------------------------
n=5
(result of R-step: (0,2:5)0.14021661)
V=[0, 1, 2, 3, 4]
total successes of this branch: 2
Matrix on 5 elements:

0    0.00000000  2.61028531  1.36587672  2.36923778  1.97964040
1    2.61028531  0.00000000  1.98552532  2.55491982  2.62222044
2    1.36587672  1.98552532  0.00000000  1.38582004  0.78566101
3    2.36923778  2.55491982  1.38582004  0.00000000  2.02971315
4    1.97964040  2.62222044  0.78566101  2.02971315  0.00000000

--------------------------------------------------------------------------------
n=4
(result of R-step: (0,3:1)0.23890219)
V=[0, 2, 3, 4]
total successes of this branch: 1
Matrix on 4 elements:

0    0.00000000  0.94186672  1.03572974  1.55563040
2    0.94186672  0.00000000  0.47632200  0.78566101
3    1.03572974  0.47632200  0.00000000  1.12021511
4    1.55563040  0.78566101  1.12021511  0.00000000

--------------------------------------------------------------------------------
n=4
(result of R-step: (1,2:3)0.40646919)
V=[0, 1, 2, 4]
total successes of this branch: 1
Matrix on 4 elements:

0    0.00000000  1.52914303  1.29745747  1.97964040
1    1.52914303  0.00000000  0.83596380  1.54107816
2    1.29745747  0.83596380  0.00000000  0.71724176
4    1.97964040  1.54107816  0.71724176  0.00000000

--------------------------------------------------------------------------------
n=4
(result of R-step: (1,4:3)0.36991299)
V=[0, 1, 2, 4]
total successes of this branch: 0
Matrix on 4 elements:

0    0.00000000  1.60142761  1.36587672  1.26275044
1    1.60142761  0.00000000  0.97666762  0.89647278
2    1.36587672  0.97666762  0.00000000  0.06877104
4    1.26275044  0.89647278  0.06877104  0.00000000
reason of abort: no pseudometric
