n=6
V=[0, 1, 2, 3, 4, 5]
total successes of this branch: 0
Matrix on 6 elements:

0    0.00000000  1.58356438  1.51199884  1.28486309  0.47898188  1.39086285
1    1.58356438  0.00000000  1.44197229  1.42634035  1.45370574  1.40893608
2    1.51199884  1.44197229  0.00000000  0.87115722  1.35209004  0.44875027
3    1.28486309  1.42634035  0.87115722  0.00000000  1.08987857  0.85571682
4    0.47898188  1.45370574  1.35209004  1.08987857  0.00000000  1.25343979
5    1.39086285  1.40893608  0.44875027  0.85571682  1.25343979  0.00000000
reason of abort: no candidate

--------------------------------------------------------------------------------
n=5
(result of R-step: (3,4:1)0.78853682)
V=[0, 2, 3, 4, 5]
total successes of this branch: 0
Matrix on 5 elements:

0    0.00000000  1.51199884  0.82403764  0.18299449  1.39086285
2    1.51199884  0.00000000  0.41033177  1.05610266  0.44875027
3    0.82403764  0.41033177  0.00000000  0.33306574  0.39489137
4    0.18299449  1.05610266  0.33306574  0.00000000  0.95745240
5    1.39086285  0.44875027  0.39489137  0.95745240  0.00000000
reason of abort: no pseudometric
