n=6
V=[0, 1, 2, 3, 4, 5]
total successes of this branch: 0
Matrix on 6 elements:

0    0.00000000  1.54498070  1.12103550  0.86326945  1.41589517  1.13863749
1    1.54498070  0.00000000  1.15575697  1.44089061  1.46854697  0.90165266
2    1.12103550  1.15575697  0.00000000  0.99199074  0.94606105  0.99244925
3    0.86326945  1.44089061  0.99199074  0.00000000  1.26702439  0.68112197
4    1.41589517  1.46854697  0.94606105  1.26702439  0.00000000  1.28752283
5    1.13863749  0.90165266  0.99244925  0.68112197  1.28752283  0.00000000
reason of abort: no candidate

--------------------------------------------------------------------------------
n=5
(result of R-step: (0,2:4)0.07289644)
V=[0, 1, 2, 3, 5]
total successes of this branch: 0
Matrix on 5 elements:

0    0.00000000  0.91283598  0.17612928  0.23112473  0.50649276
1    0.91283598  0.00000000  0.84299548  1.44089061  0.90165266
2    0.17612928  0.84299548  0.00000000  0.67922925  0.67968776
3    0.23112473  1.44089061  0.67922925  0.00000000  0.68112197
5    0.50649276  0.90165266  0.67968776  0.68112197  0.00000000
reason of abort: no pseudometric
