n=6
V=[0, 1, 2, 3, 4, 5]
total successes of this branch: 5
Matrix on 6 elements:

0    0.00000000  1.46058935  1.88053844  1.59030862  1.05540883  1.51067240
1    1.46058935  0.00000000  2.37301328  1.51310549  1.19111310  1.84629127
2    1.88053844  2.37301328  0.00000000  2.59372279  2.09920130  0.98487458
3    1.59030862  1.51310549  2.59372279  0.00000000  1.27839017  2.00833654
4    1.05540883  1.19111310  2.09920130  1.27839017  0.00000000  1.31202957
5    1.51067240  1.84629127  0.98487458  2.00833654  1.31202957  0.00000000

--------------------------------------------------------------------------------
n=5
(result of R-step: (0,3:1)0.27219832)
V=[0, 2, 3, 4, 5]
total successes of this branch: 0
Matrix on 5 elements:

0    0.00000000  1.27483670  0.22422936  0.44970710  0.90497066
2    1.27483670  0.00000000  1.83334527  2.09920130  0.98487458
3    0.22422936  1.83334527  0.00000000  0.51801264  1.24795902
4    0.44970710  2.09920130  0.51801264  0.00000000  1.31202957
5    0.90497066  0.98487458  1.24795902  1.31202957  0.00000000
reason of abort: no pseudometric

--------------------------------------------------------------------------------
n=5
(result of R-step: (2,4:5)0.56034500)
V=[0, 1, 2, 3, 4]
total successes of this branch: 5
Matrix on 5 elements:

0    0.00000000  1.46058935  1.81893002  1.59030862  0.89295611
1    1.46058935  0.00000000  2.31140487  1.51310549  1.02866037
2    1.81893002  2.31140487  0.00000000  2.53211438  1.87514016
3    1.59030862  1.51310549  2.53211438  0.00000000  1.11593744
4    0.89295611  1.02866037  1.87514016  1.11593744  0.00000000

--------------------------------------------------------------------------------
n=4
(result of R-step: (0,1:2)0.81034811)
V=[0, 1, 3, 4]
total successes of this branch: 1
Matrix on 4 elements:

0    0.00000000  0.64753220  1.22905708  0.53170457
1    0.64753220  0.00000000  1.06129989  0.57685477
3    1.22905708  1.06129989  0.00000000  1.11593744
4    0.53170457  0.57685477  1.11593744  0.00000000

--------------------------------------------------------------------------------
n=4
(result of R-step: (0,1:4)0.06862941)
V=[0, 1, 2, 3]
total successes of this branch: 0
reason of abort: negative delta/dxy

--------------------------------------------------------------------------------
n=4
(result of R-step: (0,3:1)0.27219832)
V=[0, 2, 3, 4]
total successes of this branch: 0
Matrix on 4 elements:

0    0.00000000  1.21322829  0.22422936  0.28725438
2    1.21322829  0.00000000  1.77173686  1.87514016
3    0.22422936  1.77173686  0.00000000  0.35555992
4    0.28725438  1.87514016  0.35555992  0.00000000
reason of abort: no pseudometric

--------------------------------------------------------------------------------
n=4
(result of R-step: (0,3:2)0.22935276)
V=[0, 1, 3, 4]
total successes of this branch: 0
reason of abort: negative delta/dxy

--------------------------------------------------------------------------------
n=4
(result of R-step: (0,3:4)0.26114334)
V=[0, 1, 2, 3]
total successes of this branch: 1
Matrix on 4 elements:

0    0.00000000  1.09933780  1.45767848  0.43636624
1    1.09933780  0.00000000  2.31140487  0.72041465
2    1.45767848  2.31140487  0.00000000  1.73942354
3    0.43636624  0.72041465  1.73942354  0.00000000

--------------------------------------------------------------------------------
n=4
(result of R-step: (1,2:4)0.74198064)
V=[0, 1, 2, 3]
total successes of this branch: 0
reason of abort: negative delta/dxy

--------------------------------------------------------------------------------
n=4
(result of R-step: (1,4:3)0.30736654)
V=[0, 1, 2, 4]
total successes of this branch: 1
Matrix on 4 elements:

0    0.00000000  1.00878374  1.81893002  0.69308083
1    1.00878374  0.00000000  1.85959926  0.37697949
2    1.81893002  1.85959926  0.00000000  1.67526488
4    0.69308083  0.37697949  1.67526488  0.00000000

--------------------------------------------------------------------------------
n=4
(result of R-step: (2,3:1)0.07999189)
V=[0, 2, 3, 4]
total successes of this branch: 1
Matrix on 4 elements:

0    0.00000000  1.00730879  0.79761778  0.89295611
2    1.00730879  0.00000000  0.92780230  1.06351893
3    0.79761778  0.92780230  0.00000000  0.32324660
4    0.89295611  1.06351893  0.32324660  0.00000000

--------------------------------------------------------------------------------
n=4
(result of R-step: (2,3:4)0.37373289)
V=[0, 1, 2, 3]
total successes of this branch: 0
Matrix on 4 elements:

0    0.00000000  1.46058935  0.38454188  0.82993110
1    1.46058935  0.00000000  0.87701672  0.75272796
2    0.38454188  0.87701672  0.00000000  0.33734871
3    0.82993110  0.75272796  0.33734871  0.00000000
reason of abort: no pseudometric

--------------------------------------------------------------------------------
n=4
(result of R-step: (2,4:0)0.31808008)
V=[1, 2, 3, 4]
total successes of this branch: 1
Matrix on 4 elements:

1    0.00000000  1.49978363  1.51310549  0.82878509
2    1.49978363  0.00000000  1.72049315  0.86364364
3    1.51310549  1.72049315  0.00000000  0.91606216
4    0.82878509  0.86364364  0.91606216  0.00000000
