n=6
V=[0, 1, 2, 3, 4, 5]
total successes of this branch: 5
Matrix on 6 elements:

0    0.00000000  0.71496961  0.49368102  0.78681516  0.59259583  0.12807385
1    0.71496961  0.00000000  0.72248038  1.11643848  0.94899791  0.70370176
2    0.49368102  0.72248038  0.00000000  0.87134237  0.70986440  0.47343338
3    0.78681516  1.11643848  0.87134237  0.00000000  0.96785447  0.77732085
4    0.59259583  0.94899791  0.70986440  0.96785447  0.00000000  0.58385549
5    0.12807385  0.70370176  0.47343338  0.77732085  0.58385549  0.00000000

--------------------------------------------------------------------------------
n=5
(result of R-step: (0,2:5)0.97697188)
V=[0, 1, 2, 3, 4]
total successes of this branch: 5
Matrix on 5 elements:

0    0.00000000  0.64938630  0.37247624  0.72123185  0.52701251
1    0.64938630  0.00000000  0.66685892  1.11643848  0.94899791
2    0.37247624  0.66685892  0.00000000  0.81572091  0.65424294
3    0.72123185  1.11643848  0.81572091  0.00000000  0.96785447
4    0.52701251  0.94899791  0.65424294  0.96785447  0.00000000

--------------------------------------------------------------------------------
n=4
(result of R-step: (0,2:1)0.18211197)
V=[0, 2, 3, 4]
total successes of this branch: 1
Matrix on 4 elements:

0    0.00000000  0.12700181  0.64760330  0.45338396
2    0.12700181  0.00000000  0.64387503  0.48239706
3    0.64760330  0.64387503  0.00000000  0.96785447
4    0.45338396  0.48239706  0.96785447  0.00000000

--------------------------------------------------------------------------------
n=4
(result of R-step: (0,3:4)0.25045016)
V=[0, 1, 2, 3]
total successes of this branch: 1
Matrix on 4 elements:

0    0.00000000  0.57575775  0.29884769  0.08880850
1    0.57575775  0.00000000  0.66685892  0.55764367
2    0.29884769  0.66685892  0.00000000  0.25692610
3    0.08880850  0.55764367  0.25692610  0.00000000

--------------------------------------------------------------------------------
n=4
(result of R-step: (1,3:0)0.01848157)
V=[1, 2, 3, 4]
total successes of this branch: 0
reason of abort: negative delta/dxy

--------------------------------------------------------------------------------
n=4
(result of R-step: (1,3:2)0.66323349)
V=[0, 1, 3, 4]
total successes of this branch: 1
Matrix on 4 elements:

0    0.00000000  0.20309923  0.16243704  0.52701251
1    0.20309923  0.00000000  0.11135661  0.50271084
3    0.16243704  0.11135661  0.00000000  0.40905967
4    0.52701251  0.50271084  0.40905967  0.00000000

--------------------------------------------------------------------------------
n=4
(result of R-step: (1,4:0)0.25847308)
V=[1, 2, 3, 4]
total successes of this branch: 1
Matrix on 4 elements:

1    0.00000000  0.22057185  0.67015141  0.12056040
2    0.22057185  0.00000000  0.81572091  0.27209249
3    0.67015141  0.81572091  0.00000000  0.58570403
4    0.12056040  0.27209249  0.58570403  0.00000000

--------------------------------------------------------------------------------
n=4
(result of R-step: (1,4:2)0.09167052)
V=[0, 1, 3, 4]
total successes of this branch: 0
reason of abort: negative delta/dxy

--------------------------------------------------------------------------------
n=4
(result of R-step: (1,4:3)0.29830562)
V=[0, 1, 2, 4]
total successes of this branch: 0
Matrix on 4 elements:

0    0.00000000  0.15858524  0.37247624  0.15145833
1    0.15858524  0.00000000  0.17605787  0.08264269
2    0.37247624  0.17605787  0.00000000  0.27868876
4    0.15145833  0.08264269  0.27868876  0.00000000
reason of abort: no pseudometric

--------------------------------------------------------------------------------
n=4
(result of R-step: (2,3:0)0.19276751)
V=[1, 2, 3, 4]
total successes of this branch: 0
reason of abort: negative delta/dxy

--------------------------------------------------------------------------------
n=4
(result of R-step: (2,4:0)0.40759061)
V=[1, 2, 3, 4]
total successes of this branch: 0
Matrix on 4 elements:

1    0.00000000  0.45891621  1.11643848  0.57344374
2    0.45891621  0.00000000  0.60777820  0.07074605
3    1.11643848  0.60777820  0.00000000  0.59230029
4    0.57344374  0.07074605  0.59230029  0.00000000
reason of abort: no pseudometric

--------------------------------------------------------------------------------
n=4
(result of R-step: (2,4:3)0.20986052)
V=[0, 1, 2, 4]
total successes of this branch: 1
Matrix on 4 elements:

0    0.00000000  0.64938630  0.20063036  0.14486206
1    0.64938630  0.00000000  0.49501304  0.56684747
2    0.20063036  0.49501304  0.00000000  0.10024661
4    0.14486206  0.56684747  0.10024661  0.00000000
