n=6
V=[0, 1, 2, 3, 4, 5]
total successes of this branch: 3
Matrix on 6 elements:

0    0.00000000  2.28446246  1.52863302  1.37526428  1.17488208  1.41667077
1    2.28446246  0.00000000  1.37185496  1.18467103  1.40264297  1.53706050
2    1.52863302  1.37185496  0.00000000  0.31073443  0.56836736  0.69260584
3    1.37526428  1.18467103  0.31073443  0.00000000  0.38835468  0.49975547
4    1.17488208  1.40264297  0.56836736  0.38835468  0.00000000  0.33359986
5    1.41667077  1.53706050  0.69260584  0.49975547  0.33359986  0.00000000

--------------------------------------------------------------------------------
n=5
(result of R-step: (0,2:1)0.08659318)
V=[0, 2, 3, 4, 5]
total successes of this branch: 0
Matrix on 5 elements:

0    0.00000000  0.66345522  0.76064854  0.56026634  0.80205503
2    0.66345522  0.00000000  0.06017237  0.31780530  0.44204378
3    0.76064854  0.06017237  0.00000000  0.38835468  0.49975547
4    0.56026634  0.31780530  0.38835468  0.00000000  0.33359986
5    0.80205503  0.44204378  0.49975547  0.33359986  0.00000000
reason of abort: no pseudometric

--------------------------------------------------------------------------------
n=5
(result of R-step: (3,4:5)0.25665137)
V=[0, 1, 2, 3, 4]
total successes of this branch: 3
Matrix on 5 elements:

0    0.00000000  2.28446246  1.52863302  1.33491338  1.14557700
1    2.28446246  0.00000000  1.37185496  1.14432013  1.37333789
2    1.52863302  1.37185496  0.00000000  0.27038353  0.53906228
3    1.33491338  1.14432013  0.27038353  0.00000000  0.31869870
4    1.14557700  1.37333789  0.53906228  0.31869870  0.00000000

--------------------------------------------------------------------------------
n=4
(result of R-step: (0,1:4)0.21207180)
V=[0, 1, 2, 3]
total successes of this branch: 0
Matrix on 4 elements:

0    0.00000000  0.67189249  1.02968527  0.83596563
1    0.67189249  0.00000000  0.25823273  0.03069791
2    1.02968527  0.25823273  0.00000000  0.27038353
3    0.83596563  0.03069791  0.27038353  0.00000000
reason of abort: no pseudometric

--------------------------------------------------------------------------------
n=4
(result of R-step: (0,2:1)0.08659318)
V=[0, 2, 3, 4]
total successes of this branch: 0
Matrix on 4 elements:

0    0.00000000  0.66345522  0.72029764  0.53096126
2    0.66345522  0.00000000  0.01982147  0.28850022
3    0.72029764  0.01982147  0.00000000  0.31869870
4    0.53096126  0.28850022  0.31869870  0.00000000
reason of abort: no pseudometric

--------------------------------------------------------------------------------
n=4
(result of R-step: (0,2:4)0.30826430)
V=[0, 1, 2, 3]
total successes of this branch: 0
Matrix on 4 elements:

0    0.00000000  1.68755854  0.68041875  0.73800945
1    1.68755854  0.00000000  1.12054462  1.14432013
2    0.68041875  1.12054462  0.00000000  0.01907319
3    0.73800945  1.14432013  0.01907319  0.00000000
reason of abort: no pseudometric

--------------------------------------------------------------------------------
n=4
(result of R-step: (0,3:1)0.10856597)
V=[0, 2, 3, 4]
total successes of this branch: 1
Matrix on 4 elements:

0    0.00000000  0.93172909  0.71864424  0.54867307
2    0.93172909  0.00000000  0.25101832  0.53906228
3    0.71864424  0.25101832  0.00000000  0.29933349
4    0.54867307  0.53906228  0.29933349  0.00000000

--------------------------------------------------------------------------------
n=4
(result of R-step: (0,3:2)0.02289202)
V=[0, 1, 3, 4]
total successes of this branch: 1
Matrix on 4 elements:

0    0.00000000  1.78551472  0.81632092  0.64662926
1    1.78551472  0.00000000  1.12467542  1.37333789
3    0.81632092  1.12467542  0.00000000  0.29905399
4    0.64662926  1.37333789  0.29905399  0.00000000

--------------------------------------------------------------------------------
n=4
(result of R-step: (0,3:4)0.33580510)
V=[0, 1, 2, 3]
total successes of this branch: 1
Matrix on 4 elements:

0    0.00000000  1.66984672  0.91401728  0.70202301
1    1.66984672  0.00000000  1.37185496  1.12604551
2    0.91401728  1.37185496  0.00000000  0.25210891
3    0.70202301  1.12604551  0.25210891  0.00000000

--------------------------------------------------------------------------------
n=4
(result of R-step: (1,3:2)0.25353418)
V=[0, 1, 3, 4]
total successes of this branch: 0
Matrix on 4 elements:

0    0.00000000  1.17084024  1.31663875  1.14557700
1    1.17084024  0.00000000  0.01242328  0.25971567
3    1.31663875  0.01242328  0.00000000  0.30042407
4    1.14557700  0.25971567  0.30042407  0.00000000
reason of abort: no pseudometric

--------------------------------------------------------------------------------
n=4
(result of R-step: (2,4:1)0.72620527)
V=[0, 2, 3, 4]
total successes of this branch: 0
Matrix on 4 elements:

0    0.00000000  1.27832199  1.33491338  0.92431660
2    1.27832199  0.00000000  0.02007250  0.06749084
3    1.33491338  0.02007250  0.00000000  0.09743830
4    0.92431660  0.06749084  0.09743830  0.00000000
reason of abort: no pseudometric

--------------------------------------------------------------------------------
n=4
(result of R-step: (3,4:1)0.66830279)
V=[0, 2, 3, 4]
total successes of this branch: 0
Matrix on 4 elements:

0    0.00000000  1.52863302  1.31526867  0.92248313
2    1.52863302  0.00000000  0.25073882  0.31596841
3    1.31526867  0.25073882  0.00000000  0.07596012
4    0.92248313  0.31596841  0.07596012  0.00000000
reason of abort: no pseudometric

--------------------------------------------------------------------------------
n=4
(result of R-step: (3,4:2)0.91917092)
V=[0, 1, 3, 4]
total successes of this branch: 0
Matrix on 4 elements:

0    0.00000000  2.28446246  1.31554816  0.91607933
1    2.28446246  0.00000000  1.12495492  1.14384022
3    1.31554816  1.12495492  0.00000000  0.06983582
4    0.91607933  1.14384022  0.06983582  0.00000000
reason of abort: no pseudometric
