n=6
V=[0, 1, 2, 3, 4, 5]
total successes of this branch: 3
Matrix on 6 elements:

0    0.00000000  1.47196585  1.02995467  1.42303197  1.34407668  0.98672353
1    1.47196585  0.00000000  0.95643887  0.46442493  0.81547036  0.90799367
2    1.02995467  0.95643887  0.00000000  0.90538068  0.71363348  0.12466926
3    1.42303197  0.46442493  0.90538068  0.00000000  0.71699163  0.85639217
4    1.34407668  0.81547036  0.71363348  0.71699163  0.00000000  0.65888128
5    0.98672353  0.90799367  0.12466926  0.85639217  0.65888128  0.00000000

--------------------------------------------------------------------------------
n=5
(result of R-step: (0,3:1)0.09436716)
V=[0, 2, 3, 4, 5]
total successes of this branch: 3
Matrix on 5 elements:

0    0.00000000  0.26740724  0.49991453  0.58152925  0.22417610
2    0.26740724  0.00000000  0.74481067  0.71363348  0.12466926
3    0.49991453  0.74481067  0.00000000  0.55642162  0.69582216
4    0.58152925  0.71363348  0.55642162  0.00000000  0.65888128
5    0.22417610  0.12466926  0.69582216  0.65888128  0.00000000

--------------------------------------------------------------------------------
n=4
(result of R-step: (0,4:3)0.50027427)
V=[0, 2, 4, 5]
total successes of this branch: 0
reason of abort: negative delta/dxy

--------------------------------------------------------------------------------
n=4
(result of R-step: (0,5:2)0.04861593)
V=[0, 3, 4, 5]
total successes of this branch: 0
reason of abort: negative delta/dxy

--------------------------------------------------------------------------------
n=4
(result of R-step: (2,3:0)0.68201226)
V=[2, 3, 4, 5]
total successes of this branch: 1
Matrix on 4 elements:

2    0.00000000  0.54575586  0.63102546  0.04206125
3    0.54575586  0.00000000  0.43997482  0.57937536
4    0.63102546  0.43997482  0.00000000  0.65888128
5    0.04206125  0.57937536  0.65888128  0.00000000

--------------------------------------------------------------------------------
n=4
(result of R-step: (2,3:4)0.35008753)
V=[0, 2, 3, 5]
total successes of this branch: 0
Matrix on 4 elements:

0    0.00000000  0.17234656  0.39785458  0.22417610
2    0.17234656  0.00000000  0.54769005  0.02960859
3    0.39785458  0.54769005  0.00000000  0.59376221
5    0.22417610  0.02960859  0.59376221  0.00000000
reason of abort: no pseudometric

--------------------------------------------------------------------------------
n=4
(result of R-step: (2,3:5)0.97043752)
V=[0, 2, 3, 4]
total successes of this branch: 0
Matrix on 4 elements:

0    0.00000000  0.18870282  0.10863189  0.58152925
2    0.18870282  0.00000000  0.27482361  0.63492906
3    0.10863189  0.27482361  0.00000000  0.16513898
4    0.58152925  0.63492906  0.16513898  0.00000000
reason of abort: no pseudometric

--------------------------------------------------------------------------------
n=4
(result of R-step: (2,4:0)0.52338435)
V=[2, 3, 4, 5]
total successes of this branch: 0
Matrix on 4 elements:

2    0.00000000  0.66610625  0.25398099  0.04596484
3    0.66610625  0.00000000  0.17547355  0.69582216
4    0.25398099  0.17547355  0.00000000  0.27793321
5    0.04596484  0.69582216  0.27793321  0.00000000
reason of abort: no pseudometric

--------------------------------------------------------------------------------
n=4
(result of R-step: (2,4:5)0.98854280)
V=[0, 2, 3, 4]
total successes of this branch: 1
Matrix on 4 elements:

0    0.00000000  0.18479922  0.49991453  0.57043837
2    0.18479922  0.00000000  0.66220266  0.61993458
3    0.49991453  0.66220266  0.00000000  0.54533074
4    0.57043837  0.61993458  0.54533074  0.00000000

--------------------------------------------------------------------------------
n=4
(result of R-step: (3,5:0)0.30458023)
V=[2, 3, 4, 5]
total successes of this branch: 0
Matrix on 4 elements:

2    0.00000000  0.64275072  0.71363348  0.08268939
3    0.64275072  0.00000000  0.45436167  0.55178234
4    0.71363348  0.45436167  0.00000000  0.61690140
5    0.08268939  0.55178234  0.61690140  0.00000000
reason of abort: no pseudometric

--------------------------------------------------------------------------------
n=4
(result of R-step: (3,5:4)0.67250019)
V=[0, 2, 3, 5]
total successes of this branch: 1
Matrix on 4 elements:

0    0.00000000  0.26740724  0.38346773  0.19513526
2    0.26740724  0.00000000  0.62836387  0.09562842
3    0.38346773  0.62836387  0.00000000  0.55033452
5    0.19513526  0.09562842  0.55033452  0.00000000

--------------------------------------------------------------------------------
n=4
(result of R-step: (4,5:0)0.46493958)
V=[2, 3, 4, 5]
total successes of this branch: 0
Matrix on 4 elements:

2    0.00000000  0.74481067  0.32639740  0.07894460
3    0.74481067  0.00000000  0.16918555  0.65009750
4    0.32639740  0.16918555  0.00000000  0.22592054
5    0.07894460  0.65009750  0.22592054  0.00000000
reason of abort: no pseudometric
