n=6
V=[0, 1, 2, 3, 4, 5]
total successes of this branch: 1
Matrix on 6 elements:

0    0.00000000  1.46591538  1.41665267  1.65148370  1.21208694  1.37973282
1    1.46591538  0.00000000  1.34402035  1.54835683  0.68996557  1.30222551
2    1.41665267  1.34402035  0.00000000  1.73997272  1.30180956  0.37613428
3    1.65148370  1.54835683  1.73997272  0.00000000  1.51715569  1.54295550
4    1.21208694  0.68996557  1.30180956  1.51715569  0.00000000  1.26177477
5    1.37973282  1.30222551  0.37613428  1.54295550  1.26177477  0.00000000

--------------------------------------------------------------------------------
n=5
(result of R-step: (0,1:4)0.36103666)
V=[0, 1, 2, 3, 5]
total successes of this branch: 1
Matrix on 5 elements:

0    0.00000000  0.81039704  0.94044830  1.17527933  0.90352844
1    0.81039704  0.00000000  1.16470638  1.36904287  1.12291154
2    0.94044830  1.16470638  0.00000000  1.73997272  0.37613428
3    1.17527933  1.36904287  1.73997272  0.00000000  1.54295550
5    0.90352844  1.12291154  0.37613428  1.54295550  0.00000000

--------------------------------------------------------------------------------
n=4
(result of R-step: (0,2:5)0.73780487)
V=[0, 1, 2, 3]
total successes of this branch: 0
reason of abort: negative delta/dxy

--------------------------------------------------------------------------------
n=4
(result of R-step: (0,3:1)0.96954989)
V=[0, 2, 3, 5]
total successes of this branch: 0
Matrix on 4 elements:

0    0.00000000  0.64407511  0.39223382  0.60715526
2    0.64407511  0.00000000  1.25330040  0.37613428
3    0.39223382  1.25330040  0.00000000  1.05628318
5    0.60715526  0.37613428  1.05628318  0.00000000
reason of abort: no pseudometric

--------------------------------------------------------------------------------
n=4
(result of R-step: (1,2:0)0.97707847)
V=[1, 2, 3, 5]
total successes of this branch: 0
Matrix on 4 elements:

1    0.00000000  0.55753448  0.86449485  0.61836352
2    0.55753448  0.00000000  1.63734884  0.27351040
3    0.86449485  1.63734884  0.00000000  1.54295550
5    0.61836352  0.27351040  1.54295550  0.00000000
reason of abort: no pseudometric

--------------------------------------------------------------------------------
n=4
(result of R-step: (1,2:5)0.66463922)
V=[0, 1, 2, 3]
total successes of this branch: 0
reason of abort: negative delta/dxy

--------------------------------------------------------------------------------
n=4
(result of R-step: (1,5:0)0.96831686)
V=[1, 2, 3, 5]
total successes of this branch: 0
Matrix on 4 elements:

1    0.00000000  0.66172365  0.86606014  0.37582571
2    0.66172365  0.00000000  1.73997272  0.13203118
3    0.86606014  1.73997272  0.00000000  1.29885241
5    0.37582571  0.13203118  1.29885241  0.00000000
reason of abort: no pseudometric

--------------------------------------------------------------------------------
n=4
(result of R-step: (2,3:0)0.08392988)
V=[1, 2, 3, 5]
total successes of this branch: 0
reason of abort: negative delta/dxy

--------------------------------------------------------------------------------
n=4
(result of R-step: (2,3:1)0.05918697)
V=[0, 2, 3, 5]
total successes of this branch: 0
reason of abort: negative delta/dxy

--------------------------------------------------------------------------------
n=4
(result of R-step: (2,3:5)0.84013590)
V=[0, 1, 2, 3]
total successes of this branch: 1
Matrix on 4 elements:

0    0.00000000  0.81039704  0.83782442  0.68860701
1    0.81039704  0.00000000  1.06208250  0.88237055
2    0.83782442  1.06208250  0.00000000  1.15067652
3    0.68860701  0.88237055  1.15067652  0.00000000

--------------------------------------------------------------------------------
n=4
(result of R-step: (3,5:0)0.78448863)
V=[1, 2, 3, 5]
total successes of this branch: 0
Matrix on 4 elements:

1    0.00000000  1.16470638  0.50965718  0.66191702
2    1.16470638  0.00000000  0.88058703 -0.08486025
3    0.50965718  0.88058703  0.00000000  0.22257529
5    0.66191702 -0.08486025  0.22257529  0.00000000
reason of abort: no pseudometric

--------------------------------------------------------------------------------
n=4
(result of R-step: (3,5:1)0.80735606)
V=[0, 2, 3, 5]
total successes of this branch: 0
Matrix on 4 elements:

0    0.00000000  0.94044830  0.31795439  0.41109615
2    0.94044830  0.00000000  0.88264778 -0.11629801
3    0.31795439  0.88264778  0.00000000  0.19319828
5    0.41109615 -0.11629801  0.19319828  0.00000000
reason of abort: no pseudometric
