n=6
V=[0, 1, 2, 3, 4, 5]
total successes of this branch: 3
Matrix on 6 elements:

0    0.00000000  1.85948684  2.04588775  1.75364579  1.87538366  2.04341409
1    1.85948684  0.00000000  1.19364624  1.22143293  0.69771495  0.64575380
2    2.04588775  1.19364624  0.00000000  1.19794003  1.23063108  1.38198821
3    1.75364579  1.22143293  1.19794003  0.00000000  1.18203730  1.39378485
4    1.87538366  0.69771495  1.23063108  1.18203730  0.00000000  0.83992238
5    2.04341409  0.64575380  1.38198821  1.39378485  0.83992238  0.00000000

--------------------------------------------------------------------------------
n=5
(result of R-step: (1,4:5)0.79065259)
V=[0, 1, 2, 3, 4]
total successes of this branch: 3
Matrix on 5 elements:

0    0.00000000  1.65769803  2.04588775  1.75364579  1.61822034
1    1.65769803  0.00000000  0.99185743  1.01964412  0.23876282
2    2.04588775  0.99185743  0.00000000  1.19794003  0.97346776
3    1.75364579  1.01964412  1.19794003  0.00000000  0.92487398
4    1.61822034  0.23876282  0.97346776  0.92487398  0.00000000

--------------------------------------------------------------------------------
n=4
(result of R-step: (0,1:2)0.86204042)
V=[0, 1, 3, 4]
total successes of this branch: 0
Matrix on 4 elements:

0    0.00000000  0.27741375  0.43605350  0.30062805
1    0.27741375  0.00000000  0.95695213  0.17607083
3    0.43605350  0.95695213  0.00000000  0.92487398
4    0.30062805  0.17607083  0.92487398  0.00000000
reason of abort: no pseudometric

--------------------------------------------------------------------------------
n=4
(result of R-step: (0,1:4)0.23866761)
V=[0, 1, 2, 3]
total successes of this branch: 0
Matrix on 4 elements:

0    0.00000000  0.27175022  0.73420222  0.44196026
1    0.27175022  0.00000000  0.91759515  0.94538184
2    0.73420222  0.91759515  0.00000000  1.19794003
3    0.44196026  0.94538184  1.19794003  0.00000000
reason of abort: no pseudometric

--------------------------------------------------------------------------------
n=4
(result of R-step: (0,4:2)0.81338246)
V=[0, 1, 3, 4]
total successes of this branch: 0
Matrix on 4 elements:

0    0.00000000  0.33916588  0.43511363  0.14354498
1    0.33916588  0.00000000  1.01964412  0.08261961
3    0.43511363  1.01964412  0.00000000  0.76873077
4    0.14354498  0.08261961  0.76873077  0.00000000
reason of abort: no pseudometric

--------------------------------------------------------------------------------
n=4
(result of R-step: (1,2:4)0.73656941)
V=[0, 1, 2, 3]
total successes of this branch: 0
Matrix on 4 elements:

0    0.00000000  1.57677153  1.31583841  1.75364579
1    1.57677153  0.00000000  0.18088159  0.93871762
2    1.31583841  0.18088159  0.00000000  0.46789069
3    1.75364579  0.93871762  0.46789069  0.00000000
reason of abort: no pseudometric

--------------------------------------------------------------------------------
n=4
(result of R-step: (1,3:0)0.32206700)
V=[1, 2, 3, 4]
total successes of this branch: 1
Matrix on 4 elements:

1    0.00000000  0.91093093  0.56188692  0.15783632
2    0.91093093  0.00000000  0.82110932  0.97346776
3    0.56188692  0.82110932  0.00000000  0.54804327
4    0.15783632  0.97346776  0.54804327  0.00000000

--------------------------------------------------------------------------------
n=4
(result of R-step: (1,3:2)0.41284868)
V=[0, 1, 3, 4]
total successes of this branch: 1
Matrix on 4 elements:

0    0.00000000  1.58343575  1.37458896  1.61822034
1    1.58343575  0.00000000  0.56632501  0.16450054
3    1.37458896  0.56632501  0.00000000  0.54581715
4    1.61822034  0.16450054  0.54581715  0.00000000

--------------------------------------------------------------------------------
n=4
(result of R-step: (1,3:4)0.80852542)
V=[0, 1, 2, 3]
total successes of this branch: 1
Matrix on 4 elements:

0    0.00000000  1.59500604  2.04588775  1.34023573
1    1.59500604  0.00000000  0.92916544  0.54354207
2    2.04588775  0.92916544  0.00000000  0.78452997
3    1.34023573  0.54354207  0.78452997  0.00000000

--------------------------------------------------------------------------------
n=4
(result of R-step: (2,3:0)0.72390820)
V=[1, 2, 3, 4]
total successes of this branch: 0
Matrix on 4 elements:

1    0.00000000  0.26180809  0.60623406  0.23876282
2    0.26180809  0.00000000  0.05448063  0.24341842
3    0.60623406  0.05448063  0.00000000  0.51146392
4    0.23876282  0.24341842  0.51146392  0.00000000
reason of abort: no pseudometric

--------------------------------------------------------------------------------
n=4
(result of R-step: (3,4:0)0.62277066)
V=[1, 2, 3, 4]
total successes of this branch: 0
Matrix on 4 elements:

1    0.00000000  0.99185743  0.64058729  0.09347890
2    0.99185743  0.00000000  0.81888320  0.82818384
3    0.64058729  0.81888320  0.00000000  0.40053323
4    0.09347890  0.82818384  0.40053323  0.00000000
reason of abort: no pseudometric

--------------------------------------------------------------------------------
n=4
(result of R-step: (3,4:2)0.50418197)
V=[0, 1, 3, 4]
total successes of this branch: 0
Matrix on 4 elements:

0    0.00000000  1.65769803  1.37681508  1.46919930
1    1.65769803  0.00000000  0.64281342  0.08974178
3    1.37681508  0.64281342  0.00000000  0.39902223
4    1.46919930  0.08974178  0.39902223  0.00000000
reason of abort: no pseudometric
