n=6
V=[0, 1, 2, 3, 4, 5]
total successes of this branch: 3
Matrix on 6 elements:

0    0.00000000  1.35131067  0.91882737  1.10993332  0.78237444  1.29191788
1    1.35131067  0.00000000  0.76592356  0.95170990  1.04220956  0.53665477
2    0.91882737  0.76592356  0.00000000  0.33174915  0.42679882  0.77320165
3    1.10993332  0.95170990  0.33174915  0.00000000  0.66586713  0.97444568
4    0.78237444  1.04220956  0.42679882  0.66586713  0.00000000  0.85838513
5    1.29191788  0.53665477  0.77320165  0.97444568  0.85838513  0.00000000

--------------------------------------------------------------------------------
n=5
(result of R-step: (0,3:2)0.18821336)
V=[0, 1, 3, 4, 5]
total successes of this branch: 0
Matrix on 5 elements:

0    0.00000000  0.61067549  0.13288047  0.04173926  0.55128270
1    0.61067549  0.00000000  0.71529222  1.04220956  0.53665477
3    0.13288047  0.71529222  0.00000000  0.42944945  0.73802801
4    0.04173926  1.04220956  0.42944945  0.00000000  0.85838513
5    0.55128270  0.53665477  0.73802801  0.85838513  0.00000000
reason of abort: no pseudometric

--------------------------------------------------------------------------------
n=5
(result of R-step: (1,4:5)0.70988883)
V=[0, 1, 2, 3, 4]
total successes of this branch: 3
Matrix on 5 elements:

0    0.00000000  1.26070763  0.91882737  1.10993332  0.76019287
1    1.26070763  0.00000000  0.67532052  0.86110686  0.92942495
2    0.91882737  0.67532052  0.00000000  0.33174915  0.40461725
3    1.10993332  0.86110686  0.33174915  0.00000000  0.64368556
4    0.76019287  0.92942495  0.40461725  0.64368556  0.00000000

--------------------------------------------------------------------------------
n=4
(result of R-step: (0,2:1)0.01076647)
V=[0, 2, 3, 4]
total successes of this branch: 0
reason of abort: negative delta/dxy

--------------------------------------------------------------------------------
n=4
(result of R-step: (0,2:4)0.29996294)
V=[0, 1, 2, 3]
total successes of this branch: 1
Matrix on 4 elements:

0    0.00000000  1.19658359  0.81863874  1.04580928
1    1.19658359  0.00000000  0.63925593  0.86110686
2    0.81863874  0.63925593  0.00000000  0.29568457
3    1.04580928  0.86110686  0.29568457  0.00000000

--------------------------------------------------------------------------------
n=4
(result of R-step: (0,3:1)0.12289747)
V=[0, 2, 3, 4]
total successes of this branch: 1
Matrix on 4 elements:

0    0.00000000  0.85470333  0.78741422  0.69606883
2    0.85470333  0.00000000  0.07335409  0.40461725
3    0.78741422  0.07335409  0.00000000  0.38529050
4    0.69606883  0.40461725  0.38529050  0.00000000

--------------------------------------------------------------------------------
n=4
(result of R-step: (0,3:2)0.18821336)
V=[0, 1, 3, 4]
total successes of this branch: 0
Matrix on 4 elements:

0    0.00000000  0.52007245  0.13288047  0.01955769
1    0.52007245  0.00000000  0.62468918  0.92942495
3    0.13288047  0.62468918  0.00000000  0.40726788
4    0.01955769  0.92942495  0.40726788  0.00000000
reason of abort: no pseudometric

--------------------------------------------------------------------------------
n=4
(result of R-step: (0,3:4)0.02426959)
V=[0, 1, 2, 3]
total successes of this branch: 0
reason of abort: negative delta/dxy

--------------------------------------------------------------------------------
n=4
(result of R-step: (1,2:3)0.26219335)
V=[0, 1, 2, 4]
total successes of this branch: 1
Matrix on 4 elements:

0    0.00000000  0.76225169  0.88276278  0.76019287
1    0.76225169  0.00000000  0.14079999  0.43096901
2    0.88276278  0.14079999  0.00000000  0.36855266
4    0.76019287  0.43096901  0.36855266  0.00000000

--------------------------------------------------------------------------------
n=4
(result of R-step: (1,4:0)0.90016112)
V=[1, 2, 3, 4]
total successes of this branch: 0
reason of abort: negative delta/dxy

--------------------------------------------------------------------------------
n=4
(result of R-step: (2,4:1)0.60159576)
V=[0, 2, 3, 4]
total successes of this branch: 0
reason of abort: negative delta/dxy

--------------------------------------------------------------------------------
n=4
(result of R-step: (3,4:1)0.54379282)
V=[0, 2, 3, 4]
total successes of this branch: 0
Matrix on 4 elements:

0    0.00000000  0.91882737  0.87351565  0.46529950
2    0.91882737  0.00000000  0.09533148  0.10972387
3    0.87351565  0.09533148  0.00000000  0.11237451
4    0.46529950  0.10972387  0.11237451  0.00000000
reason of abort: no pseudometric

--------------------------------------------------------------------------------
n=4
(result of R-step: (3,4:2)0.98727544)
V=[0, 1, 3, 4]
total successes of this branch: 0
reason of abort: negative delta/dxy
