n=6
V=[0, 1, 2, 3, 4, 5]
total successes of this branch: 3
Matrix on 6 elements:

0    0.00000000  1.18511925  0.97501441  0.96547453  0.67364881  0.63550456
1    1.18511925  0.00000000  1.26692021  0.99868730  1.09357637  0.89082116
2    0.97501441  1.26692021  0.00000000  1.01767325  1.17709436  0.47264098
3    0.96547453  0.99868730  1.01767325  0.00000000  1.05342706  0.58983495
4    0.67364881  1.09357637  1.17709436  1.05342706  0.00000000  0.82144249
5    0.63550456  0.89082116  0.47264098  0.58983495  0.82144249  0.00000000

--------------------------------------------------------------------------------
n=5
(result of R-step: (0,1:4)0.55883071)
V=[0, 1, 2, 3, 5]
total successes of this branch: 3
Matrix on 5 elements:

0    0.00000000  0.71003407  0.90566379  0.89612390  0.56615394
1    0.71003407  0.00000000  0.86118565  0.59295275  0.48508660
2    0.90566379  0.86118565  0.00000000  1.01767325  0.47264098
3    0.89612390  0.59295275  1.01767325  0.00000000  0.58983495
5    0.56615394  0.48508660  0.47264098  0.58983495  0.00000000

--------------------------------------------------------------------------------
n=4
(result of R-step: (0,3:1)0.58575978)
V=[0, 2, 3, 5]
total successes of this branch: 1
Matrix on 4 elements:

0    0.00000000  0.53887480  0.33751823  0.19936496
2    0.53887480  0.00000000  0.82585657  0.47264098
3    0.33751823  0.82585657  0.00000000  0.39801827
5    0.19936496  0.47264098  0.39801827  0.00000000

--------------------------------------------------------------------------------
n=4
(result of R-step: (0,5:2)0.63607461)
V=[0, 1, 3, 5]
total successes of this branch: 0
reason of abort: negative delta/dxy

--------------------------------------------------------------------------------
n=4
(result of R-step: (1,2:0)0.49194641)
V=[1, 2, 3, 5]
total successes of this branch: 1
Matrix on 4 elements:

1    0.00000000  0.28467910  0.40480702  0.29694088
2    0.28467910  0.00000000  0.62931243  0.08428016
3    0.40480702  0.62931243  0.00000000  0.58983495
5    0.29694088  0.08428016  0.58983495  0.00000000

--------------------------------------------------------------------------------
n=4
(result of R-step: (1,2:3)0.60907677)
V=[0, 1, 2, 5]
total successes of this branch: 0
Matrix on 4 elements:

0    0.00000000  0.58962097  0.41511805  0.56615394
1    0.58962097  0.00000000  0.25022682  0.36467351
2    0.41511805  0.25022682  0.00000000 -0.01790475
5    0.56615394  0.36467351 -0.01790475  0.00000000
reason of abort: no pseudometric

--------------------------------------------------------------------------------
n=4
(result of R-step: (1,2:5)0.38556090)
V=[0, 1, 2, 3]
total successes of this branch: 0
Matrix on 4 elements:

0    0.00000000  0.42470541  0.57635194  0.89612390
1    0.42470541  0.00000000  0.24654515  0.30762409
2    0.57635194  0.24654515  0.00000000  0.68836141
3    0.89612390  0.30762409  0.68836141  0.00000000
reason of abort: no pseudometric

--------------------------------------------------------------------------------
n=4
(result of R-step: (1,5:0)0.32881428)
V=[1, 2, 3, 5]
total successes of this branch: 0
Matrix on 4 elements:

1    0.00000000  0.74077255  0.47253965  0.28914541
2    0.74077255  0.00000000  1.01767325  0.39711288
3    0.47253965  1.01767325  0.00000000  0.51430685
5    0.28914541  0.39711288  0.51430685  0.00000000
reason of abort: no pseudometric

--------------------------------------------------------------------------------
n=4
(result of R-step: (1,5:3)0.87900890)
V=[0, 1, 2, 5]
total successes of this branch: 0
reason of abort: negative delta/dxy

--------------------------------------------------------------------------------
n=4
(result of R-step: (2,3:0)0.36521152)
V=[1, 2, 3, 5]
total successes of this branch: 0
Matrix on 4 elements:

1    0.00000000  0.53187381  0.19491596  0.48508660
2    0.53187381  0.00000000  0.29032462  0.14332914
3    0.19491596  0.29032462  0.00000000  0.19179817
5    0.48508660  0.14332914  0.19179817  0.00000000
reason of abort: no pseudometric

--------------------------------------------------------------------------------
n=4
(result of R-step: (2,3:5)0.85856133)
V=[0, 1, 2, 3]
total successes of this branch: 1
Matrix on 4 elements:

0    0.00000000  0.71003407  0.51730296  0.70430722
1    0.71003407  0.00000000  0.47282483  0.40113606
2    0.51730296  0.47282483  0.00000000  0.43749574
3    0.70430722  0.40113606  0.43749574  0.00000000

--------------------------------------------------------------------------------
n=4
(result of R-step: (3,5:0)0.47596401)
V=[1, 2, 3, 5]
total successes of this branch: 0
Matrix on 4 elements:

1    0.00000000  0.86118565  0.15865300  0.37840818
2    0.86118565  0.00000000  0.58337351  0.36596256
3    0.15865300  0.58337351  0.00000000  0.04885678
5    0.37840818  0.36596256  0.04885678  0.00000000
reason of abort: no pseudometric
