n=6
V=[0, 1, 2, 3, 4, 5]
total successes of this branch: 2
Matrix on 6 elements:

0    0.00000000  2.57614921  2.22518171  1.92894156  2.49208377  2.53870179
1    2.57614921  0.00000000  1.26188386  1.14719946  1.04381016  0.28048016
2    2.22518171  1.26188386  0.00000000  0.71787898  1.23012614  1.24260931
3    1.92894156  1.14719946  0.71787898  0.00000000  1.00572459  1.06443461
4    2.49208377  1.04381016  1.23012614  1.00572459  0.00000000  1.11362241
5    2.53870179  0.28048016  1.24260931  1.06443461  1.11362241  0.00000000

--------------------------------------------------------------------------------
n=5
(result of R-step: (0,4:2)0.83057128)
V=[0, 1, 3, 4, 5]
total successes of this branch: 0
Matrix on 5 elements:

0    0.00000000  0.85589092  0.20868328  0.13758816  0.81844351
1    0.85589092  0.00000000  1.14719946  0.40957284  0.28048016
3    0.20868328  1.14719946  0.00000000  0.37148727  1.06443461
4    0.13758816  0.40957284  0.37148727  0.00000000  0.47938509
5    0.81844351  0.28048016  1.06443461  0.47938509  0.00000000
reason of abort: no pseudometric

--------------------------------------------------------------------------------
n=5
(result of R-step: (1,3:5)0.82391105)
V=[0, 1, 2, 3, 4]
total successes of this branch: 2
Matrix on 5 elements:

0    0.00000000  2.57496442  2.22518171  1.80762331  2.49208377
1    2.57496442  0.00000000  1.26069907  1.02469642  1.04262537
2    2.22518171  1.26069907  0.00000000  0.59656074  1.23012614
3    1.80762331  1.02469642  0.59656074  0.00000000  0.88440635
4    2.49208377  1.04262537  1.23012614  0.88440635  0.00000000

--------------------------------------------------------------------------------
n=4
(result of R-step: (0,1:2)0.92364193)
V=[0, 1, 3, 4]
total successes of this branch: 0
Matrix on 4 elements:

0    0.00000000  0.63336648  0.08626243  0.77072288
1    0.63336648  0.00000000  0.80445937  0.82238832
3    0.08626243  0.80445937  0.00000000  0.88440635
4    0.77072288  0.82238832  0.88440635  0.00000000
reason of abort: no pseudometric

--------------------------------------------------------------------------------
n=4
(result of R-step: (0,1:4)0.60431654)
V=[0, 1, 2, 3]
total successes of this branch: 0
Matrix on 4 elements:

0    0.00000000  0.72220934  0.49873659  0.08117819
1    0.72220934  0.00000000  1.13438911  0.89838646
2    0.49873659  1.13438911  0.00000000  0.59656074
3    0.08117819  0.89838646  0.59656074  0.00000000
reason of abort: no pseudometric

--------------------------------------------------------------------------------
n=4
(result of R-step: (0,4:2)0.83057128)
V=[0, 1, 3, 4]
total successes of this branch: 0
Matrix on 4 elements:

0    0.00000000  0.85470614  0.08736503  0.13758816
1    0.85470614  0.00000000  1.02469642  0.40838805
3    0.08736503  1.02469642  0.00000000  0.25016902
4    0.13758816  0.40838805  0.25016902  0.00000000
reason of abort: no pseudometric

--------------------------------------------------------------------------------
n=4
(result of R-step: (1,2:4)0.26729740)
V=[0, 1, 2, 3]
total successes of this branch: 0
reason of abort: negative delta/dxy

--------------------------------------------------------------------------------
n=4
(result of R-step: (1,3:0)0.04139701)
V=[1, 2, 3, 4]
total successes of this branch: 0
reason of abort: negative delta/dxy

--------------------------------------------------------------------------------
n=4
(result of R-step: (1,3:2)0.11793794)
V=[0, 1, 3, 4]
total successes of this branch: 1
Matrix on 4 elements:

0    0.00000000  2.44865446  1.72336032  2.49208377
1    2.44865446  0.00000000  0.81412346  0.91631541
3    1.72336032  0.81412346  0.00000000  0.80014335
4    2.49208377  0.91631541  0.80014335  0.00000000

--------------------------------------------------------------------------------
n=4
(result of R-step: (1,3:4)0.49315592)
V=[0, 1, 2, 3]
total successes of this branch: 1
Matrix on 4 elements:

0    0.00000000  2.35472737  2.22518171  1.73557986
1    2.35472737  0.00000000  1.04046202  0.73241592
2    2.22518171  1.04046202  0.00000000  0.52451729
3    1.73557986  0.73241592  0.52451729  0.00000000

--------------------------------------------------------------------------------
n=4
(result of R-step: (2,3:0)0.52324937)
V=[1, 2, 3, 4]
total successes of this branch: 0
Matrix on 4 elements:

1    0.00000000  0.76954584  0.95265297  1.04262537
2    0.76954584  0.00000000  0.03336406  0.73897290
3    0.95265297  0.03336406  0.00000000  0.81236290
4    1.04262537  0.73897290  0.81236290  0.00000000
reason of abort: no pseudometric

--------------------------------------------------------------------------------
n=4
(result of R-step: (3,4:0)0.87272851)
V=[1, 2, 3, 4]
total successes of this branch: 0
Matrix on 4 elements:

1    0.00000000  1.26069907  0.94043342  0.36591851
2    1.26069907  0.00000000  0.51229774  0.55341927
3    0.94043342  0.51229774  0.00000000  0.12343649
4    0.36591851  0.55341927  0.12343649  0.00000000
reason of abort: no pseudometric

--------------------------------------------------------------------------------
n=4
(result of R-step: (3,4:2)0.72761116)
V=[0, 1, 3, 4]
total successes of this branch: 0
Matrix on 4 elements:

0    0.00000000  2.57496442  1.72204236  1.83951811
1    2.57496442  0.00000000  0.93911547  0.39005972
3    1.72204236  0.93911547  0.00000000  0.14625974
4    1.83951811  0.39005972  0.14625974  0.00000000
reason of abort: no pseudometric
