n=6
V=[0, 1, 2, 3, 4, 5]
total successes of this branch: 2
Matrix on 6 elements:

0    0.00000000  1.88973267  2.18186703  1.34925752  0.77850048  1.61056588
1    1.88973267  0.00000000  2.49978165  1.94723672  1.46330493  1.49384881
2    2.18186703  2.49978165  0.00000000  2.34731656  1.90100310  1.02669160
3    1.34925752  1.94723672  2.34731656  0.00000000  1.09497825  1.74902991
4    0.77850048  1.46330493  1.90100310  1.09497825  0.00000000  1.29331216
5    1.61056588  1.49384881  1.02669160  1.74902991  1.29331216  0.00000000

--------------------------------------------------------------------------------
n=5
(result of R-step: (0,4:3)0.25843188)
V=[0, 1, 2, 4, 5]
total successes of this branch: 0
reason of abort: negative delta/dxy

--------------------------------------------------------------------------------
n=5
(result of R-step: (1,2:5)0.24999203)
V=[0, 1, 2, 3, 4]
total successes of this branch: 2
Matrix on 5 elements:

0    0.00000000  1.65520014  1.58184940  1.34925752  0.77850048
1    1.65520014  0.00000000  1.66523150  1.71270420  1.22877240
2    1.58184940  1.66523150  0.00000000  1.74729893  1.30098547
3    1.34925752  1.71270420  1.74729893  0.00000000  1.09497825
4    0.77850048  1.22877240  1.30098547  1.09497825  0.00000000

--------------------------------------------------------------------------------
n=4
(result of R-step: (0,1:3)0.58835535)
V=[0, 1, 2, 4]
total successes of this branch: 1
Matrix on 4 elements:

0    0.00000000  0.46085614  1.12568163  0.32233271
1    0.46085614  0.00000000  0.92705526  0.49059617
2    1.12568163  0.92705526  0.00000000  1.30098547
4    0.32233271  0.49059617  1.30098547  0.00000000

--------------------------------------------------------------------------------
n=4
(result of R-step: (0,1:4)0.90507670)
V=[0, 1, 2, 3]
total successes of this branch: 1
Matrix on 4 elements:

0    0.00000000  1.04984391  1.07903994  0.84644806
1    1.04984391  0.00000000  1.56268473  1.61015742
2    1.07903994  1.56268473  0.00000000  1.74729893
3    0.84644806  1.61015742  1.74729893  0.00000000

--------------------------------------------------------------------------------
n=4
(result of R-step: (0,2:1)0.30229226)
V=[0, 2, 3, 4]
total successes of this branch: 0
Matrix on 4 elements:

0    0.00000000  0.02215846  0.57880863  0.00805159
2    0.02215846  0.00000000  0.95805689  0.51174343
3    0.57880863  0.95805689  0.00000000  1.09497825
4    0.00805159  0.51174343  1.09497825  0.00000000
reason of abort: no pseudometric

--------------------------------------------------------------------------------
n=4
(result of R-step: (0,2:3)0.49463972)
V=[0, 1, 2, 4]
total successes of this branch: 0
Matrix on 4 elements:

0    0.00000000  1.15239069  0.17629904  0.27569102
1    1.15239069  0.00000000  0.76249060  1.22877240
2    0.17629904  0.76249060  0.00000000  0.39824457
4    0.27569102  1.22877240  0.39824457  0.00000000
reason of abort: no pseudometric

--------------------------------------------------------------------------------
n=4
(result of R-step: (0,2:4)0.55632988)
V=[0, 1, 2, 3]
total successes of this branch: 0
Matrix on 4 elements:

0    0.00000000  1.19903237  0.16569616  0.89308975
1    1.19903237  0.00000000  0.70524602  1.71270420
2    0.16569616  0.70524602  0.00000000  0.78731346
3    0.89308975  1.71270420  0.78731346  0.00000000
reason of abort: no pseudometric

--------------------------------------------------------------------------------
n=4
(result of R-step: (0,4:3)0.25843188)
V=[0, 1, 2, 4]
total successes of this branch: 0
reason of abort: negative delta/dxy

--------------------------------------------------------------------------------
n=4
(result of R-step: (1,3:2)0.15442865)
V=[0, 1, 3, 4]
total successes of this branch: 0
Matrix on 4 elements:

0    0.00000000  1.55265337  0.58204683  0.77850048
1    1.55265337  0.00000000  0.84294673  1.12622563
3    0.58204683  0.84294673  0.00000000  0.32776755
4    0.77850048  1.12622563  0.32776755  0.00000000
reason of abort: no pseudometric

--------------------------------------------------------------------------------
n=4
(result of R-step: (1,4:2)0.58317977)
V=[0, 1, 3, 4]
total successes of this branch: 0
Matrix on 4 elements:

0    0.00000000  0.91702391  1.34925752  0.42785189
1    0.91702391  0.00000000  0.97452796  0.13994758
3    1.34925752  0.97452796  0.00000000  0.74432966
4    0.42785189  0.13994758  0.74432966  0.00000000
reason of abort: no pseudometric

--------------------------------------------------------------------------------
n=4
(result of R-step: (1,4:3)0.24283870)
V=[0, 1, 2, 4]
total successes of this branch: 0
Matrix on 4 elements:

0    0.00000000  0.78123555  1.58184940  0.48878393
1    0.78123555  0.00000000  0.79126690  0.06509125
2    1.58184940  0.79126690  0.00000000  1.01126892
4    0.48878393  0.06509125  1.01126892  0.00000000
reason of abort: no pseudometric

--------------------------------------------------------------------------------
n=4
(result of R-step: (2,4:3)0.23665210)
V=[0, 1, 2, 4]
total successes of this branch: 0
Matrix on 4 elements:

0    0.00000000  1.65520014  0.79260735  0.51226901
1    1.65520014  0.00000000  0.87598945  0.96254093
2    0.79260735  0.87598945  0.00000000  0.24551195
4    0.51226901  0.96254093  0.24551195  0.00000000
reason of abort: no pseudometric
