n=6
V=[0, 1, 2, 3, 4, 5]
total successes of this branch: 3
Matrix on 6 elements:

0    0.00000000  1.80840279  2.09956790  1.82350979  1.00273511  1.53514010
1    1.80840279  0.00000000  1.35765513  1.68824791  1.36900207  0.41995698
2    2.09956790  1.35765513  0.00000000  1.43021454  1.52572573  1.21280536
3    1.82350979  1.68824791  1.43021454  0.00000000  1.13087780  1.50417359
4    1.00273511  1.36900207  1.52572573  1.13087780  0.00000000  1.15250013
5    1.53514010  0.41995698  1.21280536  1.50417359  1.15250013  0.00000000

--------------------------------------------------------------------------------
n=5
(result of R-step: (0,1:5)0.06465753)
V=[0, 1, 2, 3, 4]
total successes of this branch: 3
Matrix on 5 elements:

0    0.00000000  1.26120519  1.81743373  1.54137561  0.72060094
1    1.26120519  0.00000000  1.09259171  1.42318449  1.10393865
2    1.81743373  1.09259171  0.00000000  1.43021454  1.52572573
3    1.54137561  1.42318449  1.43021454  0.00000000  1.13087780
4    0.72060094  1.10393865  1.52572573  1.13087780  0.00000000

--------------------------------------------------------------------------------
n=4
(result of R-step: (0,1:3)0.28035495)
V=[0, 1, 2, 4]
total successes of this branch: 0
reason of abort: negative delta/dxy

--------------------------------------------------------------------------------
n=4
(result of R-step: (0,2:1)0.45265026)
V=[0, 2, 3, 4]
total successes of this branch: 1
Matrix on 4 elements:

0    0.00000000  1.16081888  1.18372593  0.36295125
2    1.16081888  0.00000000  1.13124938  1.22676057
3    1.18372593  1.13124938  0.00000000  1.13087780
4    0.36295125  1.22676057  1.13087780  0.00000000

--------------------------------------------------------------------------------
n=4
(result of R-step: (0,2:3)0.74500585)
V=[0, 1, 2, 4]
total successes of this branch: 0
reason of abort: negative delta/dxy

--------------------------------------------------------------------------------
n=4
(result of R-step: (0,3:4)0.75520425)
V=[0, 1, 2, 3]
total successes of this branch: 1
Matrix on 4 elements:

0    0.00000000  0.90355551  1.45978404  0.84927817
1    0.90355551  0.00000000  1.09259171  1.08873674
2    1.45978404  1.09259171  0.00000000  1.09576679
3    0.84927817  1.08873674  1.09576679  0.00000000

--------------------------------------------------------------------------------
n=4
(result of R-step: (1,3:2)0.46909614)
V=[0, 1, 3, 4]
total successes of this branch: 0
reason of abort: negative delta/dxy

--------------------------------------------------------------------------------
n=4
(result of R-step: (1,4:0)0.16374848)
V=[1, 2, 3, 4]
total successes of this branch: 0
reason of abort: negative delta/dxy

--------------------------------------------------------------------------------
n=4
(result of R-step: (1,4:3)0.94099810)
V=[0, 1, 2, 4]
total successes of this branch: 0
reason of abort: negative delta/dxy

--------------------------------------------------------------------------------
n=4
(result of R-step: (2,4:0)0.81507747)
V=[1, 2, 3, 4]
total successes of this branch: 0
reason of abort: negative delta/dxy

--------------------------------------------------------------------------------
n=4
(result of R-step: (2,4:1)0.31134645)
V=[0, 2, 3, 4]
total successes of this branch: 0
reason of abort: negative delta/dxy

--------------------------------------------------------------------------------
n=4
(result of R-step: (2,4:3)0.45256994)
V=[0, 1, 2, 4]
total successes of this branch: 1
Matrix on 4 elements:

0    0.00000000  1.26120519  1.51846857  0.61465217
1    1.26120519  0.00000000  0.79362655  0.99798989
2    1.51846857  0.79362655  0.00000000  1.12081180
4    0.61465217  0.99798989  1.12081180  0.00000000
