n=6
V=[0, 1, 2, 3, 4, 5]
total successes of this branch: 3
Matrix on 6 elements:

0    0.00000000  2.03020732  1.25057825  1.91874241  1.47087127  1.72889291
1    2.03020732  0.00000000  1.79245754  2.15591747  1.38984245  1.97314160
2    1.25057825  1.79245754  0.00000000  1.59988121  1.19164406  1.39499844
3    1.91874241  2.15591747  1.59988121  0.00000000  0.82478908  0.31264363
4    1.47087127  1.38984245  1.19164406  0.82478908  0.00000000  0.65896730
5    1.72889291  1.97314160  1.39499844  0.31264363  0.65896730  0.00000000

--------------------------------------------------------------------------------
n=5
(result of R-step: (0,4:1)0.70560523)
V=[0, 2, 3, 4, 5]
total successes of this branch: 0
reason of abort: negative delta/dxy

--------------------------------------------------------------------------------
n=5
(result of R-step: (2,3:5)0.02321476)
V=[0, 1, 2, 3, 4]
total successes of this branch: 3
Matrix on 5 elements:

0    0.00000000  2.03020732  1.10850669  1.68847633  1.47087127
1    2.03020732  0.00000000  1.65038597  1.92565139  1.38984245
2    1.10850669  1.65038597  0.00000000  1.22754357  1.04957249
3    1.68847633  1.92565139  1.22754357  0.00000000  0.59452301
4    1.47087127  1.38984245  1.04957249  0.59452301  0.00000000

--------------------------------------------------------------------------------
n=4
(result of R-step: (0,3:1)0.37420394)
V=[0, 2, 3, 4]
total successes of this branch: 0
Matrix on 4 elements:

0    0.00000000  0.43216559  0.35183192  0.79453017
2    0.43216559  0.00000000  0.56724025  1.04957249
3    0.35183192  0.56724025  0.00000000 -0.06578031
4    0.79453017  1.04957249 -0.06578031  0.00000000
reason of abort: no pseudometric

--------------------------------------------------------------------------------
n=4
(result of R-step: (0,3:2)0.94625830)
V=[0, 1, 3, 4]
total successes of this branch: 1
Matrix on 4 elements:

0    0.00000000  1.29469597  0.91564610  0.73535993
1    1.29469597  0.00000000  1.88833251  1.38984245
3    0.91564610  1.88833251  0.00000000  0.55720412
4    0.73535993  1.38984245  0.55720412  0.00000000

--------------------------------------------------------------------------------
n=4
(result of R-step: (0,4:1)0.70560523)
V=[0, 2, 3, 4]
total successes of this branch: 0
reason of abort: negative delta/dxy

--------------------------------------------------------------------------------
n=4
(result of R-step: (0,4:2)0.82117839)
V=[0, 1, 3, 4]
total successes of this branch: 0
Matrix on 4 elements:

0    0.00000000  1.35386622  1.01213523  0.49525130
1    1.35386622  0.00000000  1.92565139  1.09056358
3    1.01213523  1.92565139  0.00000000  0.29524414
4    0.49525130  1.09056358  0.29524414  0.00000000
reason of abort: no pseudometric

--------------------------------------------------------------------------------
n=4
(result of R-step: (0,4:3)0.61544374)
V=[0, 1, 2, 4]
total successes of this branch: 0
reason of abort: negative delta/dxy

--------------------------------------------------------------------------------
n=4
(result of R-step: (1,2:0)0.11075961)
V=[1, 2, 3, 4]
total successes of this branch: 1
Matrix on 4 elements:

1    0.00000000  0.53748809  1.11756422  0.58175527
2    0.53748809  0.00000000  0.92273287  0.74476180
3    1.11756422  0.92273287  0.00000000  0.59452301
4    0.58175527  0.74476180  0.59452301  0.00000000

--------------------------------------------------------------------------------
n=4
(result of R-step: (1,3:4)0.48863631)
V=[0, 1, 2, 3]
total successes of this branch: 1
Matrix on 4 elements:

0    0.00000000  1.22212014  1.10850669  1.65115745
1    1.22212014  0.00000000  0.84229879  1.08024533
2    1.10850669  0.84229879  0.00000000  1.19022469
3    1.65115745  1.08024533  1.19022469  0.00000000

--------------------------------------------------------------------------------
n=4
(result of R-step: (2,3:1)0.43824162)
V=[0, 2, 3, 4]
total successes of this branch: 0
Matrix on 4 elements:

0    0.00000000  0.69217783  0.98373127  1.47087127
2    0.69217783  0.00000000  0.10646965  0.63324364
3    0.98373127  0.10646965  0.00000000 -0.11022206
4    1.47087127  0.63324364 -0.11022206  0.00000000
reason of abort: no pseudometric

--------------------------------------------------------------------------------
n=4
(result of R-step: (2,4:1)0.77537057)
V=[0, 2, 3, 4]
total successes of this branch: 0
reason of abort: negative delta/dxy

--------------------------------------------------------------------------------
n=4
(result of R-step: (2,4:3)0.51083600)
V=[0, 1, 2, 4]
total successes of this branch: 0
reason of abort: negative delta/dxy
