n=6
V=[0, 1, 2, 3, 4, 5]
total successes of this branch: 5
Matrix on 6 elements:

0    0.00000000  1.43774418  2.16352140  1.96147173  2.14198876  1.81783589
1    1.43774418  0.00000000  1.61280126  1.36281049  1.59011349  1.49508458
2    2.16352140  1.61280126  0.00000000  1.47585852  0.95449765  0.77942887
3    1.96147173  1.36281049  1.47585852  0.00000000  1.45123479  1.43561237
4    2.14198876  1.59011349  0.95449765  1.45123479  0.00000000  0.99655406
5    1.81783589  1.49508458  0.77942887  1.43561237  0.99655406  0.00000000

--------------------------------------------------------------------------------
n=5
(result of R-step: (0,2:5)0.11726051)
V=[0, 1, 2, 3, 4]
total successes of this branch: 5
Matrix on 5 elements:

0    0.00000000  1.41557347  1.78851577  1.93930103  2.11981805
1    1.41557347  0.00000000  1.25996634  1.36281049  1.59011349
2    1.78851577  1.25996634  0.00000000  1.12302359  0.60166272
3    1.93930103  1.36281049  1.12302359  0.00000000  1.45123479
4    2.11981805  1.59011349  0.60166272  1.45123479  0.00000000

--------------------------------------------------------------------------------
n=4
(result of R-step: (0,2:3)0.54803780)
V=[0, 1, 2, 4]
total successes of this branch: 0
Matrix on 4 elements:

0    0.00000000  0.39977316  0.63411561  1.10401774
1    0.39977316  0.00000000  1.12136649  1.59011349
2    0.63411561  1.12136649  0.00000000  0.46306288
4    1.10401774  1.59011349  0.46306288  0.00000000
reason of abort: no pseudometric

--------------------------------------------------------------------------------
n=4
(result of R-step: (0,3:1)0.62630256)
V=[0, 2, 3, 4]
total successes of this branch: 1
Matrix on 4 elements:

0    0.00000000  1.01355618  0.59158127  1.34485846
2    1.01355618  0.00000000  0.55026344  0.60166272
3    0.59158127  0.55026344  0.00000000  0.87847464
4    1.34485846  0.60166272  0.87847464  0.00000000

--------------------------------------------------------------------------------
n=4
(result of R-step: (0,4:2)0.00292172)
V=[0, 1, 3, 4]
total successes of this branch: 1
Matrix on 4 elements:

0    0.00000000  0.64061388  1.16434143  0.88094984
1    0.64061388  0.00000000  1.36281049  1.12620488
3    1.16434143  1.36281049  0.00000000  0.98732618
4    0.88094984  1.12620488  0.98732618  0.00000000

--------------------------------------------------------------------------------
n=4
(result of R-step: (0,4:3)0.54992484)
V=[0, 1, 2, 4]
total successes of this branch: 0
Matrix on 4 elements:

0    0.00000000  0.40039594  0.77333824  0.64159198
1    0.40039594  0.00000000  1.25996634  1.12706494
2    0.77333824  1.25996634  0.00000000  0.13861418
4    0.64159198  1.12706494  0.13861418  0.00000000
reason of abort: no pseudometric

--------------------------------------------------------------------------------
n=4
(result of R-step: (1,2:0)0.93750738)
V=[1, 2, 3, 4]
total successes of this branch: 1
Matrix on 4 elements:

1    0.00000000  0.73592877  0.96528859  1.19259159
2    0.73592877  0.00000000  0.99650792  0.47514705
3    0.96528859  0.99650792  0.00000000  1.45123479
4    1.19259159  0.47514705  1.45123479  0.00000000

--------------------------------------------------------------------------------
n=4
(result of R-step: (1,2:3)0.51328807)
V=[0, 1, 2, 4]
total successes of this branch: 0
Matrix on 4 elements:

0    0.00000000  1.01876145  1.65076918  2.11981805
1    1.01876145  0.00000000  0.72540772  1.19330146
2    1.65076918  0.72540772  0.00000000  0.46391613
4    2.11981805  1.19330146  0.46391613  0.00000000
reason of abort: no pseudometric

--------------------------------------------------------------------------------
n=4
(result of R-step: (1,4:0)0.93579844)
V=[1, 2, 3, 4]
total successes of this branch: 0
Matrix on 4 elements:

1    0.00000000  0.86315431  0.96599847  0.71840041
2    0.86315431  0.00000000  1.12302359  0.12676168
3    0.96599847  1.12302359  0.00000000  0.97633375
4    0.71840041  0.12676168  0.97633375  0.00000000
reason of abort: no pseudometric

--------------------------------------------------------------------------------
n=4
(result of R-step: (1,4:2)0.00501945)
V=[0, 1, 3, 4]
total successes of this branch: 0
Matrix on 4 elements:

0    0.00000000  0.85757379  1.93930103  1.65676951
1    0.85757379  0.00000000  0.80481081  0.56906526
3    1.93930103  0.80481081  0.00000000  0.98818625
4    1.65676951  0.56906526  0.98818625  0.00000000
reason of abort: no pseudometric

--------------------------------------------------------------------------------
n=4
(result of R-step: (1,4:3)0.51512152)
V=[0, 1, 2, 4]
total successes of this branch: 1
Matrix on 4 elements:

0    0.00000000  1.01805157  1.78851577  1.65590944
1    1.01805157  0.00000000  0.86244444  0.72868297
2    1.78851577  0.86244444  0.00000000  0.13775411
4    1.65590944  0.72868297  0.13775411  0.00000000

--------------------------------------------------------------------------------
n=4
(result of R-step: (2,3:4)0.97590526)
V=[0, 1, 2, 3]
total successes of this branch: 1
Matrix on 4 elements:

0    0.00000000  1.41557347  1.66200010  1.36654087
1    1.41557347  0.00000000  1.13345067  0.79005034
2    1.66200010  1.13345067  0.00000000  0.42374777
3    1.36654087  0.79005034  0.42374777  0.00000000
