n=6
V=[0, 1, 2, 3, 4, 5]
total successes of this branch: 1
Matrix on 6 elements:

0    0.00000000  2.63216250  1.84992641  1.20964904  1.48064867  1.44870592
1    2.63216250  0.00000000  2.69445373  2.80313615  1.62092984  1.68793720
2    1.84992641  2.69445373  0.00000000  1.98426324  1.76801007  1.53479585
3    1.20964904  2.80313615  1.98426324  0.00000000  1.56101289  1.53665356
4    1.48064867  1.62092984  1.76801007  1.56101289  0.00000000  0.48310077
5    1.44870592  1.68793720  1.53479585  1.53665356  0.48310077  0.00000000

--------------------------------------------------------------------------------
n=5
(result of R-step: (0,1:3)0.92336114)
V=[0, 1, 2, 4, 5]
total successes of this branch: 0
Matrix on 5 elements:

0    0.00000000  0.14670043  1.34183166  0.97255392  0.94061118
1    0.14670043  0.00000000  0.71708640 -0.35643748 -0.28943013
2    1.34183166  0.71708640  0.00000000  1.76801007  1.53479585
4    0.97255392 -0.35643748  1.76801007  0.00000000  0.48310077
5    0.94061118 -0.28943013  1.53479585  0.48310077  0.00000000
reason of abort: no pseudometric

--------------------------------------------------------------------------------
n=5
(result of R-step: (2,4:5)0.14050500)
V=[0, 1, 2, 3, 4]
total successes of this branch: 1
Matrix on 5 elements:

0    0.00000000  2.63216250  1.49752559  1.20964904  1.29535694
1    2.63216250  0.00000000  2.34205291  2.80313615  1.43563811
2    1.49752559  2.34205291  0.00000000  1.63186242  1.23031752
3    1.20964904  2.80313615  1.63186242  0.00000000  1.37572116
4    1.29535694  1.43563811  1.23031752  1.37572116  0.00000000

--------------------------------------------------------------------------------
n=4
(result of R-step: (0,1:2)0.66470492)
V=[0, 1, 3, 4]
total successes of this branch: 0
Matrix on 4 elements:

0    0.00000000  1.03467426  0.66275264  0.74846054
1    1.03467426  0.00000000  1.75254431  0.38504627
3    0.66275264  1.75254431  0.00000000  1.37572116
4    0.74846054  0.38504627  1.37572116  0.00000000
reason of abort: no pseudometric

--------------------------------------------------------------------------------
n=4
(result of R-step: (0,1:3)0.92336114)
V=[0, 1, 2, 4]
total successes of this branch: 0
Matrix on 4 elements:

0    0.00000000  0.14670043  0.98943084  0.78726219
1    0.14670043  0.00000000  0.36468558 -0.54172921
2    0.98943084  0.36468558  0.00000000  1.23031752
4    0.78726219 -0.54172921  1.23031752  0.00000000
reason of abort: no pseudometric

--------------------------------------------------------------------------------
n=4
(result of R-step: (0,1:4)0.42149073)
V=[0, 1, 2, 3]
total successes of this branch: 0
Matrix on 4 elements:

0    0.00000000  1.07019219  0.87070103  0.58282449
1    1.07019219  0.00000000  1.40690715  1.86799039
2    0.87070103  1.40690715  0.00000000  1.63186242
3    0.58282449  1.86799039  1.63186242  0.00000000
reason of abort: no pseudometric

--------------------------------------------------------------------------------
n=4
(result of R-step: (0,4:2)0.47723117)
V=[0, 1, 3, 4]
total successes of this branch: 0
Matrix on 4 elements:

0    0.00000000  2.12406776  0.70155430  0.52257852
1    2.12406776  0.00000000  2.80313615  1.17095443
3    0.70155430  2.80313615  0.00000000  1.11103748
4    0.52257852  1.17095443  1.11103748  0.00000000
reason of abort: no pseudometric

--------------------------------------------------------------------------------
n=4
(result of R-step: (1,3:2)0.31798128)
V=[0, 1, 3, 4]
total successes of this branch: 0
Matrix on 4 elements:

0    0.00000000  1.69701675  0.54619679  1.29535694
1    1.69701675  0.00000000  1.20453814  0.50049236
3    0.54619679  1.20453814  0.00000000  0.71226891
4    1.29535694  0.50049236  0.71226891  0.00000000
reason of abort: no pseudometric

--------------------------------------------------------------------------------
n=4
(result of R-step: (1,3:4)0.68403353)
V=[0, 1, 2, 3]
total successes of this branch: 1
Matrix on 4 elements:

0    0.00000000  1.58157066  1.49752559  0.66272226
1    1.58157066  0.00000000  1.29146107  1.20561753
2    1.49752559  1.29146107  0.00000000  1.08493564
3    0.66272226  1.20561753  1.08493564  0.00000000

--------------------------------------------------------------------------------
n=4
(result of R-step: (1,4:2)0.59566229)
V=[0, 1, 3, 4]
total successes of this branch: 0
reason of abort: negative delta/dxy

--------------------------------------------------------------------------------
n=4
(result of R-step: (2,3:0)0.28702972)
V=[1, 2, 3, 4]
total successes of this branch: 0
Matrix on 4 elements:

1    0.00000000  1.69284273  2.25620937  1.43563811
2    1.69284273  0.00000000  0.43572547  0.58110734
3    2.25620937  0.43572547  0.00000000  0.82879438
4    1.43563811  0.58110734  0.82879438  0.00000000
reason of abort: no pseudometric

--------------------------------------------------------------------------------
n=4
(result of R-step: (3,4:0)0.96207186)
V=[1, 2, 3, 4]
total successes of this branch: 0
reason of abort: negative delta/dxy

--------------------------------------------------------------------------------
n=4
(result of R-step: (3,4:2)0.48461552)
V=[0, 1, 3, 4]
total successes of this branch: 0
Matrix on 4 elements:

0    0.00000000  2.63216250  0.50895639  0.98498897
1    2.63216250  0.00000000  2.10244350  1.12527014
3    0.50895639  2.10244350  0.00000000  0.36466053
4    0.98498897  1.12527014  0.36466053  0.00000000
reason of abort: no pseudometric
