n=6
V=[0, 1, 2, 3, 4, 5]
total successes of this branch: 5
Matrix on 6 elements:

0    0.00000000  0.67667942  0.48374039  0.86422921  0.38909093  1.03175205
1    0.67667942  0.00000000  0.60847449  1.11565189  0.60725474  0.82382160
2    0.48374039  0.60847449  0.00000000  0.90384152  0.32975150  0.79086881
3    0.86422921  1.11565189  0.90384152  0.00000000  0.79168114  1.46010816
4    0.38909093  0.60725474  0.32975150  0.79168114  0.00000000  0.91475446
5    1.03175205  0.82382160  0.79086881  1.46010816  0.91475446  0.00000000

--------------------------------------------------------------------------------
n=5
(result of R-step: (0,4:3)0.77684011)
V=[0, 1, 2, 4, 5]
total successes of this branch: 5
Matrix on 5 elements:

0    0.00000000  0.46882812  0.27588910  0.10292266  0.82390075
1    0.46882812  0.00000000  0.60847449  0.52893776  0.82382160
2    0.27588910  0.60847449  0.00000000  0.25143452  0.79086881
4    0.10292266  0.52893776  0.25143452  0.00000000  0.83643748
5    0.82390075  0.82382160  0.79086881  0.83643748  0.00000000

--------------------------------------------------------------------------------
n=4
(result of R-step: (0,1:2)0.57393512)
V=[0, 1, 4, 5]
total successes of this branch: 0
reason of abort: negative delta/dxy

--------------------------------------------------------------------------------
n=4
(result of R-step: (0,2:4)0.72449982)
V=[0, 1, 2, 5]
total successes of this branch: 1
Matrix on 4 elements:

0    0.00000000  0.46518552  0.21795274  0.82025815
1    0.46518552  0.00000000  0.55418073  0.82382160
2    0.21795274  0.55418073  0.00000000  0.73657506
5    0.82025815  0.82382160  0.73657506  0.00000000

--------------------------------------------------------------------------------
n=4
(result of R-step: (0,5:1)0.57247278)
V=[0, 2, 4, 5]
total successes of this branch: 1
Matrix on 4 elements:

0    0.00000000  0.27224650  0.09928006  0.53987448
2    0.27224650  0.00000000  0.25143452  0.51048514
4    0.09928006  0.25143452  0.00000000  0.55605381
5    0.53987448  0.51048514  0.55605381  0.00000000

--------------------------------------------------------------------------------
n=4
(result of R-step: (0,5:2)0.97657862)
V=[0, 1, 4, 5]
total successes of this branch: 0
reason of abort: negative delta/dxy

--------------------------------------------------------------------------------
n=4
(result of R-step: (1,2:5)0.43743457)
V=[0, 1, 2, 4]
total successes of this branch: 1
Matrix on 4 elements:

0    0.00000000  0.44836628  0.22159534  0.10292266
1    0.44836628  0.00000000  0.53371889  0.50847591
2    0.22159534  0.53371889  0.00000000  0.19714076
4    0.10292266  0.50847591  0.19714076  0.00000000

--------------------------------------------------------------------------------
n=4
(result of R-step: (1,4:0)0.10006959)
V=[1, 2, 4, 5]
total successes of this branch: 1
Matrix on 4 elements:

1    0.00000000  0.58801264  0.47443642  0.80335976
2    0.58801264  0.00000000  0.21739503  0.79086881
4    0.47443642  0.21739503  0.00000000  0.80239800
5    0.80335976  0.79086881  0.80239800  0.00000000

--------------------------------------------------------------------------------
n=4
(result of R-step: (1,4:2)0.57733893)
V=[0, 1, 4, 5]
total successes of this branch: 0
reason of abort: negative delta/dxy

--------------------------------------------------------------------------------
n=4
(result of R-step: (4,5:0)0.65420545)
V=[1, 2, 4, 5]
total successes of this branch: 0
reason of abort: negative delta/dxy

--------------------------------------------------------------------------------
n=4
(result of R-step: (4,5:1)0.95116609)
V=[0, 2, 4, 5]
total successes of this branch: 0
reason of abort: negative delta/dxy

--------------------------------------------------------------------------------
n=4
(result of R-step: (4,5:2)0.78072995)
V=[0, 1, 4, 5]
total successes of this branch: 1
Matrix on 4 elements:

0    0.00000000  0.46882812  0.06888317  0.54351708
1    0.46882812  0.00000000  0.49489827  0.54343793
4    0.06888317  0.49489827  0.00000000  0.52201432
5    0.54351708  0.54343793  0.52201432  0.00000000
