n=6
V=[0, 1, 2, 3, 4, 5]
total successes of this branch: 3
Matrix on 6 elements:

0    0.00000000  1.69061430  1.27436167  1.42043516  1.14189315  1.57657996
1    1.69061430  0.00000000  0.77915548  1.25732903  1.25726887  1.45148897
2    1.27436167  0.77915548  0.00000000  0.93751506  0.82743066  1.11665576
3    1.42043516  1.25732903  0.93751506  0.00000000  1.15710524  0.53952550
4    1.14189315  1.25726887  0.82743066  1.15710524  0.00000000  1.21814994
5    1.57657996  1.45148897  1.11665576  0.53952550  1.21814994  0.00000000

--------------------------------------------------------------------------------
n=5
(result of R-step: (0,1:2)0.39508590)
V=[0, 1, 3, 4, 5]
total successes of this branch: 0
Matrix on 5 elements:

0    0.00000000  0.47626224  0.61562267  0.33708066  0.77176747
1    0.47626224  0.00000000  0.84778947  0.84772931  1.04194941
3    0.61562267  0.84778947  0.00000000  1.15710524  0.53952550
4    0.33708066  0.84772931  1.15710524  0.00000000  1.21814994
5    0.77176747  1.04194941  0.53952550  1.21814994  0.00000000
reason of abort: no pseudometric

--------------------------------------------------------------------------------
n=5
(result of R-step: (3,4:5)0.86349148)
V=[0, 1, 2, 3, 4]
total successes of this branch: 3
Matrix on 5 elements:

0    0.00000000  1.69061430  1.27436167  1.31192071  1.05094179
1    1.69061430  0.00000000  0.77915548  1.14881457  1.16631752
2    1.27436167  0.77915548  0.00000000  0.82900061  0.73647930
3    1.31192071  1.14881457  0.82900061  0.00000000  0.95763942
4    1.05094179  1.16631752  0.73647930  0.95763942  0.00000000

--------------------------------------------------------------------------------
n=4
(result of R-step: (0,1:2)0.39508590)
V=[0, 1, 3, 4]
total successes of this branch: 0
Matrix on 4 elements:

0    0.00000000  0.47626224  0.50710821  0.24612930
1    0.47626224  0.00000000  0.73927501  0.75677795
3    0.50710821  0.73927501  0.00000000  0.95763942
4    0.24612930  0.75677795  0.95763942  0.00000000
reason of abort: no pseudometric

--------------------------------------------------------------------------------
n=4
(result of R-step: (0,1:3)0.42340465)
V=[0, 1, 2, 4]
total successes of this branch: 1
Matrix on 4 elements:

0    0.00000000  0.58969052  0.68751427  0.46409439
1    0.58969052  0.00000000  0.26507911  0.65224114
2    0.68751427  0.26507911  0.00000000  0.73647930
4    0.46409439  0.65224114  0.73647930  0.00000000

--------------------------------------------------------------------------------
n=4
(result of R-step: (0,1:4)0.44715128)
V=[0, 1, 2, 3]
total successes of this branch: 0
Matrix on 4 elements:

0    0.00000000  0.65526830  0.84900662  0.88656566
1    0.65526830  0.00000000  0.16916453  0.53882362
2    0.84900662  0.16916453  0.00000000  0.82900061
3    0.88656566  0.53882362  0.82900061  0.00000000
reason of abort: no pseudometric

--------------------------------------------------------------------------------
n=4
(result of R-step: (0,2:3)0.24874352)
V=[0, 1, 2, 4]
total successes of this branch: 0
Matrix on 4 elements:

0    0.00000000  1.26525925  0.60337028  0.62558675
1    1.26525925  0.00000000  0.53351914  1.16631752
2    0.60337028  0.53351914  0.00000000  0.49084296
4    0.62558675  1.16631752  0.49084296  0.00000000
reason of abort: no pseudometric

--------------------------------------------------------------------------------
n=4
(result of R-step: (0,2:4)0.60326688)
V=[0, 1, 2, 3]
total successes of this branch: 1
Matrix on 4 elements:

0    0.00000000  1.10376690  0.52318466  0.72507331
1    1.10376690  0.00000000  0.61482588  1.14881457
2    0.52318466  0.61482588  0.00000000  0.66467100
3    0.72507331  1.14881457  0.66467100  0.00000000

--------------------------------------------------------------------------------
n=4
(result of R-step: (1,4:2)0.78497384)
V=[0, 1, 3, 4]
total successes of this branch: 1
Matrix on 4 elements:

0    0.00000000  1.17653792  1.31192071  0.81920983
1    1.17653792  0.00000000  0.63473820  0.42050918
3    1.31192071  0.63473820  0.00000000  0.72590746
4    0.81920983  0.42050918  0.72590746  0.00000000

--------------------------------------------------------------------------------
n=4
(result of R-step: (1,4:3)0.28217528)
V=[0, 1, 2, 4]
total successes of this branch: 0
Matrix on 4 elements:

0    0.00000000  1.28107473  1.27436167  0.66919518
1    1.28107473  0.00000000  0.36961592  0.37503134
2    1.27436167  0.36961592  0.00000000  0.35473269
4    0.66919518  0.37503134  0.35473269  0.00000000
reason of abort: no pseudometric

--------------------------------------------------------------------------------
n=4
(result of R-step: (2,3:1)0.92600487)
V=[0, 2, 3, 4]
total successes of this branch: 0
reason of abort: negative delta/dxy

--------------------------------------------------------------------------------
n=4
(result of R-step: (2,4:3)0.45609254)
V=[0, 1, 2, 4]
total successes of this branch: 0
Matrix on 4 elements:

0    0.00000000  1.69061430  0.97908689  0.62563237
1    1.69061430  0.00000000  0.48388070  0.74100809
2    0.97908689  0.48388070  0.00000000  0.01589509
4    0.62563237  0.74100809  0.01589509  0.00000000
reason of abort: no pseudometric

--------------------------------------------------------------------------------
n=4
(result of R-step: (3,4:0)0.12347811)
V=[1, 2, 3, 4]
total successes of this branch: 0
reason of abort: negative delta/dxy
