n=6
V=[0, 1, 2, 3, 4, 5]
total successes of this branch: 3
Matrix on 6 elements:

0    0.00000000  2.29518626  1.52770444  1.55863128  1.02996231  1.33419846
1    2.29518626  0.00000000  1.30015248  2.05046463  1.43702037  1.69788136
2    1.52770444  1.30015248  0.00000000  1.32782135  0.62332485  1.05443758
3    1.55863128  2.05046463  1.32782135  0.00000000  0.95786485  0.35754058
4    1.02996231  1.43702037  0.62332485  0.95786485  0.00000000  0.71694478
5    1.33419846  1.69788136  1.05443758  0.35754058  0.71694478  0.00000000

--------------------------------------------------------------------------------
n=5
(result of R-step: (0,2:4)0.66318840)
V=[0, 1, 2, 3, 5]
total successes of this branch: 3
Matrix on 5 elements:

0    0.00000000  1.51227096  0.54705850  0.77571597  0.55128316
1    1.51227096  0.00000000  1.10242184  2.05046463  1.69788136
2    0.54705850  1.10242184  0.00000000  1.13009071  0.85670694
3    0.77571597  2.05046463  1.13009071  0.00000000  0.35754058
5    0.55128316  1.69788136  0.85670694  0.35754058  0.00000000

--------------------------------------------------------------------------------
n=4
(result of R-step: (0,1:2)0.61801969)
V=[0, 1, 3, 5]
total successes of this branch: 1
Matrix on 4 elements:

0    0.00000000  1.03662053  0.69323080  0.46879798
1    1.03662053  0.00000000  1.65729938  1.30471611
3    0.69323080  1.65729938  0.00000000  0.35754058
5    0.46879798  1.30471611  0.35754058  0.00000000

--------------------------------------------------------------------------------
n=4
(result of R-step: (0,5:3)0.63850982)
V=[0, 1, 2, 5]
total successes of this branch: 0
reason of abort: negative delta/dxy

--------------------------------------------------------------------------------
n=4
(result of R-step: (1,3:0)0.56781382)
V=[1, 2, 3, 5]
total successes of this branch: 0
Matrix on 4 elements:

1    0.00000000  0.05154047  0.79277974  0.64699999
2    0.05154047  0.00000000  0.92328717  0.85670694
3    0.79277974  0.92328717  0.00000000  0.15073705
5    0.64699999  0.85670694  0.15073705  0.00000000
reason of abort: no pseudometric

--------------------------------------------------------------------------------
n=4
(result of R-step: (1,3:5)0.06405316)
V=[0, 1, 2, 3]
total successes of this branch: 1
Matrix on 4 elements:

0    0.00000000  1.11910571  0.54705850  0.50977494
1    1.11910571  0.00000000  0.70925659  1.39135835
2    0.54705850  0.70925659  0.00000000  0.86414968
3    0.50977494  1.39135835  0.86414968  0.00000000

--------------------------------------------------------------------------------
n=4
(result of R-step: (1,5:0)0.50291544)
V=[1, 2, 3, 5]
total successes of this branch: 0
Matrix on 4 elements:

1    0.00000000  0.00730473  0.95534752  0.47138352
2    0.00730473  0.00000000  1.13009071  0.72532621
3    0.95534752  1.13009071  0.00000000  0.22615986
5    0.47138352  0.72532621  0.22615986  0.00000000
reason of abort: no pseudometric

--------------------------------------------------------------------------------
n=4
(result of R-step: (2,3:0)0.50575706)
V=[1, 2, 3, 5]
total successes of this branch: 1
Matrix on 4 elements:

1    0.00000000  1.05572601  1.78452360  1.69788136
2    1.05572601  0.00000000  0.81745385  0.81001111
3    1.78452360  0.81745385  0.00000000  0.09159955
5    1.69788136  0.81001111  0.09159955  0.00000000

--------------------------------------------------------------------------------
n=4
(result of R-step: (2,3:1)0.82957684)
V=[0, 2, 3, 5]
total successes of this branch: 0
reason of abort: negative delta/dxy

--------------------------------------------------------------------------------
n=4
(result of R-step: (2,3:5)0.17813883)
V=[0, 1, 2, 3]
total successes of this branch: 0
Matrix on 4 elements:

0    0.00000000  1.51227096  0.23373740  0.56891244
1    1.51227096  0.00000000  0.78910074  1.84366110
2    0.23373740  0.78910074  0.00000000  0.60996607
3    0.56891244  1.84366110  0.60996607  0.00000000
reason of abort: no pseudometric

--------------------------------------------------------------------------------
n=4
(result of R-step: (2,5:0)0.44136077)
V=[1, 2, 3, 5]
total successes of this branch: 0
reason of abort: negative delta/dxy

--------------------------------------------------------------------------------
n=4
(result of R-step: (2,5:1)0.94227602)
V=[0, 2, 3, 5]
total successes of this branch: 0
reason of abort: negative delta/dxy
