n=6
V=[0, 1, 2, 3, 4, 5]
total successes of this branch: 2
Matrix on 6 elements:

0    0.00000000  2.47292734  1.41807497  0.97309200  1.51377829  1.37083639
1    2.47292734  0.00000000  2.24030182  1.87901492  1.33253982  2.09561535
2    1.41807497  2.24030182  0.00000000  0.75186536  1.28236035  0.54279329
3    0.97309200  1.87901492  0.75186536  0.00000000  0.90347068  0.71005550
4    1.51377829  1.33253982  1.28236035  0.90347068  0.00000000  1.11057428
5    1.37083639  2.09561535  0.54279329  0.71005550  1.11057428  0.00000000

--------------------------------------------------------------------------------
n=5
(result of R-step: (1,3:0)0.05276923)
V=[1, 2, 3, 4, 5]
total successes of this branch: 2
Matrix on 5 elements:

1    0.00000000  1.24160777  0.72921099  0.33384578  1.09692131
2    1.24160777  0.00000000  0.60075547  1.28236035  0.54279329
3    0.72921099  0.60075547  0.00000000  0.75236079  0.55894562
4    0.33384578  1.28236035  0.75236079  0.00000000  1.11057428
5    1.09692131  0.54279329  0.55894562  1.11057428  0.00000000

--------------------------------------------------------------------------------
n=4
(result of R-step: (1,2:3)0.36346093)
V=[1, 2, 4, 5]
total successes of this branch: 0
Matrix on 4 elements:

1    0.00000000  0.80791515  0.16308368  0.92615921
2    0.80791515  0.00000000  1.01942981  0.27986276
4    0.16308368  1.01942981  0.00000000  1.11057428
5    0.92615921  0.27986276  1.11057428  0.00000000
reason of abort: no pseudometric

--------------------------------------------------------------------------------
n=4
(result of R-step: (1,2:4)0.97768982)
V=[1, 2, 3, 5]
total successes of this branch: 0
Matrix on 4 elements:

1    0.00000000  0.14726982  0.58595000  0.95366032
2    0.14726982  0.00000000 -0.35032149 -0.40828367
3    0.58595000 -0.35032149  0.00000000  0.55894562
5    0.95366032 -0.40828367  0.55894562  0.00000000
reason of abort: no pseudometric

--------------------------------------------------------------------------------
n=4
(result of R-step: (1,2:5)0.12068693)
V=[1, 2, 3, 4]
total successes of this branch: 0
Matrix on 4 elements:

1    0.00000000  0.72675933  0.47039208  0.07502687
2    0.72675933  0.00000000  0.34472594  1.02633082
3    0.47039208  0.34472594  0.00000000  0.75236079
4    0.07502687  1.02633082  0.75236079  0.00000000
reason of abort: no pseudometric

--------------------------------------------------------------------------------
n=4
(result of R-step: (1,5:3)0.28204917)
V=[1, 2, 4, 5]
total successes of this branch: 0
Matrix on 4 elements:

1    0.00000000  1.09834679  0.19058479  0.68296091
2    1.09834679  0.00000000  1.28236035  0.27209388
4    0.19058479  1.28236035  0.00000000  0.83987487
5    0.68296091  0.27209388  0.83987487  0.00000000
reason of abort: no pseudometric

--------------------------------------------------------------------------------
n=4
(result of R-step: (2,4:3)0.64179349)
V=[1, 2, 4, 5]
total successes of this branch: 1
Matrix on 4 elements:

1    0.00000000  0.98557824  0.17111730  1.09692131
2    0.98557824  0.00000000  0.86360234  0.28676376
4    0.17111730  0.86360234  0.00000000  0.94784581
5    1.09692131  0.28676376  0.94784581  0.00000000

--------------------------------------------------------------------------------
n=4
(result of R-step: (2,4:5)0.90288863)
V=[1, 2, 3, 4]
total successes of this branch: 1
Matrix on 4 elements:

1    0.00000000  0.97867724  0.72921099  0.28607506
2    0.97867724  0.00000000  0.33782494  0.97165910
3    0.72921099  0.33782494  0.00000000  0.70459008
4    0.28607506  0.97165910  0.70459008  0.00000000

--------------------------------------------------------------------------------
n=4
(result of R-step: (2,5:3)0.35044171)
V=[1, 2, 4, 5]
total successes of this branch: 0
reason of abort: negative delta/dxy

--------------------------------------------------------------------------------
n=4
(result of R-step: (3,4:1)0.20849661)
V=[2, 3, 4, 5]
total successes of this branch: 0
Matrix on 4 elements:

2    0.00000000  0.52316395  1.23458963  0.54279329
3    0.52316395  0.00000000  0.62699856  0.48135409
4    1.23458963  0.62699856  0.00000000  1.06280357
5    0.54279329  0.48135409  1.06280357  0.00000000
reason of abort: no pseudometric

--------------------------------------------------------------------------------
n=4
(result of R-step: (4,5:1)0.96776946)
V=[2, 3, 4, 5]
total successes of this branch: 0
Matrix on 4 elements:

2    0.00000000  0.60075547  1.11963187 -0.06311284
3    0.60075547  0.00000000  0.58963232 -0.04696051
4    1.11963187  0.58963232  0.00000000  0.34193968
5   -0.06311284 -0.04696051  0.34193968  0.00000000
reason of abort: no pseudometric

--------------------------------------------------------------------------------
n=4
(result of R-step: (4,5:3)0.28328260)
V=[1, 2, 4, 5]
total successes of this branch: 0
Matrix on 4 elements:

1    0.00000000  1.24160777  0.14333429  0.82074304
2    1.24160777  0.00000000  1.09184886  0.26661502
4    0.14333429  1.09184886  0.00000000  0.64388452
5    0.82074304  0.26661502  0.64388452  0.00000000
reason of abort: no pseudometric
