n=6
V=[0, 1, 2, 3, 4, 5]
total successes of this branch: 5
Matrix on 6 elements:

0    0.00000000  1.40024737  1.52748149  2.38164952  1.43182699  1.21776285
1    1.40024737  0.00000000  0.60859383  1.39780508  0.50838383  0.77722456
2    1.52748149  0.60859383  0.00000000  1.66193534  0.33408950  0.49466724
3    2.38164952  1.39780508  1.66193534  0.00000000  1.56410965  1.81222823
4    1.43182699  0.50838383  0.33408950  1.56410965  0.00000000  0.58074312
5    1.21776285  0.77722456  0.49466724  1.81222823  0.58074312  0.00000000

--------------------------------------------------------------------------------
n=5
(result of R-step: (0,2:5)0.25490682)
V=[0, 1, 2, 3, 4]
total successes of this branch: 5
Matrix on 5 elements:

0    0.00000000  1.17896265  1.21327621  2.16036480  1.21054227
1    1.17896265  0.00000000  0.51567327  1.39780508  0.50838383
2    1.21327621  0.51567327  0.00000000  1.56901478  0.24116894
3    2.16036480  1.39780508  1.56901478  0.00000000  1.56410965
4    1.21054227  0.50838383  0.24116894  1.56410965  0.00000000

--------------------------------------------------------------------------------
n=4
(result of R-step: (0,1:3)0.52339106)
V=[0, 1, 2, 4]
total successes of this branch: 1
Matrix on 4 elements:

0    0.00000000  0.21233904  0.34371771  0.34098377
1    0.21233904  0.00000000  0.41860816  0.41131872
2    0.34371771  0.41860816  0.00000000  0.24116894
4    0.34098377  0.41131872  0.24116894  0.00000000

--------------------------------------------------------------------------------
n=4
(result of R-step: (0,4:2)0.03208006)
V=[0, 1, 3, 4]
total successes of this branch: 1
Matrix on 4 elements:

0    0.00000000  0.30940415  1.29080630  0.22911633
1    0.30940415  0.00000000  1.39780508  0.39651640
3    1.29080630  1.39780508  0.00000000  1.45224221
4    0.22911633  0.39651640  1.45224221  0.00000000

--------------------------------------------------------------------------------
n=4
(result of R-step: (1,2:0)0.86223107)
V=[1, 2, 3, 4]
total successes of this branch: 0
Matrix on 4 elements:

1    0.00000000  0.19402843  1.18385631  0.29443506
2    0.19402843  0.00000000  1.46131870  0.13347287
3    1.18385631  1.46131870  0.00000000  1.56410965
4    0.29443506  0.13347287  1.56410965  0.00000000
reason of abort: no pseudometric

--------------------------------------------------------------------------------
n=4
(result of R-step: (1,2:4)0.01586014)
V=[0, 1, 2, 3]
total successes of this branch: 1
Matrix on 4 elements:

0    0.00000000  1.08189754  1.09379115  2.16036480
1    1.08189754  0.00000000  0.29912310  1.30073997
2    1.09379115  0.29912310  0.00000000  1.44952972
3    2.16036480  1.30073997  1.44952972  0.00000000

--------------------------------------------------------------------------------
n=4
(result of R-step: (1,4:0)0.85264185)
V=[1, 2, 3, 4]
total successes of this branch: 0
Matrix on 4 elements:

1    0.00000000  0.30104930  1.18318110  0.16136287
2    0.30104930  0.00000000  1.56901478  0.10877196
3    1.18318110  1.56901478  0.00000000  1.43171266
4    0.16136287  0.10877196  1.43171266  0.00000000
reason of abort: no pseudometric

--------------------------------------------------------------------------------
n=4
(result of R-step: (2,3:0)0.30563120)
V=[1, 2, 3, 4]
total successes of this branch: 1
Matrix on 4 elements:

1    0.00000000  0.39618822  0.22403377  0.50838383
2    0.39618822  0.00000000  0.27575841  0.12168389
3    0.22403377  0.27575841  0.00000000  0.39033834
4    0.50838383  0.12168389  0.39033834  0.00000000

--------------------------------------------------------------------------------
n=4
(result of R-step: (2,3:1)0.19774710)
V=[0, 2, 3, 4]
total successes of this branch: 0
Matrix on 4 elements:

0    0.00000000  1.08421049  0.98763293  1.21054227
2    1.08421049  0.00000000  0.26721720  0.11210323
3    0.98763293  0.26721720  0.00000000  0.39137778
4    1.21054227  0.11210323  0.39137778  0.00000000
reason of abort: no pseudometric

--------------------------------------------------------------------------------
n=4
(result of R-step: (2,3:4)0.92986877)
V=[0, 1, 2, 3]
total successes of this branch: 0
Matrix on 4 elements:

0    0.00000000  1.17896265  1.10558014  0.91779261
1    1.17896265  0.00000000  0.40797720  0.15523289
2    1.10558014  0.40797720  0.00000000  0.21874651
3    0.91779261  0.15523289  0.21874651  0.00000000
reason of abort: no pseudometric

--------------------------------------------------------------------------------
n=4
(result of R-step: (3,4:0)0.68775442)
V=[1, 2, 3, 4]
total successes of this branch: 0
Matrix on 4 elements:

1    0.00000000  0.51567327  0.22507321  0.38677519
2    0.51567327  0.00000000  0.39628291  0.11956030
3    0.22507321  0.39628291  0.00000000  0.26976914
4    0.38677519  0.11956030  0.26976914  0.00000000
reason of abort: no pseudometric

--------------------------------------------------------------------------------
n=4
(result of R-step: (3,4:1)0.80969597)
V=[0, 2, 3, 4]
total successes of this branch: 1
Matrix on 4 elements:

0    0.00000000  1.21327621  0.98659349  1.09867483
2    1.21327621  0.00000000  0.39524347  0.12930151
3    0.98659349  0.39524347  0.00000000  0.27847090
4    1.09867483  0.12930151  0.27847090  0.00000000
