n=6
V=[0, 1, 2, 3, 4, 5]
total successes of this branch: 5
Matrix on 6 elements:

0    0.00000000  2.42533936  1.46601884  1.65414445  1.34649634  1.28464145
1    2.42533936  0.00000000  2.02007250  1.98023725  2.22019017  1.87535224
2    1.46601884  2.02007250  0.00000000  1.12170014  0.86919432  1.00331040
3    1.65414445  1.98023725  1.12170014  0.00000000  1.35831212  0.42325159
4    1.34649634  2.22019017  0.86919432  1.35831212  0.00000000  1.19220121
5    1.28464145  1.87535224  1.00331040  0.42325159  1.19220121  0.00000000

--------------------------------------------------------------------------------
n=5
(result of R-step: (0,3:5)0.13399759)
V=[0, 1, 2, 3, 4]
total successes of this branch: 5
Matrix on 5 elements:

0    0.00000000  2.36311438  1.40379385  1.38052984  1.28427135
1    2.36311438  0.00000000  2.02007250  1.76884764  2.22019017
2    1.40379385  2.02007250  0.00000000  0.91031052  0.86919432
3    1.38052984  1.76884764  0.91031052  0.00000000  1.14692250
4    1.28427135  2.22019017  0.86919432  1.14692250  0.00000000

--------------------------------------------------------------------------------
n=4
(result of R-step: (0,1:2)0.89930207)
V=[0, 1, 3, 4]
total successes of this branch: 0
reason of abort: negative delta/dxy

--------------------------------------------------------------------------------
n=4
(result of R-step: (0,2:4)0.28695580)
V=[0, 1, 2, 3]
total successes of this branch: 1
Matrix on 4 elements:

0    0.00000000  2.04664670  0.83160028  1.06406216
1    2.04664670  0.00000000  1.76434662  1.76884764
2    0.83160028  1.76434662  0.00000000  0.65458464
3    1.06406216  1.76884764  0.65458464  0.00000000

--------------------------------------------------------------------------------
n=4
(result of R-step: (0,3:1)0.10247339)
V=[0, 2, 3, 4]
total successes of this branch: 1
Matrix on 4 elements:

0    0.00000000  1.08732617  0.74753283  0.96780367
2    1.08732617  0.00000000  0.59378119  0.86919432
3    0.74753283  0.59378119  0.00000000  0.83039316
4    0.96780367  0.86919432  0.83039316  0.00000000

--------------------------------------------------------------------------------
n=4
(result of R-step: (1,2:3)0.76847370)
V=[0, 1, 2, 4]
total successes of this branch: 1
Matrix on 4 elements:

0    0.00000000  1.02173840  1.14806796  1.28427135
1    1.02173840  0.00000000  0.42297064  0.87881419
2    1.14806796  0.42297064  0.00000000  0.61346843
4    1.28427135  0.87881419  0.61346843  0.00000000

--------------------------------------------------------------------------------
n=4
(result of R-step: (1,3:4)0.43358544)
V=[0, 1, 2, 3]
total successes of this branch: 0
reason of abort: negative delta/dxy

--------------------------------------------------------------------------------
n=4
(result of R-step: (1,4:0)0.56903385)
V=[1, 2, 3, 4]
total successes of this branch: 1
Matrix on 4 elements:

1    0.00000000  0.67869652  0.42747166  0.71499958
2    0.67869652  0.00000000  0.91031052  0.70537971
3    0.42747166  0.91031052  0.00000000  0.98310789
4    0.71499958  0.70537971  0.98310789  0.00000000

--------------------------------------------------------------------------------
n=4
(result of R-step: (1,4:2)0.77942773)
V=[0, 1, 3, 4]
total successes of this branch: 0
reason of abort: negative delta/dxy

--------------------------------------------------------------------------------
n=4
(result of R-step: (2,3:0)0.86381560)
V=[1, 2, 3, 4]
total successes of this branch: 0
reason of abort: negative delta/dxy

--------------------------------------------------------------------------------
n=4
(result of R-step: (3,4:0)0.79534648)
V=[1, 2, 3, 4]
total successes of this branch: 0
reason of abort: negative delta/dxy

--------------------------------------------------------------------------------
n=4
(result of R-step: (3,4:2)0.58370995)
V=[0, 1, 3, 4]
total successes of this branch: 1
Matrix on 4 elements:

0    0.00000000  2.36311438  1.06400051  1.12045674
1    2.36311438  0.00000000  1.45231830  2.05637556
3    1.06400051  1.45231830  0.00000000  0.66657856
4    1.12045674  2.05637556  0.66657856  0.00000000
