n=6
V=[0, 1, 2, 3, 4, 5]
total successes of this branch: 3
Matrix on 6 elements:

0    0.00000000  1.93402827  2.03854422  1.05811911  0.66516591  1.50535356
1    1.93402827  0.00000000  1.41364317  1.59670989  1.39509892  1.46398313
2    2.03854422  1.41364317  0.00000000  1.74477729  1.50809483  1.50507949
3    1.05811911  1.59670989  1.74477729  0.00000000  0.50918893  1.14839780
4    0.66516591  1.39509892  1.50809483  0.50918893  0.00000000  0.96563543
5    1.50535356  1.46398313  1.50507949  1.14839780  0.96563543  0.00000000

--------------------------------------------------------------------------------
n=5
(result of R-step: (1,4:0)0.01563555)
V=[1, 2, 3, 4, 5]
total successes of this branch: 0
Matrix on 5 elements:

1    0.00000000  0.49214357  0.67521029  0.41700108  0.54248352
2    0.49214357  0.00000000  1.74477729  1.45149660  1.50507949
3    0.67521029  1.74477729  0.00000000  0.45259069  1.14839780
4    0.41700108  1.45149660  0.45259069  0.00000000  0.90903720
5    0.54248352  1.50507949  1.14839780  0.90903720  0.00000000
reason of abort: no pseudometric

--------------------------------------------------------------------------------
n=5
(result of R-step: (2,3:5)0.49846608)
V=[0, 1, 2, 3, 4]
total successes of this branch: 3
Matrix on 5 elements:

0    0.00000000  1.93402827  1.36498915  0.73893859  0.66516591
1    1.93402827  0.00000000  0.74008810  1.27752937  1.39509892
2    1.36498915  0.74008810  0.00000000  0.75204169  0.83453976
3    0.73893859  1.27752937  0.75204169  0.00000000  0.19000841
4    0.66516591  1.39509892  0.83453976  0.19000841  0.00000000

--------------------------------------------------------------------------------
n=4
(result of R-step: (0,1:2)0.18329190)
V=[0, 1, 3, 4]
total successes of this branch: 1
Matrix on 4 elements:

0    0.00000000  0.85777214  0.16002337  0.08625069
1    0.85777214  0.00000000  0.78018845  0.89775799
3    0.16002337  0.78018845  0.00000000  0.19000841
4    0.08625069  0.89775799  0.19000841  0.00000000

--------------------------------------------------------------------------------
n=4
(result of R-step: (0,1:3)0.89829754)
V=[0, 1, 2, 4]
total successes of this branch: 0
Matrix on 4 elements:

0    0.00000000  0.88596257  0.75737498  0.05755173
1    0.88596257  0.00000000  0.29963657  0.95464738
2    0.75737498  0.29963657  0.00000000  0.83453976
4    0.05755173  0.95464738  0.83453976  0.00000000
reason of abort: no pseudometric

--------------------------------------------------------------------------------
n=4
(result of R-step: (0,2:3)0.86698486)
V=[0, 1, 2, 4]
total successes of this branch: 0
Matrix on 4 elements:

0    0.00000000  1.32556255  0.50729031  0.05670018
1    1.32556255  0.00000000  0.49085499  1.39509892
2    0.50729031  0.49085499  0.00000000  0.58530665
4    0.05670018  1.39509892  0.58530665  0.00000000
reason of abort: no pseudometric

--------------------------------------------------------------------------------
n=4
(result of R-step: (0,3:4)0.80528847)
V=[0, 1, 2, 3]
total successes of this branch: 1
Matrix on 4 elements:

0    0.00000000  1.35511306  0.78607393  0.14448465
1    1.35511306  0.00000000  0.74008810  1.26199065
2    0.78607393  0.74008810  0.00000000  0.73650297
3    0.14448465  1.26199065  0.73650297  0.00000000

--------------------------------------------------------------------------------
n=4
(result of R-step: (1,4:0)0.01563555)
V=[1, 2, 3, 4]
total successes of this branch: 0
Matrix on 4 elements:

1    0.00000000 -0.18141150  0.35602977  0.41700108
2   -0.18141150  0.00000000  0.75204169  0.77794153
3    0.35602977  0.75204169  0.00000000  0.13341018
4    0.41700108  0.77794153  0.13341018  0.00000000
reason of abort: no pseudometric

--------------------------------------------------------------------------------
n=4
(result of R-step: (1,4:2)0.75983725)
V=[0, 1, 3, 4]
total successes of this branch: 0
Matrix on 4 elements:

0    0.00000000  1.49357674  0.73893859  0.58439300
1    1.49357674  0.00000000  0.83707784  0.87387448
3    0.73893859  0.83707784  0.00000000  0.10923550
4    0.58439300  0.87387448  0.10923550  0.00000000
reason of abort: no pseudometric

--------------------------------------------------------------------------------
n=4
(result of R-step: (1,4:3)0.11462564)
V=[0, 1, 2, 4]
total successes of this branch: 1
Matrix on 4 elements:

0    0.00000000  1.43668735  1.36498915  0.60769542
1    1.43668735  0.00000000  0.24274717  0.84028751
2    1.36498915  0.24274717  0.00000000  0.77706928
4    0.60769542  0.84028751  0.77706928  0.00000000

--------------------------------------------------------------------------------
n=4
(result of R-step: (2,3:1)0.54114677)
V=[0, 2, 3, 4]
total successes of this branch: 0
reason of abort: negative delta/dxy

--------------------------------------------------------------------------------
n=4
(result of R-step: (2,4:0)0.00821730)
V=[1, 2, 3, 4]
total successes of this branch: 0
reason of abort: negative delta/dxy

--------------------------------------------------------------------------------
n=4
(result of R-step: (2,4:3)0.14122927)
V=[0, 1, 2, 4]
total successes of this branch: 0
Matrix on 4 elements:

0    0.00000000  1.93402827  1.15105962  0.60856767
1    1.93402827  0.00000000  0.52615857  1.33850068
2    1.15105962  0.52615857  0.00000000  0.56401200
4    0.60856767  1.33850068  0.56401200  0.00000000
reason of abort: no pseudometric
