n=6
V=[0, 1, 2, 3, 4, 5]
total successes of this branch: 5
Matrix on 6 elements:

0    0.00000000  0.78244825  1.19461705  0.84396904  1.42635854  0.66561979
1    0.78244825  0.00000000  1.21824809  0.75606512  1.25825057  0.60858813
2    1.19461705  1.21824809  0.00000000  1.44923099  1.32944162  1.28876793
3    0.84396904  0.75606512  1.44923099  0.00000000  1.59590869  0.52753053
4    1.42635854  1.25825057  1.32944162  1.59590869  0.00000000  1.43937679
5    0.66561979  0.60858813  1.28876793  0.52753053  1.43937679  0.00000000

--------------------------------------------------------------------------------
n=5
(result of R-step: (0,3:5)0.04621425)
V=[0, 1, 2, 3, 4]
total successes of this branch: 5
Matrix on 5 elements:

0    0.00000000  0.68128448  1.09345329  0.40875572  1.32519478
1    0.68128448  0.00000000  1.21824809  0.42201557  1.25825057
2    1.09345329  1.21824809  0.00000000  1.11518144  1.32944162
3    0.40875572  0.42201557  1.11518144  0.00000000  1.26185914
4    1.32519478  1.25825057  1.32944162  1.26185914  0.00000000

--------------------------------------------------------------------------------
n=4
(result of R-step: (0,1:3)0.55635638)
V=[0, 1, 2, 4]
total successes of this branch: 1
Matrix on 4 elements:

0    0.00000000  0.46898869  0.96750482  1.19924631
1    0.46898869  0.00000000  1.13190078  1.17190326
2    0.96750482  1.13190078  0.00000000  1.32944162
4    1.19924631  1.17190326  1.32944162  0.00000000

--------------------------------------------------------------------------------
n=4
(result of R-step: (0,2:1)0.88577832)
V=[0, 2, 3, 4]
total successes of this branch: 0
reason of abort: negative delta/dxy

--------------------------------------------------------------------------------
n=4
(result of R-step: (0,4:2)0.38631220)
V=[0, 1, 3, 4]
total successes of this branch: 1
Matrix on 4 elements:

0    0.00000000  0.55533601  0.28280725  0.68219501
1    0.55533601  0.00000000  0.42201557  0.74119928
3    0.28280725  0.42201557  0.00000000  0.74480785
4    0.68219501  0.74119928  0.74480785  0.00000000

--------------------------------------------------------------------------------
n=4
(result of R-step: (1,2:4)0.30272127)
V=[0, 1, 2, 3]
total successes of this branch: 1
Matrix on 4 elements:

0    0.00000000  0.59493717  0.66024184  0.40875572
1    0.59493717  0.00000000  0.69868933  0.33566826
2    0.66024184  0.69868933  0.00000000  0.68197000
3    0.40875572  0.33566826  0.68197000  0.00000000

--------------------------------------------------------------------------------
n=4
(result of R-step: (1,4:0)0.84692932)
V=[1, 2, 3, 4]
total successes of this branch: 0
reason of abort: negative delta/dxy

--------------------------------------------------------------------------------
n=4
(result of R-step: (2,3:0)0.26889901)
V=[1, 2, 3, 4]
total successes of this branch: 1
Matrix on 4 elements:

1    0.00000000  0.78503665  0.37843626  1.25825057
2    0.78503665  0.00000000  0.63839068  0.89623017
3    0.37843626  0.63839068  0.00000000  1.21827983
4    1.25825057  0.89623017  1.21827983  0.00000000

--------------------------------------------------------------------------------
n=4
(result of R-step: (2,3:1)0.44746488)
V=[0, 2, 3, 4]
total successes of this branch: 0
reason of abort: negative delta/dxy

--------------------------------------------------------------------------------
n=4
(result of R-step: (2,4:3)0.41829805)
V=[0, 1, 2, 4]
total successes of this branch: 0
reason of abort: negative delta/dxy

--------------------------------------------------------------------------------
n=4
(result of R-step: (3,4:0)0.54821795)
V=[1, 2, 3, 4]
total successes of this branch: 0
reason of abort: negative delta/dxy

--------------------------------------------------------------------------------
n=4
(result of R-step: (3,4:1)0.75866248)
V=[0, 2, 3, 4]
total successes of this branch: 1
Matrix on 4 elements:

0    0.00000000  1.09345329  0.36517641  0.80814348
2    1.09345329  0.00000000  1.07160212  0.81239032
3    0.36517641  1.07160212  0.00000000  0.70122853
4    0.80814348  0.81239032  0.70122853  0.00000000
