n=6
V=[0, 1, 2, 3, 4, 5]
total successes of this branch: 5
Matrix on 6 elements:

0    0.00000000  1.05792790  1.11458190  0.88006634  0.52010882  1.15313011
1    1.05792790  0.00000000  1.24007693  1.31171050  1.36262884  0.44384054
2    1.11458190  1.24007693  0.00000000  1.34959392  1.41757036  1.24004840
3    0.88006634  1.31171050  1.34959392  0.00000000  1.17554722  1.40332600
4    0.52010882  1.36262884  1.41757036  1.17554722  0.00000000  1.45750384
5    1.15313011  0.44384054  1.24004840  1.40332600  1.45750384  0.00000000

--------------------------------------------------------------------------------
n=5
(result of R-step: (0,3:4)0.90876715)
V=[0, 1, 2, 3, 5]
total successes of this branch: 5
Matrix on 5 elements:

0    0.00000000  0.97084826  1.02750227  0.27659263  1.06605048
1    0.97084826  0.00000000  1.24007693  0.79531642  0.44384054
2    1.02750227  1.24007693  0.00000000  0.83319984  1.24004840
3    0.27659263  0.79531642  0.83319984  0.00000000  0.88693192
5    1.06605048  0.44384054  1.24004840  0.88693192  0.00000000

--------------------------------------------------------------------------------
n=4
(result of R-step: (0,1:2)0.66465248)
V=[0, 1, 3, 5]
total successes of this branch: 0
Matrix on 4 elements:

0    0.00000000  0.41435812  0.03640979  0.82586765
1    0.41435812  0.00000000  0.47900911  0.12753324
3    0.03640979  0.47900911  0.00000000  0.88693192
5    0.82586765  0.12753324  0.88693192  0.00000000
reason of abort: no pseudometric

--------------------------------------------------------------------------------
n=4
(result of R-step: (0,2:3)0.96233654)
V=[0, 1, 2, 5]
total successes of this branch: 1
Matrix on 4 elements:

0    0.00000000  0.75077699  0.40825377  0.84597921
1    0.75077699  0.00000000  0.84089970  0.44384054
2    0.40825377  0.84089970  0.00000000  0.84087117
5    0.84597921  0.44384054  0.84087117  0.00000000

--------------------------------------------------------------------------------
n=4
(result of R-step: (0,5:1)0.23038110)
V=[0, 2, 3, 5]
total successes of this branch: 1
Matrix on 4 elements:

0    0.00000000  0.80743099  0.05652135  0.74901724
2    0.80743099  0.00000000  0.83319984  1.14308643
3    0.05652135  0.83319984  0.00000000  0.78996995
5    0.74901724  1.14308643  0.78996995  0.00000000

--------------------------------------------------------------------------------
n=4
(result of R-step: (0,5:2)0.74732553)
V=[0, 1, 3, 5]
total successes of this branch: 0
Matrix on 4 elements:

0    0.00000000  0.73283387  0.03857823  0.74696023
1    0.73283387  0.00000000  0.79531642  0.36276468
3    0.03857823  0.79531642  0.00000000  0.80585606
5    0.74696023  0.36276468  0.80585606  0.00000000
reason of abort: no pseudometric

--------------------------------------------------------------------------------
n=4
(result of R-step: (1,2:5)0.80891806)
V=[0, 1, 2, 3]
total successes of this branch: 1
Matrix on 4 elements:

0    0.00000000  0.89512516  0.62832504  0.27659263
1    0.89512516  0.00000000  0.76517659  0.71959331
2    0.62832504  0.76517659  0.00000000  0.43402262
3    0.27659263  0.71959331  0.43402262  0.00000000

--------------------------------------------------------------------------------
n=4
(result of R-step: (1,3:0)0.01786403)
V=[1, 2, 3, 5]
total successes of this branch: 1
Matrix on 4 elements:

1    0.00000000  1.16435382  0.68123248  0.36811744
2    1.16435382  0.00000000  0.79483901  1.24004840
3    0.68123248  0.79483901  0.00000000  0.84857109
5    0.36811744  1.24004840  0.84857109  0.00000000

--------------------------------------------------------------------------------
n=4
(result of R-step: (1,3:2)0.34975531)
V=[0, 1, 3, 5]
total successes of this branch: 0
Matrix on 4 elements:

0    0.00000000  0.66372411  0.24049571  1.06605048
1    0.66372411  0.00000000  0.45209536  0.13671640
3    0.24049571  0.45209536  0.00000000  0.85083500
5    1.06605048  0.13671640  0.85083500  0.00000000
reason of abort: no pseudometric

--------------------------------------------------------------------------------
n=4
(result of R-step: (3,5:0)0.97524729)
V=[1, 2, 3, 5]
total successes of this branch: 0
Matrix on 4 elements:

1    0.00000000  1.24007693  0.75921951  0.10366147
2    1.24007693  0.00000000  0.79710293  0.89986933
3    0.75921951  0.79710293  0.00000000  0.51065593
5    0.10366147  0.89986933  0.51065593  0.00000000
reason of abort: no pseudometric

--------------------------------------------------------------------------------
n=4
(result of R-step: (3,5:1)0.24889815)
V=[0, 2, 3, 5]
total successes of this branch: 0
Matrix on 4 elements:

0    0.00000000  1.02750227  0.22065040  0.98497462
2    1.02750227  0.00000000  0.77725761  1.15897254
3    0.22065040  0.77725761  0.00000000  0.74991383
5    0.98497462  1.15897254  0.74991383  0.00000000
reason of abort: no pseudometric

--------------------------------------------------------------------------------
n=4
(result of R-step: (3,5:2)0.73166791)
V=[0, 1, 3, 5]
total successes of this branch: 1
Matrix on 4 elements:

0    0.00000000  0.97084826  0.23823179  0.96908851
1    0.97084826  0.00000000  0.75695559  0.34687858
3    0.23823179  0.75695559  0.00000000  0.75160912
5    0.96908851  0.34687858  0.75160912  0.00000000
