n=6
V=[0, 1, 2, 3, 4, 5]
total successes of this branch: 3
Matrix on 6 elements:

0    0.00000000  1.70577270  1.23108639  1.19420599  1.59580263  1.55351669
1    1.70577270  0.00000000  1.21835537  1.37751008  1.26706887  1.72509058
2    1.23108639  1.21835537  0.00000000  0.85880050  1.40917920  1.02330658
3    1.19420599  1.37751008  0.85880050  0.00000000  1.50591206  1.33788678
4    1.59580263  1.26706887  1.40917920  1.50591206  0.00000000  1.86120403
5    1.55351669  1.72509058  1.02330658  1.33788678  1.86120403  0.00000000

--------------------------------------------------------------------------------
n=5
(result of R-step: (0,2:5)0.18188657)
V=[0, 1, 2, 3, 4]
total successes of this branch: 3
Matrix on 5 elements:

0    0.00000000  1.35316875  0.64544143  0.84160204  1.24319868
1    1.35316875  0.00000000  0.98531436  1.37751008  1.26706887
2    0.64544143  0.98531436  0.00000000  0.62575948  1.17613818
3    0.84160204  1.37751008  0.62575948  0.00000000  1.50591206
4    1.24319868  1.26706887  1.17613818  1.50591206  0.00000000

--------------------------------------------------------------------------------
n=4
(result of R-step: (0,1:4)0.31842177)
V=[0, 1, 2, 3]
total successes of this branch: 1
Matrix on 4 elements:

0    0.00000000  0.92479670  0.61111345  0.80727406
1    0.92479670  0.00000000  0.59127029  0.98346601
2    0.61111345  0.59127029  0.00000000  0.62575948
3    0.80727406  0.98346601  0.62575948  0.00000000

--------------------------------------------------------------------------------
n=4
(result of R-step: (0,2:3)0.20752365)
V=[0, 1, 2, 4]
total successes of this branch: 1
Matrix on 4 elements:

0    0.00000000  1.31884077  0.50009570  1.20887070
1    1.31884077  0.00000000  0.87429661  1.26706887
2    0.50009570  0.87429661  0.00000000  1.06512043
4    1.20887070  1.26706887  1.06512043  0.00000000

--------------------------------------------------------------------------------
n=4
(result of R-step: (0,4:2)0.79742827)
V=[0, 1, 3, 4]
total successes of this branch: 0
reason of abort: negative delta/dxy

--------------------------------------------------------------------------------
n=4
(result of R-step: (1,2:0)0.22514767)
V=[1, 2, 3, 4]
total successes of this branch: 0
reason of abort: negative delta/dxy

--------------------------------------------------------------------------------
n=4
(result of R-step: (1,3:0)0.47191885)
V=[1, 2, 3, 4]
total successes of this branch: 0
Matrix on 4 elements:

1    0.00000000  0.16342473  0.23225363  0.44517924
2    0.16342473  0.00000000  0.30239266  1.17613818
3    0.23225363  0.30239266  0.00000000  1.18254524
4    0.44517924  1.17613818  1.18254524  0.00000000
reason of abort: no pseudometric

--------------------------------------------------------------------------------
n=4
(result of R-step: (1,3:2)0.17805371)
V=[0, 1, 3, 4]
total successes of this branch: 1
Matrix on 4 elements:

0    0.00000000  0.95912468  0.43541025  1.24319868
1    0.95912468  0.00000000  0.57727423  0.87302480
3    0.43541025  0.57727423  0.00000000  1.09972027
4    1.24319868  0.87302480  1.09972027  0.00000000

--------------------------------------------------------------------------------
n=4
(result of R-step: (1,4:3)0.49463126)
V=[0, 1, 2, 4]
total successes of this branch: 0
reason of abort: negative delta/dxy

--------------------------------------------------------------------------------
n=4
(result of R-step: (2,4:1)0.84410762)
V=[0, 2, 3, 4]
total successes of this branch: 0
reason of abort: negative delta/dxy

--------------------------------------------------------------------------------
n=4
(result of R-step: (3,4:0)0.93338082)
V=[1, 2, 3, 4]
total successes of this branch: 0
reason of abort: negative delta/dxy

--------------------------------------------------------------------------------
n=4
(result of R-step: (3,4:2)0.61714723)
V=[0, 1, 3, 4]
total successes of this branch: 0
Matrix on 4 elements:

0    0.00000000  1.35316875  0.51823522  0.46394125
1    1.35316875  0.00000000  1.05414326  0.48781145
3    0.51823522  1.05414326  0.00000000  0.40328782
4    0.46394125  0.48781145  0.40328782  0.00000000
reason of abort: no pseudometric
