n=6
V=[0, 1, 2, 3, 4, 5]
total successes of this branch: 1
Matrix on 6 elements:

0    0.00000000  2.09593936  1.63152984  1.89549794  1.17668783  2.06747359
1    2.09593936  0.00000000  1.25386067  1.48902623  1.46745305  0.71335790
2    1.63152984  1.25386067  0.00000000  0.94176105  0.96888584  1.38439617
3    1.89549794  1.48902623  0.94176105  0.00000000  1.01252493  1.57154963
4    1.17668783  1.46745305  0.96888584  1.01252493  0.00000000  1.35882129
5    2.06747359  0.71335790  1.38439617  1.57154963  1.35882129  0.00000000

--------------------------------------------------------------------------------
n=5
(result of R-step: (0,2:3)0.30196045)
V=[0, 1, 2, 4, 5]
total successes of this branch: 0
Matrix on 5 elements:

0    0.00000000  0.81144253  0.01165625 -0.10780900  0.78297676
1    0.81144253  0.00000000  0.91848393  1.46745305  0.71335790
2    0.01165625  0.91848393  0.00000000  0.63350909  1.04901942
4   -0.10780900  1.46745305  0.63350909  0.00000000  1.35882129
5    0.78297676  0.71335790  1.04901942  1.35882129  0.00000000
reason of abort: no pseudometric

--------------------------------------------------------------------------------
n=5
(result of R-step: (1,4:5)0.74931876)
V=[0, 1, 2, 3, 4]
total successes of this branch: 1
Matrix on 5 elements:

0    0.00000000  2.00017130  1.63152984  1.89549794  1.06248333
1    2.00017130  0.00000000  1.15809261  1.39325817  1.25748048
2    1.63152984  1.15809261  0.00000000  0.94176105  0.85468134
3    1.89549794  1.39325817  0.94176105  0.00000000  0.89832043
4    1.06248333  1.25748048  0.85468134  0.89832043  0.00000000

--------------------------------------------------------------------------------
n=4
(result of R-step: (0,1:3)0.21367617)
V=[0, 1, 2, 4]
total successes of this branch: 0
reason of abort: negative delta/dxy

--------------------------------------------------------------------------------
n=4
(result of R-step: (0,2:1)0.06528449)
V=[0, 2, 3, 4]
total successes of this branch: 0
Matrix on 4 elements:

0    0.00000000  0.61916669  1.23743838  0.40442377
2    0.61916669  0.00000000  0.58745746  0.50037775
3    1.23743838  0.58745746  0.00000000  0.89832043
4    0.40442377  0.50037775  0.89832043  0.00000000
reason of abort: no pseudometric

--------------------------------------------------------------------------------
n=4
(result of R-step: (0,2:3)0.30196045)
V=[0, 1, 2, 4]
total successes of this branch: 0
Matrix on 4 elements:

0    0.00000000  0.71567446  0.01165625 -0.22201350
1    0.71567446  0.00000000  0.82271586  1.25748048
2    0.01165625  0.82271586  0.00000000  0.51930460
4   -0.22201350  1.25748048  0.51930460  0.00000000
reason of abort: no pseudometric

--------------------------------------------------------------------------------
n=4
(result of R-step: (0,3:4)0.58774479)
V=[0, 1, 2, 3]
total successes of this branch: 1
Matrix on 4 elements:

0    0.00000000  1.34211174  0.97347028  0.90179786
1    1.34211174  0.00000000  1.15809261  1.05761765
2    0.97347028  1.15809261  0.00000000  0.60612053
3    0.90179786  1.05761765  0.60612053  0.00000000

--------------------------------------------------------------------------------
n=4
(result of R-step: (0,4:1)0.86927487)
V=[0, 2, 3, 4]
total successes of this branch: 0
reason of abort: negative delta/dxy

--------------------------------------------------------------------------------
n=4
(result of R-step: (0,4:2)0.56124152)
V=[0, 1, 3, 4]
total successes of this branch: 0
reason of abort: negative delta/dxy

--------------------------------------------------------------------------------
n=4
(result of R-step: (1,3:2)0.86577815)
V=[0, 1, 3, 4]
total successes of this branch: 0
Matrix on 4 elements:

0    0.00000000  1.23457163  1.55985741  1.06248333
1    1.23457163  0.00000000  0.29201798  0.49188081
3    1.55985741  0.29201798  0.00000000  0.56267991
4    1.06248333  0.49188081  0.56267991  0.00000000
reason of abort: no pseudometric

--------------------------------------------------------------------------------
n=4
(result of R-step: (2,4:1)0.84236163)
V=[0, 2, 3, 4]
total successes of this branch: 0
Matrix on 4 elements:

0    0.00000000  1.29615309  1.89549794  0.81132403
2    1.29615309  0.00000000  0.60638430  0.26814530
3    1.89549794  0.60638430  0.00000000  0.64716113
4    0.81132403  0.26814530  0.64716113  0.00000000
reason of abort: no pseudometric

--------------------------------------------------------------------------------
n=4
(result of R-step: (3,4:1)0.85031107)
V=[0, 2, 3, 4]
total successes of this branch: 0
reason of abort: negative delta/dxy

--------------------------------------------------------------------------------
n=4
(result of R-step: (3,4:2)0.95869046)
V=[0, 1, 3, 4]
total successes of this branch: 0
reason of abort: negative delta/dxy
