n=6
V=[0, 1, 2, 3, 4, 5]
total successes of this branch: 5
Matrix on 6 elements:

0    0.00000000  3.65603210  2.77871643  2.52965368  2.42931137  2.53277606
1    3.65603210  0.00000000  2.19026574  2.47857822  2.17807457  1.66391343
2    2.77871643  2.19026574  0.00000000  1.36260261  0.90513585  1.29286864
3    2.52965368  2.47857822  1.36260261  0.00000000  0.97993989  0.93921799
4    2.42931137  2.17807457  0.90513585  0.97993989  0.00000000  1.00056355
5    2.53277606  1.66391343  1.29286864  0.93921799  1.00056355  0.00000000

--------------------------------------------------------------------------------
n=5
(result of R-step: (1,3:5)0.24389896)
V=[0, 1, 2, 3, 4]
total successes of this branch: 5
Matrix on 5 elements:

0    0.00000000  3.53004140  2.77871643  2.12871819  2.42931137
1    3.53004140  0.00000000  2.06427503  1.95165202  2.05208387
2    2.77871643  2.06427503  0.00000000  0.96166712  0.90513585
3    2.12871819  1.95165202  0.96166712  0.00000000  0.57900440
4    2.42931137  2.05208387  0.90513585  0.57900440  0.00000000

--------------------------------------------------------------------------------
n=4
(result of R-step: (0,1:4)0.39731723)
V=[0, 1, 2, 3]
total successes of this branch: 0
reason of abort: negative delta/dxy

--------------------------------------------------------------------------------
n=4
(result of R-step: (0,2:1)0.43951938)
V=[0, 2, 3, 4]
total successes of this branch: 1
Matrix on 4 elements:

0    0.00000000  0.75088892  0.42733548  0.72792866
2    0.75088892  0.00000000  0.63522231  0.57869104
3    0.42733548  0.63522231  0.00000000  0.57900440
4    0.72792866  0.57869104  0.57900440  0.00000000

--------------------------------------------------------------------------------
n=4
(result of R-step: (0,3:2)0.78519537)
V=[0, 1, 3, 4]
total successes of this branch: 0
reason of abort: negative delta/dxy

--------------------------------------------------------------------------------
n=4
(result of R-step: (0,4:3)0.39674917)
V=[0, 1, 2, 4]
total successes of this branch: 1
Matrix on 4 elements:

0    0.00000000  1.82865869  1.07733372  0.47762863
1    1.82865869  0.00000000  2.06427503  1.80178384
2    1.07733372  2.06427503  0.00000000  0.65483582
4    0.47762863  1.80178384  0.65483582  0.00000000

--------------------------------------------------------------------------------
n=4
(result of R-step: (1,2:3)0.81862468)
V=[0, 1, 2, 4]
total successes of this branch: 0
reason of abort: negative delta/dxy

--------------------------------------------------------------------------------
n=4
(result of R-step: (1,3:0)0.08977115)
V=[1, 2, 3, 4]
total successes of this branch: 1
Matrix on 4 elements:

1    0.00000000  1.86641363  1.62445545  1.85422247
2    1.86641363  0.00000000  0.83233195  0.90513585
3    1.62445545  0.83233195  0.00000000  0.44966923
4    1.85422247  0.90513585  0.44966923  0.00000000

--------------------------------------------------------------------------------
n=4
(result of R-step: (1,4:2)0.12230785)
V=[0, 1, 3, 4]
total successes of this branch: 1
Matrix on 4 elements:

0    0.00000000  3.33218000  2.12871819  2.17901134
1    3.33218000  0.00000000  1.75379062  1.60392244
3    2.12871819  1.75379062  0.00000000  0.32870437
4    2.17901134  1.60392244  0.32870437  0.00000000

--------------------------------------------------------------------------------
n=4
(result of R-step: (2,3:4)0.37247965)
V=[0, 1, 2, 3]
total successes of this branch: 1
Matrix on 4 elements:

0    0.00000000  3.53004140  2.45227163  1.99938302
1    3.53004140  0.00000000  1.73783023  1.82231685
2    2.45227163  1.73783023  0.00000000  0.50588714
3    1.99938302  1.82231685  0.50588714  0.00000000

--------------------------------------------------------------------------------
n=4
(result of R-step: (2,4:0)0.19368899)
V=[1, 2, 3, 4]
total successes of this branch: 0
reason of abort: negative delta/dxy

--------------------------------------------------------------------------------
n=4
(result of R-step: (3,4:1)0.16355407)
V=[0, 2, 3, 4]
total successes of this branch: 0
reason of abort: negative delta/dxy
