n=6
V=[0, 1, 2, 3, 4, 5]
total successes of this branch: 3
Matrix on 6 elements:

0    0.00000000  0.96828887  1.23736559  0.97208278  1.18489985  1.75559783
1    0.96828887  0.00000000  1.21959951  1.00330682  1.07340984  1.15692425
2    1.23736559  1.21959951  0.00000000  0.93751391  0.72454901  1.86698581
3    0.97208278  1.00330682  0.93751391  0.00000000  0.93741448  1.74586924
4    1.18489985  1.07340984  0.72454901  0.93741448  0.00000000  1.77814766
5    1.75559783  1.15692425  1.86698581  1.74586924  1.77814766  0.00000000

--------------------------------------------------------------------------------
n=5
(result of R-step: (0,4:3)0.45808500)
V=[0, 1, 2, 4, 5]
total successes of this branch: 0
Matrix on 5 elements:

0    0.00000000  0.58417189  0.85324860  0.41642525  1.37148084
1    0.58417189  0.00000000  1.21959951  0.68905222  1.15692425
2    0.85324860  1.21959951  0.00000000  0.34019139  1.86698581
4    0.41642525  0.68905222  0.34019139  0.00000000  1.39379005
5    1.37148084  1.15692425  1.86698581  1.39379005  0.00000000
reason of abort: no pseudometric

--------------------------------------------------------------------------------
n=5
(result of R-step: (1,2:5)0.86637626)
V=[0, 1, 2, 3, 4]
total successes of this branch: 3
Matrix on 5 elements:

0    0.00000000  0.82827875  1.01659705  0.97208278  1.18489985
1    0.82827875  0.00000000  0.85882085  0.86329670  0.93339972
2    1.01659705  0.85882085  0.00000000  0.71674537  0.50378046
3    0.97208278  0.86329670  0.71674537  0.00000000  0.93741448
4    1.18489985  0.93339972  0.50378046  0.93741448  0.00000000

--------------------------------------------------------------------------------
n=4
(result of R-step: (0,2:1)0.66481895)
V=[0, 2, 3, 4]
total successes of this branch: 0
Matrix on 4 elements:

0    0.00000000  0.32493033  0.58796579  0.80078286
2    0.32493033  0.00000000  0.40919563  0.19623073
3    0.58796579  0.40919563  0.00000000  0.93741448
4    0.80078286  0.19623073  0.93741448  0.00000000
reason of abort: no pseudometric

--------------------------------------------------------------------------------
n=4
(result of R-step: (0,2:3)0.60303695)
V=[0, 1, 2, 4]
total successes of this branch: 1
Matrix on 4 elements:

0    0.00000000  0.37587078  0.46240891  0.73249187
1    0.37587078  0.00000000  0.75704069  0.93339972
2    0.46240891  0.75704069  0.00000000  0.40200030
4    0.73249187  0.93339972  0.40200030  0.00000000

--------------------------------------------------------------------------------
n=4
(result of R-step: (0,2:4)0.51102034)
V=[0, 1, 2, 3]
total successes of this branch: 0
reason of abort: negative delta/dxy

--------------------------------------------------------------------------------
n=4
(result of R-step: (0,4:1)0.89754200)
V=[0, 2, 3, 4]
total successes of this branch: 0
reason of abort: negative delta/dxy

--------------------------------------------------------------------------------
n=4
(result of R-step: (0,4:3)0.45808500)
V=[0, 1, 2, 4]
total successes of this branch: 0
Matrix on 4 elements:

0    0.00000000  0.44416177  0.63248006  0.41642525
1    0.44416177  0.00000000  0.85882085  0.54904210
2    0.63248006  0.85882085  0.00000000  0.11942285
4    0.41642525  0.54904210  0.11942285  0.00000000
reason of abort: no pseudometric

--------------------------------------------------------------------------------
n=4
(result of R-step: (1,2:3)0.77378092)
V=[0, 1, 2, 4]
total successes of this branch: 0
reason of abort: negative delta/dxy

--------------------------------------------------------------------------------
n=4
(result of R-step: (1,2:4)0.15637820)
V=[0, 1, 2, 3]
total successes of this branch: 1
Matrix on 4 elements:

0    0.00000000  0.79269817  0.91481689  0.97208278
1    0.79269817  0.00000000  0.72146011  0.82771612
2    0.91481689  0.72146011  0.00000000  0.61496521
3    0.97208278  0.82771612  0.61496521  0.00000000

--------------------------------------------------------------------------------
n=4
(result of R-step: (1,3:0)0.35845181)
V=[1, 2, 3, 4]
total successes of this branch: 1
Matrix on 4 elements:

1    0.00000000  0.82324027  0.50528668  0.89781914
2    0.82324027  0.00000000  0.39431593  0.50378046
3    0.50528668  0.39431593  0.00000000  0.61498504
4    0.89781914  0.50378046  0.61498504  0.00000000

--------------------------------------------------------------------------------
n=4
(result of R-step: (1,4:3)0.59829285)
V=[0, 1, 2, 4]
total successes of this branch: 0
Matrix on 4 elements:

0    0.00000000  0.42062172  1.01659705  0.71388344
1    0.42062172  0.00000000  0.45116381  0.05472627
2    1.01659705  0.45116381  0.00000000  0.03276405
4    0.71388344  0.05472627  0.03276405  0.00000000
reason of abort: no pseudometric

--------------------------------------------------------------------------------
n=4
(result of R-step: (3,4:2)0.65672532)
V=[0, 1, 3, 4]
total successes of this branch: 0
reason of abort: negative delta/dxy
