n=6
V=[0, 1, 2, 3, 4, 5]
total successes of this branch: 3
Matrix on 6 elements:

0    0.00000000  3.22010229  1.97595498  1.80429289  1.66614600  1.91181950
1    3.22010229  0.00000000  1.77004831  2.34443661  2.05319060  2.34066535
2    1.97595498  1.77004831  0.00000000  1.18476074  0.59414734  1.10265313
3    1.80429289  2.34443661  1.18476074  0.00000000  1.06316554  0.26088956
4    1.66614600  2.05319060  0.59414734  1.06316554  0.00000000  1.07511368
5    1.91181950  2.34066535  1.10265313  0.26088956  1.07511368  0.00000000

--------------------------------------------------------------------------------
n=5
(result of R-step: (0,1:4)0.14123725)
V=[0, 1, 2, 3, 5]
total successes of this branch: 0
Matrix on 5 elements:

0    0.00000000  1.21325021  1.60132022  1.42965814  1.53718474
1    1.21325021  0.00000000  0.13783099  0.71221929  0.70844803
2    1.60132022  0.13783099  0.00000000  1.18476074  1.10265313
3    1.42965814  0.71221929  1.18476074  0.00000000  0.26088956
5    1.53718474  0.70844803  1.10265313  0.26088956  0.00000000
reason of abort: no pseudometric

--------------------------------------------------------------------------------
n=5
(result of R-step: (2,3:5)0.14918277)
V=[0, 1, 2, 3, 4]
total successes of this branch: 3
Matrix on 5 elements:

0    0.00000000  3.22010229  1.93332037  1.80298469  1.66614600
1    3.22010229  0.00000000  1.72741370  2.34312841  2.05319060
2    1.93332037  1.72741370  0.00000000  1.14081793  0.55151273
3    1.80298469  2.34312841  1.14081793  0.00000000  1.06185733
4    1.66614600  2.05319060  0.55151273  1.06185733  0.00000000

--------------------------------------------------------------------------------
n=4
(result of R-step: (0,1:3)0.68258138)
V=[0, 1, 2, 4]
total successes of this branch: 1
Matrix on 4 elements:

0    0.00000000  0.74142836  0.82868425  0.56150988
1    0.74142836  0.00000000  0.35337589  0.67915279
2    0.82868425  0.35337589  0.00000000  0.55151273
4    0.56150988  0.67915279  0.55151273  0.00000000

--------------------------------------------------------------------------------
n=4
(result of R-step: (0,1:4)0.14123725)
V=[0, 1, 2, 3]
total successes of this branch: 0
Matrix on 4 elements:

0    0.00000000  1.21325021  1.55868561  1.42834993
1    1.21325021  0.00000000  0.09519638  0.71091109
2    1.55868561  0.09519638  0.00000000  1.14081793
3    1.42834993  0.71091109  1.14081793  0.00000000
reason of abort: no pseudometric

--------------------------------------------------------------------------------
n=4
(result of R-step: (0,2:1)0.66163437)
V=[0, 2, 3, 4]
total successes of this branch: 0
reason of abort: negative delta/dxy

--------------------------------------------------------------------------------
n=4
(result of R-step: (0,2:3)0.27871610)
V=[0, 1, 2, 4]
total successes of this branch: 0
Matrix on 4 elements:

0    0.00000000  2.84546753  1.27981342  1.29151124
1    2.84546753  0.00000000  1.44854151  2.05319060
2    1.27981342  1.44854151  0.00000000  0.27264054
4    1.29151124  2.05319060  0.27264054  0.00000000
reason of abort: no pseudometric

--------------------------------------------------------------------------------
n=4
(result of R-step: (0,2:4)0.48732915)
V=[0, 1, 2, 3]
total successes of this branch: 1
Matrix on 4 elements:

0    0.00000000  2.11546617  0.81795308  0.69834857
1    2.11546617  0.00000000  1.71668253  2.34312841
2    0.81795308  1.71668253  0.00000000  1.13008675
3    0.69834857  2.34312841  1.13008675  0.00000000

--------------------------------------------------------------------------------
n=4
(result of R-step: (1,3:4)0.54479785)
V=[0, 1, 2, 3]
total successes of this branch: 0
reason of abort: negative delta/dxy

--------------------------------------------------------------------------------
n=4
(result of R-step: (1,4:2)0.69022361)
V=[0, 1, 3, 4]
total successes of this branch: 0
reason of abort: negative delta/dxy

--------------------------------------------------------------------------------
n=4
(result of R-step: (2,3:1)0.66458161)
V=[0, 2, 3, 4]
total successes of this branch: 1
Matrix on 4 elements:

0    0.00000000  1.92258919  1.42366308  1.66614600
2    1.92258919  0.00000000  0.75076514  0.54078156
3    1.42366308  0.75076514  0.00000000  0.68253572
4    1.66614600  0.54078156  0.68253572  0.00000000

--------------------------------------------------------------------------------
n=4
(result of R-step: (2,3:4)0.20521283)
V=[0, 1, 2, 3]
total successes of this branch: 0
reason of abort: negative delta/dxy

--------------------------------------------------------------------------------
n=4
(result of R-step: (3,4:0)0.71783352)
V=[1, 2, 3, 4]
total successes of this branch: 0
reason of abort: negative delta/dxy
