n=6
V=[0, 1, 2, 3, 4, 5]
total successes of this branch: 1
Matrix on 6 elements:

0    0.00000000  0.93427809  0.72758999  0.41712917  1.15089057  0.78058178
1    0.93427809  0.00000000  1.15916095  0.89546208  1.62086353  1.22032208
2    0.72758999  1.15916095  0.00000000  0.78538551  1.38385338  0.31664778
3    0.41712917  0.89546208  0.78538551  0.00000000  1.06312556  0.80741194
4    1.15089057  1.62086353  1.38385338  1.06312556  0.00000000  1.16179065
5    0.78058178  1.22032208  0.31664778  0.80741194  1.16179065  0.00000000

--------------------------------------------------------------------------------
n=5
(result of R-step: (1,3:0)0.79125100)
V=[1, 2, 3, 4, 5]
total successes of this branch: 0
Matrix on 5 elements:

1    0.00000000  0.46349232  0.05095532  0.92519490  0.52465345
2    0.46349232  0.00000000  0.63654738  1.38385338  0.31664778
3    0.05095532  0.63654738  0.00000000  0.91428743  0.65857381
4    0.92519490  1.38385338  0.91428743  0.00000000  1.16179065
5    0.52465345  0.31664778  0.65857381  1.16179065  0.00000000
reason of abort: no pseudometric

--------------------------------------------------------------------------------
n=5
(result of R-step: (2,4:5)0.78726809)
V=[0, 1, 2, 3, 4]
total successes of this branch: 1
Matrix on 5 elements:

0    0.00000000  0.93427809  0.68991809  0.41712917  0.89379520
1    0.93427809  0.00000000  1.12148906  0.89546208  1.36376816
2    0.68991809  1.12148906  0.00000000  0.74771362  1.08908611
3    0.41712917  0.89546208  0.74771362  0.00000000  0.80603019
4    0.89379520  1.36376816  1.08908611  0.80603019  0.00000000

--------------------------------------------------------------------------------
n=4
(result of R-step: (0,2:1)0.93820882)
V=[0, 2, 3, 4]
total successes of this branch: 0
Matrix on 4 elements:

0    0.00000000  0.32689963  0.18597512  0.66264115
2    0.32689963  0.00000000  0.61584920  0.95722170
3    0.18597512  0.61584920  0.00000000  0.80603019
4    0.66264115  0.95722170  0.80603019  0.00000000
reason of abort: no pseudometric

--------------------------------------------------------------------------------
n=4
(result of R-step: (1,3:0)0.79125100)
V=[1, 2, 3, 4]
total successes of this branch: 0
Matrix on 4 elements:

1    0.00000000  0.42582043  0.05095532  0.66809953
2    0.42582043  0.00000000  0.59887549  1.08908611
3    0.05095532  0.59887549  0.00000000  0.65719205
4    0.66809953  1.08908611  0.65719205  0.00000000
reason of abort: no pseudometric

--------------------------------------------------------------------------------
n=4
(result of R-step: (1,3:2)0.25295007)
V=[0, 1, 3, 4]
total successes of this branch: 0
Matrix on 4 elements:

0    0.00000000  0.32040574  0.16331055  0.89379520
1    0.32040574  0.00000000  0.02777111  0.74989580
3    0.16331055  0.02777111  0.00000000  0.55221157
4    0.89379520  0.74989580  0.55221157  0.00000000
reason of abort: no pseudometric

--------------------------------------------------------------------------------
n=4
(result of R-step: (1,3:4)0.94364405)
V=[0, 1, 2, 3]
total successes of this branch: 0
reason of abort: negative delta/dxy

--------------------------------------------------------------------------------
n=4
(result of R-step: (1,4:0)0.18003144)
V=[1, 2, 3, 4]
total successes of this branch: 0
Matrix on 4 elements:

1    0.00000000  0.50761671  0.28158972  0.10762995
2    0.50761671  0.00000000  0.74771362  0.44682026
3    0.28158972  0.74771362  0.00000000  0.16376433
4    0.10762995  0.44682026  0.16376433  0.00000000
reason of abort: no pseudometric

--------------------------------------------------------------------------------
n=4
(result of R-step: (2,3:0)0.85831846)
V=[1, 2, 3, 4]
total successes of this branch: 0
reason of abort: negative delta/dxy

--------------------------------------------------------------------------------
n=4
(result of R-step: (2,3:4)0.17877673)
V=[0, 1, 2, 3]
total successes of this branch: 1
Matrix on 4 elements:

0    0.00000000  0.93427809  0.55805368  0.26829104
1    0.93427809  0.00000000  0.98962464  0.74662395
2    0.55805368  0.98962464  0.00000000  0.46701107
3    0.26829104  0.74662395  0.46701107  0.00000000

--------------------------------------------------------------------------------
n=4
(result of R-step: (2,4:0)0.22063759)
V=[1, 2, 3, 4]
total successes of this branch: 0
reason of abort: negative delta/dxy

--------------------------------------------------------------------------------
n=4
(result of R-step: (2,4:1)0.33627930)
V=[0, 2, 3, 4]
total successes of this branch: 0
reason of abort: negative delta/dxy

--------------------------------------------------------------------------------
n=4
(result of R-step: (3,4:0)0.23888119)
V=[1, 2, 3, 4]
total successes of this branch: 0
reason of abort: negative delta/dxy
