n=6
V=[0, 1, 2, 3, 4, 5]
total successes of this branch: 5
Matrix on 6 elements:

0    0.00000000  1.11845537  0.57555219  0.59699014  0.39811648  0.77877389
1    1.11845537  0.00000000  1.08805156  1.52146342  1.34073862  0.60771068
2    0.57555219  1.08805156  0.00000000  0.97027195  0.79156669  0.90364678
3    0.59699014  1.52146342  0.97027195  0.00000000  0.78478425  0.95550207
4    0.39811648  1.34073862  0.79156669  0.78478425  0.00000000  0.98779097
5    0.77877389  0.60771068  0.90364678  0.95550207  0.98779097  0.00000000

--------------------------------------------------------------------------------
n=5
(result of R-step: (1,3:5)0.61535240)
V=[0, 1, 2, 3, 4]
total successes of this branch: 5
Matrix on 5 elements:

0    0.00000000  0.98716105  0.57555219  0.39113023  0.39811648
1    0.98716105  0.00000000  0.95675724  1.18430920  1.20944429
2    0.57555219  0.95675724  0.00000000  0.76441204  0.79156669
3    0.39113023  1.18430920  0.76441204  0.00000000  0.57892435
4    0.39811648  1.20944429  0.79156669  0.57892435  0.00000000

--------------------------------------------------------------------------------
n=4
(result of R-step: (0,2:1)0.10013411)
V=[0, 2, 3, 4]
total successes of this branch: 1
Matrix on 4 elements:

0    0.00000000  0.27029444  0.33138098  0.33836722
2    0.27029444  0.00000000  0.51890355  0.54605819
3    0.33138098  0.51890355  0.00000000  0.57892435
4    0.33836722  0.54605819  0.57892435  0.00000000

--------------------------------------------------------------------------------
n=4
(result of R-step: (0,3:4)0.24366250)
V=[0, 1, 2, 3]
total successes of this branch: 1
Matrix on 4 elements:

0    0.00000000  0.92741180  0.51580293  0.06004188
1    0.92741180  0.00000000  0.95675724  0.91297010
2    0.51580293  0.95675724  0.00000000  0.49307295
3    0.06004188  0.91297010  0.49307295  0.00000000

--------------------------------------------------------------------------------
n=4
(result of R-step: (1,3:0)0.01837620)
V=[1, 2, 3, 4]
total successes of this branch: 0
Matrix on 4 elements:

1    0.00000000  0.49394693  0.43535996  0.74663399
2    0.49394693  0.00000000  0.47827312  0.79156669
3    0.43535996  0.47827312  0.00000000  0.29278542
4    0.74663399  0.79156669  0.29278542  0.00000000
reason of abort: no pseudometric

--------------------------------------------------------------------------------
n=4
(result of R-step: (1,3:2)0.81824005)
V=[0, 1, 3, 4]
total successes of this branch: 1
Matrix on 4 elements:

0    0.00000000  0.34873496  0.11979114  0.39811648
1    0.34873496  0.00000000  0.27454401  0.57101820
3    0.11979114  0.27454401  0.00000000  0.30758525
4    0.39811648  0.57101820  0.30758525  0.00000000

--------------------------------------------------------------------------------
n=4
(result of R-step: (1,4:0)0.06410893)
V=[1, 2, 3, 4]
total successes of this branch: 1
Matrix on 4 elements:

1    0.00000000  0.31833115  0.54588311  0.27868451
2    0.31833115  0.00000000  0.76441204  0.49923299
3    0.54588311  0.76441204  0.00000000  0.28659065
4    0.27868451  0.49923299  0.28659065  0.00000000

--------------------------------------------------------------------------------
n=4
(result of R-step: (1,4:2)0.49276940)
V=[0, 1, 3, 4]
total successes of this branch: 0
Matrix on 4 elements:

0    0.00000000  0.52435074  0.39113023  0.09409600
1    0.52435074  0.00000000  0.72149889  0.44261351
3    0.39113023  0.72149889  0.00000000  0.27490387
4    0.09409600  0.44261351  0.27490387  0.00000000
reason of abort: no pseudometric

--------------------------------------------------------------------------------
n=4
(result of R-step: (1,4:3)0.04758336)
V=[0, 1, 2, 4]
total successes of this branch: 0
Matrix on 4 elements:

0    0.00000000  0.27862251  0.57555219  0.10602273
1    0.27862251  0.00000000  0.24821869  0.20881200
2    0.57555219  0.24821869  0.00000000  0.49947294
4    0.10602273  0.20881200  0.49947294  0.00000000
reason of abort: no pseudometric

--------------------------------------------------------------------------------
n=4
(result of R-step: (2,3:0)0.03712059)
V=[1, 2, 3, 4]
total successes of this branch: 0
Matrix on 4 elements:

1    0.00000000  0.57668719  0.89795138  1.20944429
2    0.57668719  0.00000000  0.09798418  0.41149663
3    0.89795138  0.09798418  0.00000000  0.29256653
4    1.20944429  0.41149663  0.29256653  0.00000000
reason of abort: no pseudometric

--------------------------------------------------------------------------------
n=4
(result of R-step: (2,4:0)0.07871090)
V=[1, 2, 3, 4]
total successes of this branch: 0
Matrix on 4 elements:

1    0.00000000  0.64749611  1.18430920  0.91735055
2    0.64749611  0.00000000  0.45515092  0.19021182
3    1.18430920  0.45515092  0.00000000  0.28683060
4    0.91735055  0.19021182  0.28683060  0.00000000
reason of abort: no pseudometric

--------------------------------------------------------------------------------
n=4
(result of R-step: (2,4:3)0.04219459)
V=[0, 1, 2, 4]
total successes of this branch: 1
Matrix on 4 elements:

0    0.00000000  0.98716105  0.33004369  0.10578278
1    0.98716105  0.00000000  0.71124874  0.91711060
2    0.33004369  0.71124874  0.00000000  0.25372450
4    0.10578278  0.91711060  0.25372450  0.00000000
