n=6
V=[0, 1, 2, 3, 4, 5]
total successes of this branch: 3
Matrix on 6 elements:

0    0.00000000  0.97240827  1.98375432  0.45610374  1.58620171  1.49806331
1    0.97240827  0.00000000  1.95344533  0.68687033  1.58156597  1.31177353
2    1.98375432  1.95344533  0.00000000  1.77756792  1.32740728  1.83381459
3    0.45610374  0.68687033  1.77756792  0.00000000  1.36627779  1.24667500
4    1.58620171  1.58156597  1.32740728  1.36627779  0.00000000  0.98060766
5    1.49806331  1.31177353  1.83381459  1.24667500  0.98060766  0.00000000

--------------------------------------------------------------------------------
n=5
(result of R-step: (1,4:5)0.47953752)
V=[0, 1, 2, 3, 4]
total successes of this branch: 3
Matrix on 5 elements:

0    0.00000000  0.67792746  1.98375432  0.45610374  1.57084146
1    0.67792746  0.00000000  1.65896452  0.39238952  1.27172491
2    1.98375432  1.65896452  0.00000000  1.77756792  1.31204703
3    0.45610374  0.39238952  1.77756792  0.00000000  1.35091754
4    1.57084146  1.27172491  1.31204703  1.35091754  0.00000000

--------------------------------------------------------------------------------
n=4
(result of R-step: (0,2:1)0.85103557)
V=[0, 2, 3, 4]
total successes of this branch: 0
Matrix on 4 elements:

0    0.00000000  0.82968116  0.07833809  1.19307581
2    0.82968116  0.00000000  1.00126040  0.53573952
3    0.07833809  1.00126040  0.00000000  1.35091754
4    1.19307581  0.53573952  1.35091754  0.00000000
reason of abort: no pseudometric

--------------------------------------------------------------------------------
n=4
(result of R-step: (0,2:4)0.11576860)
V=[0, 1, 2, 3]
total successes of this branch: 0
Matrix on 4 elements:

0    0.00000000  0.28745060  0.82647768  0.06562688
1    0.28745060  0.00000000  0.89216473  0.39238952
2    0.82647768  0.89216473  0.00000000  1.01076813
3    0.06562688  0.39238952  1.01076813  0.00000000
reason of abort: no pseudometric

--------------------------------------------------------------------------------
n=4
(result of R-step: (0,4:1)0.83334052)
V=[0, 2, 3, 4]
total successes of this branch: 0
Matrix on 4 elements:

0    0.00000000  1.60637242  0.07872183  0.66686938
2    1.60637242  0.00000000  1.77756792  0.78545686
3    0.07872183  1.77756792  0.00000000  0.82432737
4    0.66686938  0.78545686  0.82432737  0.00000000
reason of abort: no pseudometric

--------------------------------------------------------------------------------
n=4
(result of R-step: (1,2:4)0.17312223)
V=[0, 1, 2, 3]
total successes of this branch: 0
Matrix on 4 elements:

0    0.00000000  0.42721086  1.25106526  0.45610374
1    0.42721086  0.00000000  0.67555886  0.14167292
2    1.25106526  0.67555886  0.00000000  1.04487885
3    0.45610374  0.14167292  1.04487885  0.00000000
reason of abort: no pseudometric

--------------------------------------------------------------------------------
n=4
(result of R-step: (1,3:0)0.34857262)
V=[1, 2, 3, 4]
total successes of this branch: 0
Matrix on 4 elements:

1    0.00000000  1.40824792  0.08656379  1.02100831
2    1.40824792  0.00000000  1.72245879  1.31204703
3    0.08656379  1.72245879  0.00000000  1.29580841
4    1.02100831  1.31204703  1.29580841  0.00000000
reason of abort: no pseudometric

--------------------------------------------------------------------------------
n=4
(result of R-step: (2,3:0)0.05026179)
V=[1, 2, 3, 4]
total successes of this branch: 1
Matrix on 4 elements:

1    0.00000000  0.92627546  0.31611462  1.27172491
2    0.92627546  0.00000000  0.96860395  0.57935797
3    0.31611462  0.96860395  0.00000000  1.27464264
4    1.27172491  0.57935797  1.27464264  0.00000000

--------------------------------------------------------------------------------
n=4
(result of R-step: (2,3:1)0.19215595)
V=[0, 2, 3, 4]
total successes of this branch: 1
Matrix on 4 elements:

0    0.00000000  1.21695454  0.38025823  1.57084146
2    1.21695454  0.00000000  0.93492262  0.54524725
3    0.38025823  0.93492262  0.00000000  1.27507203
4    1.57084146  0.54524725  1.27507203  0.00000000

--------------------------------------------------------------------------------
n=4
(result of R-step: (2,3:4)0.90166352)
V=[0, 1, 2, 3]
total successes of this branch: 1
Matrix on 4 elements:

0    0.00000000  0.67792746  1.20744681  0.40099461
1    0.67792746  0.00000000  0.88265700  0.33728039
2    1.20744681  0.88265700  0.00000000  0.94615127
3    0.40099461  0.33728039  0.94615127  0.00000000

--------------------------------------------------------------------------------
n=4
(result of R-step: (3,4:0)0.94099627)
V=[1, 2, 3, 4]
total successes of this branch: 0
Matrix on 4 elements:

1    0.00000000  1.65896452  0.31654401  0.71261432
2    1.65896452  0.00000000  1.70172241  0.75293645
3    0.31654401  1.70172241  0.00000000  0.71596144
4    0.71261432  0.75293645  0.71596144  0.00000000
reason of abort: no pseudometric

--------------------------------------------------------------------------------
n=4
(result of R-step: (3,4:1)0.78457506)
V=[0, 2, 3, 4]
total successes of this branch: 0
Matrix on 4 elements:

0    0.00000000  1.98375432  0.37982884  1.03667097
2    1.98375432  0.00000000  1.70129302  0.77787654
3    0.37982884  1.70129302  0.00000000  0.74047215
4    1.03667097  0.77787654  0.74047215  0.00000000
reason of abort: no pseudometric
