n=6
V=[0, 1, 2, 3, 4, 5]
total successes of this branch: 1
Matrix on 6 elements:

0    0.00000000  1.28677357  1.32383872  1.37223161  1.19855201  1.24217973
1    1.28677357  0.00000000  0.94613385  0.90130521  0.75748367  1.05452665
2    1.32383872  0.94613385  0.00000000  1.17528517  0.72717732  1.27102610
3    1.37223161  0.90130521  1.17528517  0.00000000  0.75099333  0.84790213
4    1.19855201  0.75748367  0.72717732  0.75099333  0.00000000  0.91927918
5    1.24217973  1.05452665  1.27102610  0.84790213  0.91927918  0.00000000

--------------------------------------------------------------------------------
n=5
(result of R-step: (0,3:5)0.24262100)
V=[0, 1, 2, 3, 4]
total successes of this branch: 1
Matrix on 5 elements:

0    0.00000000  0.99170098  1.02876613  0.77660196  0.90347942
1    0.99170098  0.00000000  0.94613385  0.60074816  0.75748367
2    1.02876613  0.94613385  0.00000000  0.87472812  0.72717732
3    0.77660196  0.60074816  0.87472812  0.00000000  0.45043627
4    0.90347942  0.75748367  0.72717732  0.45043627  0.00000000

--------------------------------------------------------------------------------
n=4
(result of R-step: (0,1:4)0.73636050)
V=[0, 1, 2, 3]
total successes of this branch: 0
reason of abort: negative delta/dxy

--------------------------------------------------------------------------------
n=4
(result of R-step: (0,2:3)0.52506722)
V=[0, 1, 2, 4]
total successes of this branch: 0
reason of abort: negative delta/dxy

--------------------------------------------------------------------------------
n=4
(result of R-step: (0,3:1)0.78808568)
V=[0, 2, 3, 4]
total successes of this branch: 0
Matrix on 4 elements:

0    0.00000000  0.47228011  0.12878495  0.34699340
2    0.47228011  0.00000000  0.78339712  0.72717732
3    0.12878495  0.78339712  0.00000000  0.35910528
4    0.34699340  0.72717732  0.35910528  0.00000000
reason of abort: no pseudometric

--------------------------------------------------------------------------------
n=4
(result of R-step: (1,2:0)0.90187513)
V=[1, 2, 3, 4]
total successes of this branch: 0
Matrix on 4 elements:

1    0.00000000  0.39535115  0.18500758  0.34174310
2    0.39535115  0.00000000  0.73968599  0.59213519
3    0.18500758  0.73968599  0.00000000  0.45043627
4    0.34174310  0.59213519  0.45043627  0.00000000
reason of abort: no pseudometric

--------------------------------------------------------------------------------
n=4
(result of R-step: (1,3:2)0.26728994)
V=[0, 1, 3, 4]
total successes of this branch: 0
reason of abort: negative delta/dxy

--------------------------------------------------------------------------------
n=4
(result of R-step: (2,3:4)0.32029142)
V=[0, 1, 2, 3]
total successes of this branch: 1
Matrix on 4 elements:

0    0.00000000  0.99170098  0.89372400  0.68527097
1    0.99170098  0.00000000  0.81109172  0.50941716
2    0.89372400  0.81109172  0.00000000  0.64835499
3    0.68527097  0.50941716  0.64835499  0.00000000

--------------------------------------------------------------------------------
n=4
(result of R-step: (2,4:0)0.39020423)
V=[1, 2, 3, 4]
total successes of this branch: 0
reason of abort: negative delta/dxy

--------------------------------------------------------------------------------
n=4
(result of R-step: (2,4:1)0.20765637)
V=[0, 2, 3, 4]
total successes of this branch: 0
reason of abort: negative delta/dxy

--------------------------------------------------------------------------------
n=4
(result of R-step: (3,4:0)0.22140825)
V=[1, 2, 3, 4]
total successes of this branch: 0
reason of abort: negative delta/dxy

--------------------------------------------------------------------------------
n=4
(result of R-step: (3,4:1)0.47639033)
V=[0, 2, 3, 4]
total successes of this branch: 0
reason of abort: negative delta/dxy
