n=6
V=[0, 1, 2, 3, 4, 5]
total successes of this branch: 3
Matrix on 6 elements:

0    0.00000000  1.57564533  1.24117611  1.01890846  0.47378624  1.25050407
1    1.57564533  0.00000000  1.34526770  1.46405610  1.73589429  0.82407634
2    1.24117611  1.34526770  0.00000000  1.22653228  1.41799465  0.58257276
3    1.01890846  1.46405610  1.22653228  0.00000000  1.13049669  1.19763260
4    0.47378624  1.73589429  1.41799465  1.13049669  0.00000000  1.42078887
5    1.25050407  0.82407634  0.58257276  1.19763260  1.42078887  0.00000000

--------------------------------------------------------------------------------
n=5
(result of R-step: (0,3:4)0.82908335)
V=[0, 1, 2, 3, 5]
total successes of this branch: 3
Matrix on 5 elements:

0    0.00000000  1.50308543  1.16861621  0.63504115  1.17794417
1    1.50308543  0.00000000  1.34526770  1.15274869  0.82407634
2    1.16861621  1.34526770  0.00000000  0.91522487  0.58257276
3    0.63504115  1.15274869  0.91522487  0.00000000  0.88632519
5    1.17794417  0.82407634  0.58257276  0.88632519  0.00000000

--------------------------------------------------------------------------------
n=4
(result of R-step: (0,1:3)0.92794299)
V=[0, 1, 2, 5]
total successes of this branch: 1
Matrix on 4 elements:

0    0.00000000  0.90870595  0.74140590  0.75073386
1    0.90870595  0.00000000  1.17809853  0.65690717
2    0.74140590  1.17809853  0.00000000  0.58257276
5    0.75073386  0.65690717  0.58257276  0.00000000

--------------------------------------------------------------------------------
n=4
(result of R-step: (0,2:1)0.00454541)
V=[0, 2, 3, 5]
total successes of this branch: 0
reason of abort: negative delta/dxy

--------------------------------------------------------------------------------
n=4
(result of R-step: (0,3:5)0.04105152)
V=[0, 1, 2, 3]
total successes of this branch: 0
reason of abort: negative delta/dxy

--------------------------------------------------------------------------------
n=4
(result of R-step: (0,5:1)0.59268499)
V=[0, 2, 3, 5]
total successes of this branch: 0
reason of abort: negative delta/dxy

--------------------------------------------------------------------------------
n=4
(result of R-step: (0,5:2)0.52917910)
V=[0, 1, 3, 5]
total successes of this branch: 0
reason of abort: negative delta/dxy

--------------------------------------------------------------------------------
n=4
(result of R-step: (1,2:5)0.39432130)
V=[0, 1, 2, 3]
total successes of this branch: 1
Matrix on 4 elements:

0    0.00000000  1.33591626  1.02442637  0.63504115
1    1.33591626  0.00000000  1.03390869  0.98557952
2    1.02442637  1.03390869  0.00000000  0.77103503
3    0.63504115  0.98557952  0.77103503  0.00000000

--------------------------------------------------------------------------------
n=4
(result of R-step: (1,3:2)0.90006845)
V=[0, 1, 3, 5]
total successes of this branch: 0
reason of abort: negative delta/dxy

--------------------------------------------------------------------------------
n=4
(result of R-step: (2,3:0)0.11831783)
V=[1, 2, 3, 5]
total successes of this branch: 1
Matrix on 4 elements:

1    0.00000000  1.20107786  1.03978541  0.82407634
2    1.20107786  0.00000000  0.65807175  0.43838292
3    1.03978541  0.65807175  0.00000000  0.77336191
5    0.82407634  0.43838292  0.77336191  0.00000000

--------------------------------------------------------------------------------
n=4
(result of R-step: (3,5:1)0.49974429)
V=[0, 2, 3, 5]
total successes of this branch: 0
reason of abort: negative delta/dxy

--------------------------------------------------------------------------------
n=4
(result of R-step: (3,5:2)0.60869012)
V=[0, 1, 3, 5]
total successes of this branch: 0
reason of abort: negative delta/dxy
