n=6
V=[0, 1, 2, 3, 4, 5]
total successes of this branch: 5
Matrix on 6 elements:

0    0.00000000  1.00106984  1.49561842  0.80660235  1.10650417  1.18395668
1    1.00106984  0.00000000  1.22369384  0.33633288  0.53391436  0.80211349
2    1.49561842  1.22369384  0.00000000  1.11625371  1.38310229  0.52793271
3    0.80660235  0.33633288  1.11625371  0.00000000  0.37256408  0.67496464
4    1.10650417  0.53391436  1.38310229  0.37256408  0.00000000  0.87704010
5    1.18395668  0.80211349  0.52793271  0.67496464  0.87704010  0.00000000

--------------------------------------------------------------------------------
n=5
(result of R-step: (0,3:1)0.15204146)
V=[0, 2, 3, 4, 5]
total successes of this branch: 0
reason of abort: negative delta/dxy

--------------------------------------------------------------------------------
n=5
(result of R-step: (2,4:5)0.63441532)
V=[0, 1, 2, 3, 4]
total successes of this branch: 5
Matrix on 5 elements:

0    0.00000000  1.00106984  1.34453503  0.80660235  0.87538624
1    1.00106984  0.00000000  1.07261045  0.33633288  0.30279643
2    1.34453503  1.07261045  0.00000000  0.96517032  1.00090096
3    0.80660235  0.33633288  0.96517032  0.00000000  0.14144614
4    0.87538624  0.30279643  1.00090096  0.14144614  0.00000000

--------------------------------------------------------------------------------
n=4
(result of R-step: (0,1:2)0.67696312)
V=[0, 1, 3, 4]
total successes of this branch: 1
Matrix on 4 elements:

0    0.00000000  0.34547576  0.28170654  0.35049043
1    0.34547576  0.00000000  0.20563460  0.17209814
3    0.28170654  0.20563460  0.00000000  0.14144614
4    0.35049043  0.17209814  0.14144614  0.00000000

--------------------------------------------------------------------------------
n=4
(result of R-step: (0,2:4)0.61946213)
V=[0, 1, 2, 3]
total successes of this branch: 0
reason of abort: negative delta/dxy

--------------------------------------------------------------------------------
n=4
(result of R-step: (0,3:1)0.15204146)
V=[0, 2, 3, 4]
total successes of this branch: 0
reason of abort: negative delta/dxy

--------------------------------------------------------------------------------
n=4
(result of R-step: (0,4:1)0.38310661)
V=[0, 2, 3, 4]
total successes of this branch: 0
Matrix on 4 elements:

0    0.00000000  0.66458219  0.12664950  0.17325033
2    0.66458219  0.00000000  0.96517032  0.97871790
3    0.12664950  0.96517032  0.00000000  0.11926308
4    0.17325033  0.97871790  0.11926308  0.00000000
reason of abort: no pseudometric

--------------------------------------------------------------------------------
n=4
(result of R-step: (0,4:3)0.19531702)
V=[0, 1, 2, 4]
total successes of this branch: 1
Matrix on 4 elements:

0    0.00000000  0.47617404  0.81963923  0.30493427
1    0.47617404  0.00000000  1.07261045  0.25724027
2    0.81963923  1.07261045  0.00000000  0.95534480
4    0.30493427  0.25724027  0.95534480  0.00000000

--------------------------------------------------------------------------------
n=4
(result of R-step: (1,2:3)0.90661722)
V=[0, 1, 2, 4]
total successes of this branch: 0
reason of abort: negative delta/dxy

--------------------------------------------------------------------------------
n=4
(result of R-step: (1,3:4)0.37980289)
V=[0, 1, 2, 3]
total successes of this branch: 1
Matrix on 4 elements:

0    0.00000000  0.87037156  1.34453503  0.79146090
1    0.87037156  0.00000000  0.94191216  0.19049315
2    1.34453503  0.94191216  0.00000000  0.95002887
3    0.79146090  0.19049315  0.95002887  0.00000000

--------------------------------------------------------------------------------
n=4
(result of R-step: (2,3:0)0.56181748)
V=[1, 2, 3, 4]
total successes of this branch: 1
Matrix on 4 elements:

1    0.00000000  0.47585889  0.32119143  0.30279643
2    0.47585889  0.00000000  0.35327731  0.40414940
3    0.32119143  0.35327731  0.00000000  0.12630469
4    0.30279643  0.40414940  0.12630469  0.00000000

--------------------------------------------------------------------------------
n=4
(result of R-step: (2,4:1)0.19517186)
V=[0, 2, 3, 4]
total successes of this branch: 1
Matrix on 4 elements:

0    0.00000000  0.74778347  0.80660235  0.82983008
2    0.74778347  0.00000000  0.36841876  0.35859324
3    0.80660235  0.36841876  0.00000000  0.09588998
4    0.82983008  0.35859324  0.09588998  0.00000000

--------------------------------------------------------------------------------
n=4
(result of R-step: (2,4:3)0.34031320)
V=[0, 1, 2, 4]
total successes of this branch: 0
Matrix on 4 elements:

0    0.00000000  1.00106984  0.56094718  0.85320317
1    1.00106984  0.00000000  0.28902259  0.28061336
2    0.56094718  0.28902259  0.00000000  0.19513004
4    0.85320317  0.28061336  0.19513004  0.00000000
reason of abort: no pseudometric
