n=6
V=[0, 1, 2, 3, 4, 5]
total successes of this branch: 5
Matrix on 6 elements:

0    0.00000000  2.58581123  2.09367440  1.86596104  3.17123168  2.40373040
1    2.58581123  0.00000000  1.98174441  1.93517358  1.40972064  0.42598650
2    2.09367440  1.98174441  0.00000000  1.18636497  2.42696573  1.61192746
3    1.86596104  1.93517358  1.18636497  0.00000000  2.47636242  1.69996324
4    3.17123168  1.40972064  2.42696573  2.47636242  0.00000000  1.54007272
5    2.40373040  0.42598650  1.61192746  1.69996324  1.54007272  0.00000000

--------------------------------------------------------------------------------
n=5
(result of R-step: (1,2:5)0.79300606)
V=[0, 1, 2, 3, 4]
total successes of this branch: 5
Matrix on 5 elements:

0    0.00000000  2.52528906  1.80235275  1.86596104  3.17123168
1    2.52528906  0.00000000  1.62990058  1.87465141  1.34919846
2    1.80235275  1.62990058  0.00000000  0.89504331  2.13564407
3    1.86596104  1.87465141  0.89504331  0.00000000  2.47636242
4    3.17123168  1.34919846  2.13564407  2.47636242  0.00000000

--------------------------------------------------------------------------------
n=4
(result of R-step: (0,1:2)0.96467523)
V=[0, 1, 3, 4]
total successes of this branch: 0
reason of abort: negative delta/dxy

--------------------------------------------------------------------------------
n=4
(result of R-step: (0,2:3)0.68450867)
V=[0, 1, 2, 4]
total successes of this branch: 1
Matrix on 4 elements:

0    0.00000000  1.30873418  0.53909678  1.95467681
1    1.30873418  0.00000000  1.58319949  1.34919846
2    0.53909678  1.58319949  0.00000000  2.08894299
4    1.95467681  1.34919846  2.08894299  0.00000000

--------------------------------------------------------------------------------
n=4
(result of R-step: (0,4:1)0.34631553)
V=[0, 2, 3, 4]
total successes of this branch: 1
Matrix on 4 elements:

0    0.00000000  0.58579787  0.64940616  1.46417165
2    0.58579787  0.00000000  0.89504331  1.64513891
3    0.64940616  0.89504331  0.00000000  1.98585726
4    1.46417165  1.64513891  1.98585726  0.00000000

--------------------------------------------------------------------------------
n=4
(result of R-step: (1,2:4)0.82767249)
V=[0, 1, 2, 3]
total successes of this branch: 1
Matrix on 4 elements:

0    0.00000000  2.34538860  1.75565166  1.86596104
1    2.34538860  0.00000000  1.40329903  1.69475095
2    1.75565166  1.40329903  0.00000000  0.84834222
3    1.86596104  1.69475095  0.84834222  0.00000000

--------------------------------------------------------------------------------
n=4
(result of R-step: (1,3:0)0.11409117)
V=[1, 2, 3, 4]
total successes of this branch: 1
Matrix on 4 elements:

1    0.00000000  1.45000012  1.22708931  1.16929800
2    1.45000012  0.00000000  0.42738167  2.13564407
3    1.22708931  0.42738167  0.00000000  2.00870078
4    1.16929800  2.13564407  2.00870078  0.00000000

--------------------------------------------------------------------------------
n=4
(result of R-step: (1,3:2)0.15511408)
V=[0, 1, 3, 4]
total successes of this branch: 0
Matrix on 4 elements:

0    0.00000000  1.84220037  1.41019665  3.17123168
1    1.84220037  0.00000000  0.73579833  0.66610978
3    1.41019665  0.73579833  0.00000000  2.02059803
4    3.17123168  0.66610978  2.02059803  0.00000000
reason of abort: no pseudometric

--------------------------------------------------------------------------------
n=4
(result of R-step: (1,4:3)0.46127166)
V=[0, 1, 2, 4]
total successes of this branch: 0
reason of abort: negative delta/dxy

--------------------------------------------------------------------------------
n=4
(result of R-step: (2,4:0)0.95943696)
V=[1, 2, 3, 4]
total successes of this branch: 0
reason of abort: negative delta/dxy

--------------------------------------------------------------------------------
n=4
(result of R-step: (3,4:0)0.85466366)
V=[1, 2, 3, 4]
total successes of this branch: 0
Matrix on 4 elements:

1    0.00000000  1.62990058  1.41888702  0.22157391
2    1.62990058  0.00000000  0.43927892  1.00801952
3    1.41888702  0.43927892  0.00000000  0.89297348
4    0.22157391  1.00801952  0.89297348  0.00000000
reason of abort: no pseudometric

--------------------------------------------------------------------------------
n=4
(result of R-step: (3,4:2)0.90105413)
V=[0, 1, 3, 4]
total successes of this branch: 1
Matrix on 4 elements:

0    0.00000000  2.52528906  1.39829940  2.68072652
1    2.52528906  0.00000000  1.40698977  0.85869330
3    1.39829940  1.40698977  0.00000000  1.51819562
4    2.68072652  0.85869330  1.51819562  0.00000000
