n=6
V=[0, 1, 2, 3, 4, 5]
total successes of this branch: 5
Matrix on 6 elements:

0    0.00000000  1.98568719  2.24291507  2.24809528  2.02374489  2.10205505
1    1.98568719  0.00000000  1.72513315  1.76010938  1.52326183  1.74507984
2    2.24291507  1.72513315  0.00000000  1.21512637  0.61349371  0.35237037
3    2.24809528  1.76010938  1.21512637  0.00000000  0.78362051  1.35580981
4    2.02374489  1.52326183  0.61349371  0.78362051  0.00000000  0.81315042
5    2.10205505  1.74507984  0.35237037  1.35580981  0.81315042  0.00000000

--------------------------------------------------------------------------------
n=5
(result of R-step: (0,2:5)0.15631075)
V=[0, 1, 2, 3, 4]
total successes of this branch: 5
Matrix on 5 elements:

0    0.00000000  1.24833411  1.49219253  1.51074220  1.28639181
1    1.24833411  0.00000000  1.71176369  1.76010938  1.52326183
2    1.49219253  1.71176369  0.00000000  1.20175691  0.60012425
3    1.51074220  1.76010938  1.20175691  0.00000000  0.78362051
4    1.28639181  1.52326183  0.60012425  0.78362051  0.00000000

--------------------------------------------------------------------------------
n=4
(result of R-step: (0,2:1)0.96687586)
V=[0, 2, 3, 4]
total successes of this branch: 1
Matrix on 4 elements:

0    0.00000000  0.86460967  1.02500018  0.80064979
2    0.86460967  0.00000000  1.05991607  0.45828341
3    1.02500018  1.05991607  0.00000000  0.78362051
4    0.80064979  0.45828341  0.78362051  0.00000000

--------------------------------------------------------------------------------
n=4
(result of R-step: (0,2:3)0.11755320)
V=[0, 1, 2, 4]
total successes of this branch: 0
Matrix on 4 elements:

0    0.00000000  0.86068680  0.58127198  0.89874449
1    0.86068680  0.00000000  1.18849045  1.52326183
2    0.58127198  1.18849045  0.00000000  0.07685101
4    0.89874449  1.52326183  0.07685101  0.00000000
reason of abort: no pseudometric

--------------------------------------------------------------------------------
n=4
(result of R-step: (0,4:1)0.81935963)
V=[0, 2, 3, 4]
total successes of this branch: 0
Matrix on 4 elements:

0    0.00000000  1.10454522  1.12309489  0.65370069
2    1.10454522  0.00000000  1.20175691  0.35508044
3    1.12309489  1.20175691  0.00000000  0.53857670
4    0.65370069  0.35508044  0.53857670  0.00000000
reason of abort: no pseudometric

--------------------------------------------------------------------------------
n=4
(result of R-step: (0,4:2)0.22916488)
V=[0, 1, 3, 4]
total successes of this branch: 0
Matrix on 4 elements:

0    0.00000000  0.70485880  0.96726690  0.70800451
1    0.70485880  0.00000000  1.76010938  1.48834984
3    0.96726690  1.76010938  0.00000000  0.74870852
4    0.70800451  1.48834984  0.74870852  0.00000000
reason of abort: no pseudometric

--------------------------------------------------------------------------------
n=4
(result of R-step: (0,4:3)0.31258471)
V=[0, 1, 2, 4]
total successes of this branch: 1
Matrix on 4 elements:

0    0.00000000  0.76259209  1.00645051  0.75793300
1    0.76259209  0.00000000  1.71176369  1.48054504
2    1.00645051  1.71176369  0.00000000  0.55740746
4    0.75793300  1.48054504  0.55740746  0.00000000

--------------------------------------------------------------------------------
n=4
(result of R-step: (1,2:3)0.14134289)
V=[0, 1, 2, 4]
total successes of this branch: 0
Matrix on 4 elements:

0    0.00000000  0.40897818  0.96416222  1.28639181
1    0.40897818  0.00000000  0.34437746  0.68390590
2    0.96416222  0.34437746  0.00000000  0.07209394
4    1.28639181  0.68390590  0.07209394  0.00000000
reason of abort: no pseudometric

--------------------------------------------------------------------------------
n=4
(result of R-step: (1,3:0)0.92466786)
V=[1, 2, 3, 4]
total successes of this branch: 1
Matrix on 4 elements:

1    0.00000000  1.01048888  0.63154754  0.82198701
2    1.01048888  0.00000000  0.77446989  0.60012425
3    0.63154754  0.77446989  0.00000000  0.35633349
4    0.82198701  0.60012425  0.35633349  0.00000000

--------------------------------------------------------------------------------
n=4
(result of R-step: (1,4:2)0.20929121)
V=[0, 1, 3, 4]
total successes of this branch: 1
Matrix on 4 elements:

0    0.00000000  0.54705930  1.51074220  1.24367502
1    0.54705930  0.00000000  1.05883456  0.77927023
3    1.51074220  1.05883456  0.00000000  0.74090372
4    1.24367502  0.77927023  0.74090372  0.00000000

--------------------------------------------------------------------------------
n=4
(result of R-step: (1,4:3)0.32815796)
V=[0, 1, 2, 4]
total successes of this branch: 0
Matrix on 4 elements:

0    0.00000000  0.48669068  1.49219253  1.25147981
1    0.48669068  0.00000000  0.95012026  0.72670641
2    1.49219253  0.95012026  0.00000000  0.56521226
4    1.25147981  0.72670641  0.56521226  0.00000000
reason of abort: no pseudometric

--------------------------------------------------------------------------------
n=4
(result of R-step: (2,3:4)0.41942362)
V=[0, 1, 2, 3]
total successes of this branch: 1
Matrix on 4 elements:

0    0.00000000  1.24833411  1.35035169  1.08345518
1    1.24833411  0.00000000  1.56992285  1.33282236
2    1.35035169  1.56992285  0.00000000  0.63262905
3    1.08345518  1.33282236  0.63262905  0.00000000
