n=6
V=[0, 1, 2, 3, 4, 5]
total successes of this branch: 5
Matrix on 6 elements:

0    0.00000000  2.12459031  1.72101046  1.40989915  0.91516523  2.34368640
1    2.12459031  0.00000000  2.15161155  2.07554401  2.02141796  0.96840738
2    1.72101046  2.15161155  0.00000000  1.00215492  1.32295244  2.32093306
3    1.40989915  2.07554401  1.00215492  0.00000000  0.84015269  2.14521873
4    0.91516523  2.02141796  1.32295244  0.84015269  0.00000000  2.18709783
5    2.34368640  0.96840738  2.32093306  2.14521873  2.18709783  0.00000000

--------------------------------------------------------------------------------
n=5
(result of R-step: (0,4:2)0.06817491)
V=[0, 1, 3, 4, 5]
total successes of this branch: 0
reason of abort: negative delta/dxy

--------------------------------------------------------------------------------
n=5
(result of R-step: (1,3:5)0.88551396)
V=[0, 1, 2, 3, 4]
total successes of this branch: 5
Matrix on 5 elements:

0    0.00000000  1.88186782  1.72101046  1.38204732  0.91516523
1    1.88186782  0.00000000  1.90888906  1.80496969  1.77869547
2    1.72101046  1.90888906  0.00000000  0.97430309  1.32295244
3    1.38204732  1.80496969  0.97430309  0.00000000  0.81230086
4    0.91516523  1.77869547  1.32295244  0.81230086  0.00000000

--------------------------------------------------------------------------------
n=4
(result of R-step: (0,1:3)0.04707847)
V=[0, 1, 2, 4]
total successes of this branch: 0
reason of abort: negative delta/dxy

--------------------------------------------------------------------------------
n=4
(result of R-step: (0,2:1)0.45972914)
V=[0, 2, 3, 4]
total successes of this branch: 1
Matrix on 4 elements:

0    0.00000000  0.94600649  1.04615245  0.57927036
2    0.94600649  0.00000000  0.53519398  0.88384333
3    1.04615245  0.53519398  0.00000000  0.81230086
4    0.57927036  0.88384333  0.81230086  0.00000000

--------------------------------------------------------------------------------
n=4
(result of R-step: (0,3:4)0.55974678)
V=[0, 1, 2, 3]
total successes of this branch: 1
Matrix on 4 elements:

0    0.00000000  1.54597295  1.38511559  0.92347077
1    1.54597295  0.00000000  1.90888906  1.68228800
2    1.38511559  1.90888906  0.00000000  0.85162140
3    0.92347077  1.68228800  0.85162140  0.00000000

--------------------------------------------------------------------------------
n=4
(result of R-step: (0,4:2)0.06817491)
V=[0, 1, 3, 4]
total successes of this branch: 0
reason of abort: negative delta/dxy

--------------------------------------------------------------------------------
n=4
(result of R-step: (1,2:4)0.96123338)
V=[0, 1, 2, 3]
total successes of this branch: 0
reason of abort: negative delta/dxy

--------------------------------------------------------------------------------
n=4
(result of R-step: (1,3:2)0.36797679)
V=[0, 1, 3, 4]
total successes of this branch: 1
Matrix on 4 elements:

0    0.00000000  1.04884582  1.25936564  0.91516523
1    1.04884582  0.00000000  0.84926600  0.94567347
3    1.25936564  0.84926600  0.00000000  0.68961917
4    0.91516523  0.94567347  0.68961917  0.00000000

--------------------------------------------------------------------------------
n=4
(result of R-step: (1,4:0)0.42211666)
V=[1, 2, 3, 4]
total successes of this branch: 1
Matrix on 4 elements:

1    0.00000000  1.07586706  0.97194768  0.93388578
2    1.07586706  0.00000000  0.97430309  1.31116475
3    0.97194768  0.97430309  0.00000000  0.80051317
4    0.93388578  1.31116475  0.80051317  0.00000000

--------------------------------------------------------------------------------
n=4
(result of R-step: (2,3:0)0.06384112)
V=[1, 2, 3, 4]
total successes of this branch: 0
reason of abort: negative delta/dxy

--------------------------------------------------------------------------------
n=4
(result of R-step: (2,4:3)0.65212285)
V=[0, 1, 2, 4]
total successes of this branch: 1
Matrix on 4 elements:

0    0.00000000  1.88186782  1.28190135  0.90337754
1    1.88186782  0.00000000  1.46977995  1.76690779
2    1.28190135  1.46977995  0.00000000  0.87205564
4    0.90337754  1.76690779  0.87205564  0.00000000

--------------------------------------------------------------------------------
n=4
(result of R-step: (3,4:1)0.46689306)
V=[0, 2, 3, 4]
total successes of this branch: 0
reason of abort: negative delta/dxy
