n=6
V=[0, 1, 2, 3, 4, 5]
total successes of this branch: 1
Matrix on 6 elements:

0    0.00000000  0.97761669  1.02119465  0.82910226  0.90272157  0.25190038
1    0.97761669  0.00000000  0.76558694  0.52397344  0.62560951  0.89779937
2    1.02119465  0.76558694  0.00000000  0.60107712  0.29288958  0.84478206
3    0.82910226  0.52397344  0.60107712  0.00000000  0.47975952  0.74996890
4    0.90272157  0.62560951  0.29288958  0.47975952  0.00000000  0.69365399
5    0.25190038  0.89779937  0.84478206  0.74996890  0.69365399  0.00000000

--------------------------------------------------------------------------------
n=5
(result of R-step: (0,4:5)0.74330105)
V=[0, 1, 2, 3, 4]
total successes of this branch: 1
Matrix on 5 elements:

0    0.00000000  0.97113873  1.01471669  0.82262430  0.87264098
1    0.97113873  0.00000000  0.76558694  0.52397344  0.60200688
2    1.01471669  0.76558694  0.00000000  0.60107712  0.26928695
3    0.82262430  0.52397344  0.60107712  0.00000000  0.45615689
4    0.87264098  0.60200688  0.26928695  0.45615689  0.00000000

--------------------------------------------------------------------------------
n=4
(result of R-step: (0,1:3)0.86772358)
V=[0, 1, 2, 4]
total successes of this branch: 0
Matrix on 4 elements:

0    0.00000000  0.11750913  0.39536558  0.25328987
1    0.11750913  0.00000000  0.53130846  0.36772839
2    0.39536558  0.53130846  0.00000000  0.26928695
4    0.25328987  0.36772839  0.26928695  0.00000000
reason of abort: no pseudometric

--------------------------------------------------------------------------------
n=4
(result of R-step: (1,2:0)0.93163702)
V=[1, 2, 3, 4]
total successes of this branch: 0
Matrix on 4 elements:

1    0.00000000  0.37077709  0.18831637  0.26634981
2    0.37077709  0.00000000  0.54192433  0.21013416
3    0.18831637  0.54192433  0.00000000  0.45615689
4    0.26634981  0.21013416  0.45615689  0.00000000
reason of abort: no pseudometric

--------------------------------------------------------------------------------
n=4
(result of R-step: (1,2:4)0.08484587)
V=[0, 1, 2, 3]
total successes of this branch: 1
Matrix on 4 elements:

0    0.00000000  0.73686024  0.82747590  0.82262430
1    0.73686024  0.00000000  0.34406767  0.28969495
2    0.82747590  0.34406767  0.00000000  0.41383634
3    0.82262430  0.28969495  0.41383634  0.00000000

--------------------------------------------------------------------------------
n=4
(result of R-step: (1,4:0)0.88442700)
V=[1, 2, 3, 4]
total successes of this branch: 0
Matrix on 4 elements:

1    0.00000000  0.42916892  0.18755542  0.11970177
2    0.42916892  0.00000000  0.60107712  0.12339986
3    0.18755542  0.60107712  0.00000000  0.31026980
4    0.11970177  0.12339986  0.31026980  0.00000000
reason of abort: no pseudometric

--------------------------------------------------------------------------------
n=4
(result of R-step: (1,4:3)0.95979059)
V=[0, 1, 2, 4]
total successes of this branch: 0
reason of abort: negative delta/dxy

--------------------------------------------------------------------------------
n=4
(result of R-step: (2,3:0)0.07160418)
V=[1, 2, 3, 4]
total successes of this branch: 0
Matrix on 4 elements:

1    0.00000000  0.57834616  0.33562710  0.60200688
2    0.57834616  0.00000000  0.22549000  0.08204616
3    0.33562710  0.22549000  0.00000000  0.26781055
4    0.60200688  0.08204616  0.26781055  0.00000000
reason of abort: no pseudometric

--------------------------------------------------------------------------------
n=4
(result of R-step: (2,3:1)0.00703089)
V=[0, 2, 3, 4]
total successes of this branch: 0
reason of abort: negative delta/dxy

--------------------------------------------------------------------------------
n=4
(result of R-step: (2,3:4)0.56575383)
V=[0, 1, 2, 3]
total successes of this branch: 0
Matrix on 4 elements:

0    0.00000000  0.97113873  0.95556390  0.62140717
1    0.97113873  0.00000000  0.70643415  0.32275631
2    0.95556390  0.70643415  0.00000000  0.34070720
3    0.62140717  0.32275631  0.34070720  0.00000000
reason of abort: no pseudometric

--------------------------------------------------------------------------------
n=4
(result of R-step: (2,4:0)0.14279029)
V=[1, 2, 3, 4]
total successes of this branch: 0
reason of abort: negative delta/dxy

--------------------------------------------------------------------------------
n=4
(result of R-step: (3,4:0)0.91819475)
V=[1, 2, 3, 4]
total successes of this branch: 0
Matrix on 4 elements:

1    0.00000000  0.76558694  0.33636262  0.52243760
2    0.76558694  0.00000000  0.41346631  0.18971767
3    0.33636262  0.41346631  0.00000000  0.18897680
4    0.52243760  0.18971767  0.18897680  0.00000000
reason of abort: no pseudometric
