n=6
V=[0, 1, 2, 3, 4, 5]
total successes of this branch: 3
Matrix on 6 elements:

0    0.00000000  0.72802344  0.62881528  0.52406292  0.49691922  0.44625830
1    0.72802344  0.00000000  0.70937041  0.67531718  0.60385152  0.55792403
2    0.62881528  0.70937041  0.00000000  0.64071533  0.49556303  0.44973447
3    0.52406292  0.67531718  0.64071533  0.00000000  0.42369581  0.37750896
4    0.49691922  0.60385152  0.49556303  0.42369581  0.00000000  0.06950541
5    0.44625830  0.55792403  0.44973447  0.37750896  0.06950541  0.00000000

--------------------------------------------------------------------------------
n=5
(result of R-step: (0,4:5)0.01089503)
V=[0, 1, 2, 3, 4]
total successes of this branch: 3
Matrix on 5 elements:

0    0.00000000  0.63470649  0.53549832  0.43074597  0.34730298
1    0.63470649  0.00000000  0.70937041  0.67531718  0.54755223
2    0.53549832  0.70937041  0.00000000  0.64071533  0.43926374
3    0.43074597  0.67531718  0.64071533  0.00000000  0.36739652
4    0.34730298  0.54755223  0.43926374  0.36739652  0.00000000

--------------------------------------------------------------------------------
n=4
(result of R-step: (0,1:4)0.53485792)
V=[0, 1, 2, 3]
total successes of this branch: 0
Matrix on 4 elements:

0    0.00000000  0.00640875  0.32125069  0.21649833
1    0.00640875  0.00000000  0.29532031  0.26126708
2    0.32125069  0.29532031  0.00000000  0.64071533
3    0.21649833  0.26126708  0.64071533  0.00000000
reason of abort: no pseudometric

--------------------------------------------------------------------------------
n=4
(result of R-step: (0,2:1)0.62441756)
V=[0, 2, 3, 4]
total successes of this branch: 0
Matrix on 4 elements:

0    0.00000000  0.04238606  0.21624822  0.13280524
2    0.04238606  0.00000000  0.36210080  0.16064922
3    0.21624822  0.36210080  0.00000000  0.36739652
4    0.13280524  0.16064922  0.36739652  0.00000000
reason of abort: no pseudometric

--------------------------------------------------------------------------------
n=4
(result of R-step: (0,2:4)0.82406613)
V=[0, 1, 2, 3]
total successes of this branch: 0
Matrix on 4 elements:

0    0.00000000  0.42029357  0.04181036  0.21633304
1    0.42029357  0.00000000  0.43009537  0.67531718
2    0.04181036  0.43009537  0.00000000  0.36144029
3    0.21633304  0.67531718  0.36144029  0.00000000
reason of abort: no pseudometric

--------------------------------------------------------------------------------
n=4
(result of R-step: (1,3:0)0.76343480)
V=[1, 2, 3, 4]
total successes of this branch: 0
Matrix on 4 elements:

1    0.00000000  0.29507136  0.10711549  0.13325318
2    0.29507136  0.00000000  0.48681269  0.43926374
3    0.10711549  0.48681269  0.00000000  0.21349389
4    0.13325318  0.43926374  0.21349389  0.00000000
reason of abort: no pseudometric

--------------------------------------------------------------------------------
n=4
(result of R-step: (1,3:4)0.87216449)
V=[0, 1, 2, 3]
total successes of this branch: 0
Matrix on 4 elements:

0    0.00000000  0.22047681  0.53549832  0.27531587
1    0.22047681  0.00000000  0.29514073  0.10565740
2    0.53549832  0.29514073  0.00000000  0.48528523
3    0.27531587  0.10565740  0.48528523  0.00000000
reason of abort: no pseudometric

--------------------------------------------------------------------------------
n=4
(result of R-step: (2,3:0)0.54258089)
V=[1, 2, 3, 4]
total successes of this branch: 1
Matrix on 4 elements:

1    0.00000000  0.43152224  0.51988708  0.54755223
2    0.43152224  0.00000000  0.20743706  0.16141557
3    0.51988708  0.20743706  0.00000000  0.21196642
4    0.54755223  0.16141557  0.21196642  0.00000000

--------------------------------------------------------------------------------
n=4
(result of R-step: (2,3:1)0.72387745)
V=[0, 2, 3, 4]
total successes of this branch: 1
Matrix on 4 elements:

0    0.00000000  0.25622328  0.27975296  0.34730298
2    0.25622328  0.00000000  0.21044728  0.15998870
3    0.27975296  0.21044728  0.00000000  0.21640351
4    0.34730298  0.15998870  0.21640351  0.00000000

--------------------------------------------------------------------------------
n=4
(result of R-step: (2,3:4)0.62690955)
V=[0, 1, 2, 3]
total successes of this branch: 1
Matrix on 4 elements:

0    0.00000000  0.63470649  0.25688380  0.27684333
1    0.63470649  0.00000000  0.43075589  0.52141455
2    0.25688380  0.43075589  0.00000000  0.20819817
3    0.27684333  0.52141455  0.20819817  0.00000000

--------------------------------------------------------------------------------
n=4
(result of R-step: (2,4:1)0.24102811)
V=[0, 2, 3, 4]
total successes of this branch: 0
Matrix on 4 elements:

0    0.00000000  0.25765016  0.43074597  0.21578679
2    0.25765016  0.00000000  0.36286716  0.02989938
3    0.43074597  0.36286716  0.00000000  0.23588033
4    0.21578679  0.02989938  0.23588033  0.00000000
reason of abort: no pseudometric

--------------------------------------------------------------------------------
n=4
(result of R-step: (3,4:0)0.12322896)
V=[1, 2, 3, 4]
total successes of this branch: 0
Matrix on 4 elements:

1    0.00000000  0.70937041  0.52432417  0.41603604
2    0.70937041  0.00000000  0.48972232  0.30774755
3    0.52432417  0.48972232  0.00000000  0.08488732
4    0.41603604  0.30774755  0.08488732  0.00000000
reason of abort: no pseudometric
