n=6
V=[0, 1, 2, 3, 4, 5]
total successes of this branch: 5
Matrix on 6 elements:

0    0.00000000  1.30117428  1.54362758  0.77089339  0.57597786  0.48897192
1    1.30117428  0.00000000  1.60682072  1.64669824  1.73665927  1.61744815
2    1.54362758  1.60682072  0.00000000  1.86901991  1.97811697  1.85482591
3    0.77089339  1.64669824  1.86901991  0.00000000  1.20172731  0.80701831
4    0.57597786  1.73665927  1.97811697  1.20172731  0.00000000  0.96290157
5    0.48897192  1.61744815  1.85482591  0.80701831  0.96290157  0.00000000

--------------------------------------------------------------------------------
n=5
(result of R-step: (0,3:5)0.74788223)
V=[0, 1, 2, 3, 4]
total successes of this branch: 5
Matrix on 5 elements:

0    0.00000000  1.25741415  1.49986745  0.72451605  0.53221773
1    1.25741415  0.00000000  1.60682072  1.64408102  1.73665927
2    1.49986745  1.60682072  0.00000000  1.86640270  1.97811697
3    0.72451605  1.64408102  1.86640270  0.00000000  1.19911010
4    0.53221773  1.73665927  1.97811697  1.19911010  0.00000000

--------------------------------------------------------------------------------
n=4
(result of R-step: (0,1:3)0.72632316)
V=[0, 1, 2, 4]
total successes of this branch: 0
Matrix on 4 elements:

0    0.00000000  0.50876242  1.47017935  0.50252964
1    0.50876242  0.00000000  0.88785709  1.01769563
2    1.47017935  0.88785709  0.00000000  1.97811697
4    0.50252964  1.01769563  1.97811697  0.00000000
reason of abort: no pseudometric

--------------------------------------------------------------------------------
n=4
(result of R-step: (0,2:1)0.06294486)
V=[0, 2, 3, 4]
total successes of this branch: 1
Matrix on 4 elements:

0    0.00000000  0.59351342  0.70544041  0.51314210
2    0.59351342  0.00000000  0.97912431  1.09083858
3    0.70544041  0.97912431  0.00000000  1.19911010
4    0.51314210  1.09083858  1.19911010  0.00000000

--------------------------------------------------------------------------------
n=4
(result of R-step: (0,2:3)0.74443469)
V=[0, 1, 2, 4]
total successes of this branch: 0
Matrix on 4 elements:

0    0.00000000  1.22797484  0.58517759  0.50277843
1    1.22797484  0.00000000  0.72157017  1.73665927
2    0.58517759  0.72157017  0.00000000  1.09286642
4    0.50277843  1.73665927  1.09286642  0.00000000
reason of abort: no pseudometric

--------------------------------------------------------------------------------
n=4
(result of R-step: (0,3:4)0.95054572)
V=[0, 1, 2, 3]
total successes of this branch: 1
Matrix on 4 elements:

0    0.00000000  1.23833851  1.48079181  0.19687285
1    1.23833851  0.00000000  1.60682072  1.13551346
2    1.48079181  1.60682072  0.00000000  1.35783513
3    0.19687285  1.13551346  1.35783513  0.00000000

--------------------------------------------------------------------------------
n=4
(result of R-step: (1,3:2)0.78594260)
V=[0, 1, 3, 4]
total successes of this branch: 1
Matrix on 4 elements:

0    0.00000000  0.68589090  0.21594848  0.53221773
1    0.68589090  0.00000000  0.56399021  1.16513602
3    0.21594848  0.56399021  0.00000000  0.69054254
4    0.53221773  1.16513602  0.69054254  0.00000000

--------------------------------------------------------------------------------
n=4
(result of R-step: (1,4:0)0.00447828)
V=[1, 2, 3, 4]
total successes of this branch: 1
Matrix on 4 elements:

1    0.00000000  1.03529748  1.07255778  0.66237088
2    1.03529748  0.00000000  1.86640270  1.47535183
3    1.07255778  1.86640270  0.00000000  0.69634495
4    0.66237088  1.47535183  0.69634495  0.00000000

--------------------------------------------------------------------------------
n=4
(result of R-step: (1,4:3)0.27725912)
V=[0, 1, 2, 4]
total successes of this branch: 0
Matrix on 4 elements:

0    0.00000000  0.54022335  1.49986745  0.02970396
1    0.54022335  0.00000000  0.88962992  0.51695470
2    1.49986745  0.88962992  0.00000000  1.47560320
4    0.02970396  0.51695470  1.47560320  0.00000000
reason of abort: no pseudometric

--------------------------------------------------------------------------------
n=4
(result of R-step: (2,4:0)0.00583476)
V=[1, 2, 3, 4]
total successes of this branch: 0
Matrix on 4 elements:

1    0.00000000  0.59736560  1.64408102  1.23414550
2    0.59736560  0.00000000  0.85694757  0.46614808
3    1.64408102  0.85694757  0.00000000  0.69659633
4    1.23414550  0.46614808  0.69659633  0.00000000
reason of abort: no pseudometric

--------------------------------------------------------------------------------
n=4
(result of R-step: (2,4:1)0.93297437)
V=[0, 2, 3, 4]
total successes of this branch: 0
Matrix on 4 elements:

0    0.00000000  0.61461690  0.72451605  0.01955713
2    0.61461690  0.00000000  0.98115215  0.58020582
3    0.72451605  0.98115215  0.00000000  0.68644950
4    0.01955713  0.58020582  0.68644950  0.00000000
reason of abort: no pseudometric

--------------------------------------------------------------------------------
n=4
(result of R-step: (2,4:3)0.25957139)
V=[0, 1, 2, 4]
total successes of this branch: 1
Matrix on 4 elements:

0    0.00000000  1.25741415  0.61258906  0.02945259
1    1.25741415  0.00000000  0.71954233  1.23389412
2    0.61258906  0.71954233  0.00000000  0.58807344
4    0.02945259  1.23389412  0.58807344  0.00000000
