n=6
V=[0, 1, 2, 3, 4, 5]
total successes of this branch: 3
Matrix on 6 elements:

0    0.00000000  1.28298749  1.66075612  0.86657293  1.10976267  1.16737626
1    1.28298749  0.00000000  1.76301902  1.06351719  1.17208389  1.28185061
2    1.66075612  1.76301902  0.00000000  1.17853117  0.76455667  0.91028526
3    0.86657293  1.06351719  1.17853117  0.00000000  0.64383801  0.75872594
4    1.10976267  1.17208389  0.76455667  0.64383801  0.00000000  0.23116163
5    1.16737626  1.28185061  0.91028526  0.75872594  0.23116163  0.00000000

--------------------------------------------------------------------------------
n=5
(result of R-step: (0,4:5)0.04579404)
V=[0, 1, 2, 3, 4]
total successes of this branch: 3
Matrix on 5 elements:

0    0.00000000  1.24208577  1.61985440  0.82567121  1.02921903
1    1.24208577  0.00000000  1.76301902  1.06351719  1.13244197
2    1.61985440  1.76301902  0.00000000  1.17853117  0.72491475
3    0.82567121  1.06351719  1.17853117  0.00000000  0.60419609
4    1.02921903  1.13244197  0.72491475  0.60419609  0.00000000

--------------------------------------------------------------------------------
n=4
(result of R-step: (0,2:1)0.79514552)
V=[0, 2, 3, 4]
total successes of this branch: 0
Matrix on 4 elements:

0    0.00000000  0.39631844  0.35739824  0.56094606
2    0.39631844  0.00000000  0.42326818 -0.03034824
3    0.35739824  0.42326818  0.00000000  0.60419609
4    0.56094606 -0.03034824  0.60419609  0.00000000
reason of abort: no pseudometric

--------------------------------------------------------------------------------
n=4
(result of R-step: (0,2:3)0.70135343)
V=[0, 1, 2, 4]
total successes of this branch: 1
Matrix on 4 elements:

0    0.00000000  0.76012423  0.50740807  0.54725748
1    0.76012423  0.00000000  1.13253423  1.13244197
2    0.50740807  1.13253423  0.00000000  0.09442997
4    0.54725748  1.13244197  0.09442997  0.00000000

--------------------------------------------------------------------------------
n=4
(result of R-step: (0,2:4)0.33462767)
V=[0, 1, 2, 3]
total successes of this branch: 0
Matrix on 4 elements:

0    0.00000000  0.63294442  0.53043682  0.21652986
1    0.63294442  0.00000000  1.28274279  1.06351719
2    0.53043682  1.28274279  0.00000000  0.69825494
3    0.21652986  1.06351719  0.69825494  0.00000000
reason of abort: no pseudometric

--------------------------------------------------------------------------------
n=4
(result of R-step: (0,4:1)0.85941151)
V=[0, 2, 3, 4]
total successes of this branch: 0
reason of abort: negative delta/dxy

--------------------------------------------------------------------------------
n=4
(result of R-step: (0,4:3)0.66540680)
V=[0, 1, 2, 4]
total successes of this branch: 0
Matrix on 4 elements:

0    0.00000000  0.77381280  1.15158143  0.46944799
1    0.77381280  0.00000000  1.76301902  1.04094390
2    1.15158143  1.76301902  0.00000000  0.63341668
4    0.46944799  1.04094390  0.63341668  0.00000000
reason of abort: no pseudometric

--------------------------------------------------------------------------------
n=4
(result of R-step: (1,2:3)0.85759339)
V=[0, 1, 2, 4]
total successes of this branch: 0
Matrix on 4 elements:

0    0.00000000  0.49425880  1.13957817  1.02921903
1    0.49425880  0.00000000  0.53491582  0.38461499
2    1.13957817  0.53491582  0.00000000  0.24463852
4    1.02921903  0.38461499  0.24463852  0.00000000
reason of abort: no pseudometric

--------------------------------------------------------------------------------
n=4
(result of R-step: (1,2:4)0.06203618)
V=[0, 1, 2, 3]
total successes of this branch: 1
Matrix on 4 elements:

0    0.00000000  0.87138301  0.98936962  0.82567121
1    0.87138301  0.00000000  0.76183147  0.69281442
2    0.98936962  0.76183147  0.00000000  0.54804638
3    0.82567121  0.69281442  0.54804638  0.00000000

--------------------------------------------------------------------------------
n=4
(result of R-step: (1,3:0)0.28982439)
V=[1, 2, 3, 4]
total successes of this branch: 1
Matrix on 4 elements:

1    0.00000000  1.39231625  0.51996028  0.76173920
2    1.39231625  0.00000000  1.00567702  0.72491475
3    0.51996028  1.00567702  0.00000000  0.43134195
4    0.76173920  0.72491475  0.43134195  0.00000000

--------------------------------------------------------------------------------
n=4
(result of R-step: (1,4:3)0.79633344)
V=[0, 1, 2, 4]
total successes of this branch: 0
Matrix on 4 elements:

0    0.00000000  0.48490462  1.61985440  0.84397653
1    0.48490462  0.00000000  1.00583786  0.19001831
2    1.61985440  1.00583786  0.00000000  0.53967225
4    0.84397653  0.19001831  0.53967225  0.00000000
reason of abort: no pseudometric

--------------------------------------------------------------------------------
n=4
(result of R-step: (3,4:2)0.29669274)
V=[0, 1, 3, 4]
total successes of this branch: 0
reason of abort: negative delta/dxy
