n=6
V=[0, 1, 2, 3, 4, 5]
total successes of this branch: 3
Matrix on 6 elements:

0    0.00000000  1.10583084  0.82046879  1.02842414  0.85108538  0.83766847
1    1.10583084  0.00000000  1.27897433  1.60401319  1.47722451  0.96814429
2    0.82046879  1.27897433  0.00000000  1.29846806  1.17895259  1.12030316
3    1.02842414  1.60401319  1.29846806  0.00000000  0.91615269  1.02935429
4    0.85108538  1.47722451  1.17895259  0.91615269  0.00000000  0.73382579
5    0.83766847  0.96814429  1.12030316  1.02935429  0.73382579  0.00000000

--------------------------------------------------------------------------------
n=5
(result of R-step: (1,4:5)0.29234384)
V=[0, 1, 2, 3, 4]
total successes of this branch: 3
Matrix on 5 elements:

0    0.00000000  1.08758616  0.82046879  1.02842414  0.57562782
1    1.08758616  0.00000000  1.26072966  1.58576851  1.18352227
2    0.82046879  1.26072966  0.00000000  1.29846806  0.90349503
3    1.02842414  1.58576851  1.29846806  0.00000000  0.64069513
4    0.57562782  1.18352227  0.90349503  0.64069513  0.00000000

--------------------------------------------------------------------------------
n=4
(result of R-step: (0,2:1)0.12578350)
V=[0, 2, 3, 4]
total successes of this branch: 1
Matrix on 4 elements:

0    0.00000000  0.14719430  0.83344118  0.38064486
2    0.14719430  0.00000000  0.82017653  0.42520350
3    0.83344118  0.82017653  0.00000000  0.64069513
4    0.38064486  0.42520350  0.64069513  0.00000000

--------------------------------------------------------------------------------
n=4
(result of R-step: (0,3:4)0.36036188)
V=[0, 1, 2, 3]
total successes of this branch: 1
Matrix on 4 elements:

0    0.00000000  0.89260320  0.62548583  0.44821509
1    0.89260320  0.00000000  1.26072966  1.20054243
2    0.62548583  1.26072966  0.00000000  0.91324197
3    0.44821509  1.20054243  0.91324197  0.00000000

--------------------------------------------------------------------------------
n=4
(result of R-step: (1,3:0)0.71125812)
V=[1, 2, 3, 4]
total successes of this branch: 0
Matrix on 4 elements:

1    0.00000000  0.50090290  0.21693602  0.42369552
2    0.50090290  0.00000000  0.68946232  0.90349503
3    0.21693602  0.68946232  0.00000000  0.03168939
4    0.42369552  0.90349503  0.03168939  0.00000000
reason of abort: no pseudometric

--------------------------------------------------------------------------------
n=4
(result of R-step: (1,3:2)0.97330824)
V=[0, 1, 3, 4]
total successes of this branch: 1
Matrix on 4 elements:

0    0.00000000  0.32526808  0.64319805  0.57562782
1    0.32526808  0.00000000  0.43822435  0.42120420
3    0.64319805  0.43822435  0.00000000  0.25546904
4    0.57562782  0.42120420  0.25546904  0.00000000

--------------------------------------------------------------------------------
n=4
(result of R-step: (1,4:0)0.80082376)
V=[1, 2, 3, 4]
total successes of this branch: 0
reason of abort: negative delta/dxy

--------------------------------------------------------------------------------
n=4
(result of R-step: (1,4:2)0.95340017)
V=[0, 1, 3, 4]
total successes of this branch: 0
Matrix on 4 elements:

0    0.00000000  0.32775941  1.02842414  0.37836430
1    0.32775941  0.00000000  0.82594176  0.22643200
3    1.02842414  0.82594176  0.00000000  0.44343161
4    0.37836430  0.22643200  0.44343161  0.00000000
reason of abort: no pseudometric

--------------------------------------------------------------------------------
n=4
(result of R-step: (1,4:3)0.37371964)
V=[0, 1, 2, 4]
total successes of this branch: 0
reason of abort: negative delta/dxy

--------------------------------------------------------------------------------
n=4
(result of R-step: (2,3:0)0.73679225)
V=[1, 2, 3, 4]
total successes of this branch: 0
Matrix on 4 elements:

1    0.00000000  0.76031846  0.95809099  1.18352227
2    0.76031846  0.00000000  0.17037934  0.40308384
3    0.95809099  0.17037934  0.00000000  0.01301761
4    1.18352227  0.40308384  0.01301761  0.00000000
reason of abort: no pseudometric

--------------------------------------------------------------------------------
n=4
(result of R-step: (2,4:0)0.83309305)
V=[1, 2, 3, 4]
total successes of this branch: 0
reason of abort: negative delta/dxy

--------------------------------------------------------------------------------
n=4
(result of R-step: (2,4:3)0.30155099)
V=[0, 1, 2, 4]
total successes of this branch: 0
reason of abort: negative delta/dxy
