n=6
V=[0, 1, 2, 3, 4, 5]
total successes of this branch: 1
Matrix on 6 elements:

0    0.00000000  1.06378652  2.49238332  1.35752461  0.62575464  0.72745432
1    1.06378652  0.00000000  2.63498304  1.58875391  1.40033254  1.34512908
2    2.49238332  2.63498304  0.00000000  2.91604521  2.78091208  2.71032053
3    1.35752461  1.58875391  2.91604521  0.00000000  1.69236033  1.24827260
4    0.62575464  1.40033254  2.78091208  1.69236033  0.00000000  1.02525601
5    0.72745432  1.34512908  2.71032053  1.24827260  1.02525601  0.00000000

--------------------------------------------------------------------------------
n=5
(result of R-step: (0,2:1)0.08931435)
V=[0, 2, 3, 4, 5]
total successes of this branch: 0
reason of abort: negative delta/dxy

--------------------------------------------------------------------------------
n=5
(result of R-step: (3,4:5)0.28877068)
V=[0, 1, 2, 3, 4]
total successes of this branch: 1
Matrix on 5 elements:

0    0.00000000  1.06378652  2.49238332  1.09047820  0.17149468
1    1.06378652  0.00000000  2.63498304  1.32170749  0.94607259
2    2.49238332  2.63498304  0.00000000  2.64899879  2.32665212
3    1.09047820  1.32170749  2.64899879  0.00000000  0.97105396
4    0.17149468  0.94607259  2.32665212  0.97105396  0.00000000

--------------------------------------------------------------------------------
n=4
(result of R-step: (0,1:4)0.47752245)
V=[0, 1, 2, 3]
total successes of this branch: 0
reason of abort: negative delta/dxy

--------------------------------------------------------------------------------
n=4
(result of R-step: (0,2:1)0.08931435)
V=[0, 2, 3, 4]
total successes of this branch: 0
reason of abort: negative delta/dxy

--------------------------------------------------------------------------------
n=4
(result of R-step: (0,2:3)0.07247508)
V=[0, 1, 2, 4]
total successes of this branch: 0
reason of abort: negative delta/dxy

--------------------------------------------------------------------------------
n=4
(result of R-step: (0,2:4)0.86507422)
V=[0, 1, 2, 3]
total successes of this branch: 1
Matrix on 4 elements:

0    0.00000000  0.96846709  0.54321356  0.99515877
1    0.96846709  0.00000000  0.78113271  1.32170749
2    0.54321356  0.78113271  0.00000000  0.79514846
3    0.99515877  1.32170749  0.79514846  0.00000000

--------------------------------------------------------------------------------
n=4
(result of R-step: (0,3:1)0.01705533)
V=[0, 2, 3, 4]
total successes of this branch: 0
Matrix on 4 elements:

0    0.00000000  2.39706389  0.32652823  0.07617525
2    2.39706389  0.00000000  1.98036825  2.32665212
3    0.32652823  1.98036825  0.00000000  0.30242342
4    0.07617525  2.32665212  0.30242342  0.00000000
reason of abort: no pseudometric

--------------------------------------------------------------------------------
n=4
(result of R-step: (0,3:4)0.52601516)
V=[0, 1, 2, 3]
total successes of this branch: 0
reason of abort: negative delta/dxy

--------------------------------------------------------------------------------
n=4
(result of R-step: (1,2:3)0.96438137)
V=[0, 1, 2, 4]
total successes of this branch: 0
Matrix on 4 elements:

0    0.00000000  0.41464188  0.63853299  0.17149468
1    0.41464188  0.00000000  0.13198807  0.29692795
2    0.63853299  0.13198807  0.00000000  0.47280179
4    0.17149468  0.29692795  0.47280179  0.00000000
reason of abort: no pseudometric

--------------------------------------------------------------------------------
n=4
(result of R-step: (2,4:1)0.84243489)
V=[0, 2, 3, 4]
total successes of this branch: 0
Matrix on 4 elements:

0    0.00000000  0.51520407  1.09047820  0.01624013
2    0.51520407  0.00000000  0.67181954  0.19421832
3    1.09047820  0.67181954  0.00000000  0.81579941
4    0.01624013  0.19421832  0.81579941  0.00000000
reason of abort: no pseudometric

--------------------------------------------------------------------------------
n=4
(result of R-step: (2,4:3)0.85975848)
V=[0, 1, 2, 4]
total successes of this branch: 0
Matrix on 4 elements:

0    0.00000000  1.06378652  0.51559228  0.00351574
1    1.06378652  0.00000000  0.65819199  0.77809364
2    0.51559228  0.65819199  0.00000000  0.18188212
4    0.00351574  0.77809364  0.18188212  0.00000000
reason of abort: no pseudometric

--------------------------------------------------------------------------------
n=4
(result of R-step: (3,4:1)0.97875437)
V=[0, 2, 3, 4]
total successes of this branch: 0
Matrix on 4 elements:

0    0.00000000  2.49238332  0.42215723  0.10520861
2    2.49238332  0.00000000  1.98067782  2.26036605
3    0.42215723  1.98067782  0.00000000  0.23644692
4    0.10520861  2.26036605  0.23644692  0.00000000
reason of abort: no pseudometric
