n=6
V=[0, 1, 2, 3, 4, 5]
total successes of this branch: 1
Matrix on 6 elements:

0    0.00000000  2.02689032  2.08278093  1.89708795  1.90013614  1.12415428
1    2.02689032  0.00000000  1.27151026  0.85573558  0.96230695  1.19204703
2    2.08278093  1.27151026  0.00000000  0.76708218  0.88135945  1.54647299
3    1.89708795  0.85573558  0.76708218  0.00000000  0.45061188  1.26690353
4    1.90013614  0.96230695  0.88135945  0.45061188  0.00000000  1.31219059
5    1.12415428  1.19204703  1.54647299  1.26690353  1.31219059  0.00000000

--------------------------------------------------------------------------------
n=5
(result of R-step: (0,1:5)0.59198629)
V=[0, 1, 2, 3, 4]
total successes of this branch: 1
Matrix on 5 elements:

0    0.00000000  1.36054092  1.65840148  1.47270851  1.47575669
1    1.36054092  0.00000000  1.02954030  0.61376562  0.72033699
2    1.65840148  1.02954030  0.00000000  0.76708218  0.88135945
3    1.47270851  0.61376562  0.76708218  0.00000000  0.45061188
4    1.47575669  0.72033699  0.88135945  0.45061188  0.00000000

--------------------------------------------------------------------------------
n=4
(result of R-step: (0,2:1)0.06927953)
V=[0, 2, 3, 4]
total successes of this branch: 0
Matrix on 4 elements:

0    0.00000000  0.91959009  1.33388878  1.33693697
2    0.91959009  0.00000000  0.16709052  0.28136779
3    1.33388878  0.16709052  0.00000000  0.45061188
4    1.33693697  0.28136779  0.45061188  0.00000000
reason of abort: no pseudometric

--------------------------------------------------------------------------------
n=4
(result of R-step: (0,3:1)0.05430197)
V=[0, 2, 3, 4]
total successes of this branch: 0
reason of abort: negative delta/dxy

--------------------------------------------------------------------------------
n=4
(result of R-step: (0,3:2)0.05378781)
V=[0, 1, 3, 4]
total successes of this branch: 0
reason of abort: negative delta/dxy

--------------------------------------------------------------------------------
n=4
(result of R-step: (0,3:4)0.05331178)
V=[0, 1, 2, 3]
total successes of this branch: 1
Matrix on 4 elements:

0    0.00000000  1.22172119  1.51958175  1.17262147
1    1.22172119  0.00000000  1.02954030  0.45249831
2    1.51958175  1.02954030  0.00000000  0.60581488
3    1.17262147  0.45249831  0.60581488  0.00000000

--------------------------------------------------------------------------------
n=4
(result of R-step: (0,4:1)0.06110021)
V=[0, 2, 3, 4]
total successes of this branch: 0
reason of abort: negative delta/dxy

--------------------------------------------------------------------------------
n=4
(result of R-step: (0,4:2)0.01902888)
V=[0, 1, 3, 4]
total successes of this branch: 0
reason of abort: negative delta/dxy

--------------------------------------------------------------------------------
n=4
(result of R-step: (1,3:2)0.64168443)
V=[0, 1, 3, 4]
total successes of this branch: 0
Matrix on 4 elements:

0    0.00000000  0.93046241  1.31144120  1.47575669
1    0.93046241  0.00000000  0.02241981  0.29025849
3    1.31144120  0.02241981  0.00000000  0.28934458
4    1.47575669  0.29025849  0.28934458  0.00000000
reason of abort: no pseudometric

--------------------------------------------------------------------------------
n=4
(result of R-step: (1,3:4)0.29690723)
V=[0, 1, 2, 3]
total successes of this branch: 0
Matrix on 4 elements:

0    0.00000000  0.93540599  1.65840148  1.30770263
1    0.93540599  0.00000000  0.60440538  0.02362482
2    1.65840148  0.60440538  0.00000000  0.60207631
3    1.30770263  0.02362482  0.60207631  0.00000000
reason of abort: no pseudometric

--------------------------------------------------------------------------------
n=4
(result of R-step: (1,4:2)0.48074774)
V=[0, 1, 3, 4]
total successes of this branch: 0
Matrix on 4 elements:

0    0.00000000  0.92635356  1.47270851  1.18974488
1    0.92635356  0.00000000  0.17957826  0.00013782
3    1.47270851  0.17957826  0.00000000  0.16460007
4    1.18974488  0.00013782  0.16460007  0.00000000
reason of abort: no pseudometric

--------------------------------------------------------------------------------
n=4
(result of R-step: (2,3:4)0.44994095)
V=[0, 1, 2, 3]
total successes of this branch: 0
reason of abort: negative delta/dxy
