n=6
V=[0, 1, 2, 3, 4, 5]
total successes of this branch: 3
Matrix on 6 elements:

0    0.00000000  1.62615323  1.58548063  1.05312499  1.77369346  1.31311942
1    1.62615323  0.00000000  2.01916386  1.30225812  2.26181234  1.63586923
2    1.58548063  2.01916386  0.00000000  0.97904320  0.92894163  0.73124120
3    1.05312499  1.30225812  0.97904320  0.00000000  1.25294358  0.48112919
4    1.77369346  2.26181234  0.92894163  1.25294358  0.00000000  1.17133864
5    1.31311942  1.63586923  0.73124120  0.48112919  1.17133864  0.00000000

--------------------------------------------------------------------------------
n=5
(result of R-step: (1,4:0)0.82270272)
V=[1, 2, 3, 4, 5]
total successes of this branch: 3
Matrix on 5 elements:

1    0.00000000  1.12848378  0.41157804  0.93885238  0.74518914
2    1.12848378  0.00000000  0.97904320  0.49666176  0.73124120
3    0.41157804  0.97904320  0.00000000  0.82066371  0.48112919
4    0.93885238  0.49666176  0.82066371  0.00000000  0.73905877
5    0.74518914  0.73124120  0.48112919  0.73905877  0.00000000

--------------------------------------------------------------------------------
n=4
(result of R-step: (1,2:4)0.28585022)
V=[1, 2, 3, 5]
total successes of this branch: 1
Matrix on 4 elements:

1    0.00000000  0.78343890  0.18573355  0.51934466
2    0.78343890  0.00000000  0.85984281  0.61204080
3    0.18573355  0.85984281  0.00000000  0.48112919
5    0.51934466  0.61204080  0.48112919  0.00000000

--------------------------------------------------------------------------------
n=4
(result of R-step: (1,2:5)0.73323110)
V=[1, 2, 3, 4]
total successes of this branch: 0
reason of abort: negative delta/dxy

--------------------------------------------------------------------------------
n=4
(result of R-step: (1,4:5)0.55155127)
V=[1, 2, 3, 4]
total successes of this branch: 0
Matrix on 4 elements:

1    0.00000000  0.73136314  0.01445740  0.16806991
2    0.73136314  0.00000000  0.97904320  0.12299993
3    0.01445740  0.97904320  0.00000000  0.44700188
4    0.16806991  0.12299993  0.44700188  0.00000000
reason of abort: no pseudometric

--------------------------------------------------------------------------------
n=4
(result of R-step: (1,5:3)0.84172163)
V=[1, 2, 4, 5]
total successes of this branch: 0
reason of abort: negative delta/dxy

--------------------------------------------------------------------------------
n=4
(result of R-step: (2,3:1)0.25408071)
V=[2, 3, 4, 5]
total successes of this branch: 0
reason of abort: negative delta/dxy

--------------------------------------------------------------------------------
n=4
(result of R-step: (2,3:4)0.57701024)
V=[1, 2, 3, 5]
total successes of this branch: 0
reason of abort: negative delta/dxy

--------------------------------------------------------------------------------
n=4
(result of R-step: (2,3:5)0.39889805)
V=[1, 2, 3, 4]
total successes of this branch: 1
Matrix on 4 elements:

1    0.00000000  1.00928338  0.37585035  0.93885238
2    1.00928338  0.00000000  0.82411512  0.37746137
3    0.37585035  0.82411512  0.00000000  0.78493603
4    0.93885238  0.37746137  0.78493603  0.00000000

--------------------------------------------------------------------------------
n=4
(result of R-step: (3,4:1)0.84517402)
V=[2, 3, 4, 5]
total successes of this branch: 1
Matrix on 4 elements:

2    0.00000000  0.94331552  0.42844652  0.73124120
3    0.94331552  0.00000000  0.71672079  0.44540151
4    0.42844652  0.71672079  0.00000000  0.67084353
5    0.73124120  0.44540151  0.67084353  0.00000000

--------------------------------------------------------------------------------
n=4
(result of R-step: (3,4:5)0.42414720)
V=[1, 2, 3, 4]
total successes of this branch: 0
reason of abort: negative delta/dxy

--------------------------------------------------------------------------------
n=4
(result of R-step: (4,5:2)0.78575699)
V=[1, 3, 4, 5]
total successes of this branch: 0
reason of abort: negative delta/dxy
