n=6
V=[0, 1, 2, 3, 4, 5]
total successes of this branch: 5
Matrix on 6 elements:

0    0.00000000  0.91554064  1.12090401  0.84664972  1.28086854  0.93746619
1    0.91554064  0.00000000  1.28508905  1.08169317  1.31936199  1.18189340
2    1.12090401  1.28508905  0.00000000  1.26328869  1.25576391  0.23906121
3    0.84664972  1.08169317  1.26328869  0.00000000  1.42929768  1.15437339
4    1.28086854  1.31936199  1.25576391  1.42929768  0.00000000  1.20050306
5    0.93746619  1.18189340  0.23906121  1.15437339  1.20050306  0.00000000

--------------------------------------------------------------------------------
n=5
(result of R-step: (0,2:5)0.12146063)
V=[0, 1, 2, 3, 4]
total successes of this branch: 5
Matrix on 5 elements:

0    0.00000000  0.87018454  0.98379017  0.80129362  1.23551243
1    0.87018454  0.00000000  1.19333132  1.08169317  1.31936199
2    0.98379017  1.19333132  0.00000000  1.17153096  1.16400617
3    0.80129362  1.08169317  1.17153096  0.00000000  1.42929768
4    1.23551243  1.31936199  1.16400617  1.42929768  0.00000000

--------------------------------------------------------------------------------
n=4
(result of R-step: (0,2:1)0.55505863)
V=[0, 2, 3, 4]
total successes of this branch: 0
Matrix on 4 elements:

0    0.00000000  0.10103689  0.51592742  0.95014623
2    0.10103689  0.00000000  0.57414388  0.56661910
3    0.51592742  0.57414388  0.00000000  1.42929768
4    0.95014623  0.56661910  1.42929768  0.00000000
reason of abort: no pseudometric

--------------------------------------------------------------------------------
n=4
(result of R-step: (0,2:3)0.95509123)
V=[0, 1, 2, 4]
total successes of this branch: 1
Matrix on 4 elements:

0    0.00000000  0.57695794  0.30171877  0.94228584
1    0.57695794  0.00000000  0.80448651  1.31936199
2    0.30171877  0.80448651  0.00000000  0.77516136
4    0.94228584  1.31936199  0.77516136  0.00000000

--------------------------------------------------------------------------------
n=4
(result of R-step: (0,4:1)0.84175905)
V=[0, 2, 3, 4]
total successes of this branch: 1
Matrix on 4 elements:

0    0.00000000  0.69056357  0.50806702  0.63157418
2    0.69056357  0.00000000  1.17153096  0.85329451
3    0.50806702  1.17153096  0.00000000  1.11858602
4    0.63157418  0.85329451  1.11858602  0.00000000

--------------------------------------------------------------------------------
n=4
(result of R-step: (0,4:2)0.73666918)
V=[0, 1, 3, 4]
total successes of this branch: 0
Matrix on 4 elements:

0    0.00000000  0.56232779  0.49343687  0.83465912
1    0.56232779  0.00000000  1.08169317  1.22636542
3    0.49343687  1.08169317  0.00000000  1.33630112
4    0.83465912  1.22636542  1.33630112  0.00000000
reason of abort: no pseudometric

--------------------------------------------------------------------------------
n=4
(result of R-step: (0,4:3)0.91163102)
V=[0, 1, 2, 4]
total successes of this branch: 0
Matrix on 4 elements:

0    0.00000000  0.58481834  0.69842397  0.20808187
1    0.58481834  0.00000000  1.19333132  0.57729762
2    0.69842397  1.19333132  0.00000000  0.42194180
4    0.20808187  0.57729762  0.42194180  0.00000000
reason of abort: no pseudometric

--------------------------------------------------------------------------------
n=4
(result of R-step: (1,2:4)0.25431265)
V=[0, 1, 2, 3]
total successes of this branch: 1
Matrix on 4 elements:

0    0.00000000  0.57744191  0.59494536  0.80129362
1    0.57744191  0.00000000  0.51174388  0.78895055
2    0.59494536  0.51174388  0.00000000  0.78268615
3    0.80129362  0.78895055  0.78268615  0.00000000

--------------------------------------------------------------------------------
n=4
(result of R-step: (1,3:0)0.04588314)
V=[1, 2, 3, 4]
total successes of this branch: 1
Matrix on 4 elements:

1    0.00000000  0.90058869  0.29613712  1.02661936
2    0.90058869  0.00000000  0.67871753  1.16400617
3    0.29613712  0.67871753  0.00000000  0.93648426
4    1.02661936  1.16400617  0.93648426  0.00000000

--------------------------------------------------------------------------------
n=4
(result of R-step: (2,3:1)0.39935548)
V=[0, 2, 3, 4]
total successes of this branch: 0
Matrix on 4 elements:

0    0.00000000  0.36573461  0.28699113  1.23551243
2    0.36573461  0.00000000  0.03917291  0.54595062
3    0.28699113  0.03917291  0.00000000  0.91499520
4    1.23551243  0.54595062  0.91499520  0.00000000
reason of abort: no pseudometric

--------------------------------------------------------------------------------
n=4
(result of R-step: (3,4:1)0.89339843)
V=[0, 2, 3, 4]
total successes of this branch: 0
Matrix on 4 elements:

0    0.00000000  0.98379017  0.29383510  1.14251586
2    0.98379017  0.00000000  0.66407244  1.07100960
3    0.29383510  0.66407244  0.00000000  0.82884260
4    1.14251586  1.07100960  0.82884260  0.00000000
reason of abort: no pseudometric

--------------------------------------------------------------------------------
n=4
(result of R-step: (3,4:2)0.63948915)
V=[0, 1, 3, 4]
total successes of this branch: 1
Matrix on 4 elements:

0    0.00000000  0.87018454  0.30848019  0.92480077
1    0.87018454  0.00000000  0.58887975  1.00865032
3    0.30848019  0.58887975  0.00000000  0.62577260
4    0.92480077  1.00865032  0.62577260  0.00000000
