n=6
V=[0, 1, 2, 3, 4, 5]
total successes of this branch: 5
Matrix on 6 elements:

0    0.00000000  2.26820310  1.90462075  1.74844913  1.75007588  2.10528794
1    2.26820310  0.00000000  1.74410051  1.16620273  1.30965207  1.22382962
2    1.90462075  1.74410051  0.00000000  1.18060973  1.12615714  1.50698162
3    1.74844913  1.16620273  1.18060973  0.00000000  0.67935106  1.02653794
4    1.75007588  1.30965207  1.12615714  0.67935106  0.00000000  0.57802480
5    2.10528794  1.22382962  1.50698162  1.02653794  0.57802480  0.00000000

--------------------------------------------------------------------------------
n=5
(result of R-step: (1,4:5)0.25659598)
V=[0, 1, 2, 3, 4]
total successes of this branch: 5
Matrix on 5 elements:

0    0.00000000  2.21370825  1.90462075  1.74844913  1.73681886
1    2.21370825  0.00000000  1.68960567  1.11170788  1.24190019
2    1.90462075  1.68960567  0.00000000  1.18060973  1.11290012
3    1.74844913  1.11170788  1.18060973  0.00000000  0.66609404
4    1.73681886  1.24190019  1.11290012  0.66609404  0.00000000

--------------------------------------------------------------------------------
n=4
(result of R-step: (0,1:4)0.31084556)
V=[0, 1, 2, 3]
total successes of this branch: 0
reason of abort: negative delta/dxy

--------------------------------------------------------------------------------
n=4
(result of R-step: (0,3:1)0.19269559)
V=[0, 2, 3, 4]
total successes of this branch: 1
Matrix on 4 elements:

0    0.00000000  0.78187748  0.37468082  0.61407559
2    0.78187748  0.00000000  0.92958469  1.11290012
3    0.37468082  0.92958469  0.00000000  0.41506900
4    0.61407559  1.11290012  0.41506900  0.00000000

--------------------------------------------------------------------------------
n=4
(result of R-step: (0,3:4)0.52356481)
V=[0, 1, 2, 3]
total successes of this branch: 0
Matrix on 4 elements:

0    0.00000000  0.92392288  0.61483537  0.25145414
1    0.92392288  0.00000000  1.68960567  0.90449827
2    0.61483537  1.68960567  0.00000000  0.97340011
3    0.25145414  0.90449827  0.97340011  0.00000000
reason of abort: no pseudometric

--------------------------------------------------------------------------------
n=4
(result of R-step: (0,4:2)0.60436014)
V=[0, 1, 3, 4]
total successes of this branch: 1
Matrix on 4 elements:

0    0.00000000  1.09096499  0.62570586  0.35771541
1    1.09096499  0.00000000  1.11170788  0.98554001
3    0.62570586  1.11170788  0.00000000  0.40973386
4    0.35771541  0.98554001  0.40973386  0.00000000

--------------------------------------------------------------------------------
n=4
(result of R-step: (1,2:0)0.28336935)
V=[1, 2, 3, 4]
total successes of this branch: 1
Matrix on 4 elements:

1    0.00000000  0.37141515  0.37852877  0.50872109
2    0.37141515  0.00000000  0.59559832  0.52788871
3    0.37852877  0.59559832  0.00000000  0.66609404
4    0.50872109  0.52788871  0.66609404  0.00000000

--------------------------------------------------------------------------------
n=4
(result of R-step: (1,2:4)0.91725811)
V=[0, 1, 2, 3]
total successes of this branch: 0
Matrix on 4 elements:

0    0.00000000  1.36693790  1.81753955  1.74844913
1    1.36693790  0.00000000  0.75575412  0.26493753
2    1.81753955  0.75575412  0.00000000  1.09352853
3    1.74844913  0.26493753  1.09352853  0.00000000
reason of abort: no pseudometric

--------------------------------------------------------------------------------
n=4
(result of R-step: (1,4:3)0.56182630)
V=[0, 1, 2, 4]
total successes of this branch: 1
Matrix on 4 elements:

0    0.00000000  1.48052915  1.90462075  1.48045868
1    1.48052915  0.00000000  0.95642656  0.25236090
2    1.90462075  0.95642656  0.00000000  0.85653993
4    1.48045868  0.25236090  0.85653993  0.00000000

--------------------------------------------------------------------------------
n=4
(result of R-step: (2,3:0)0.23857766)
V=[1, 2, 3, 4]
total successes of this branch: 0
Matrix on 4 elements:

1    0.00000000  1.60252447  0.78163144  1.24190019
2    1.60252447  0.00000000  0.76345209  1.02581892
3    0.78163144  0.76345209  0.00000000  0.33601760
4    1.24190019  1.02581892  0.33601760  0.00000000
reason of abort: no pseudometric

--------------------------------------------------------------------------------
n=4
(result of R-step: (2,3:1)0.38036450)
V=[0, 2, 3, 4]
total successes of this branch: 0
Matrix on 4 elements:

0    0.00000000  1.17873678  1.54123952  1.73681886
2    1.17873678  0.00000000  0.24751615  0.38701616
3    1.54123952  0.24751615  0.00000000  0.45888442
4    1.73681886  0.38701616  0.45888442  0.00000000
reason of abort: no pseudometric

--------------------------------------------------------------------------------
n=4
(result of R-step: (2,3:4)0.33629069)
V=[0, 1, 2, 3]
total successes of this branch: 1
Matrix on 4 elements:

0    0.00000000  2.21370825  1.31960934  1.49742409
1    2.21370825  0.00000000  1.10459426  0.86068284
2    1.31960934  1.10459426  0.00000000  0.34457328
3    1.49742409  0.86068284  0.34457328  0.00000000
