n=6
V=[0, 1, 2, 3, 4, 5]
total successes of this branch: 2
Matrix on 6 elements:

0    0.00000000  1.45482174  0.97154201  0.46078492  0.62389421  1.26710170
1    1.45482174  0.00000000  1.54781957  1.24780278  1.26184776  1.56196725
2    0.97154201  1.54781957  0.00000000  0.71090481  0.82806382  1.42953904
3    0.46078492  1.24780278  0.71090481  0.00000000  0.32125880  1.00035932
4    0.62389421  1.26184776  0.82806382  0.32125880  0.00000000  0.85708451
5    1.26710170  1.56196725  1.42953904  1.00035932  0.85708451  0.00000000

--------------------------------------------------------------------------------
n=5
(result of R-step: (1,4:5)0.37538552)
V=[0, 1, 2, 3, 4]
total successes of this branch: 2
Matrix on 5 elements:

0    0.00000000  0.86541497  0.97154201  0.46078492  0.58217583
1    0.86541497  0.00000000  0.95841280  0.65839601  0.63072262
2    0.97154201  0.95841280  0.00000000  0.71090481  0.78634545
3    0.46078492  0.65839601  0.71090481  0.00000000  0.27954042
4    0.58217583  0.63072262  0.78634545  0.27954042  0.00000000

--------------------------------------------------------------------------------
n=4
(result of R-step: (0,1:2)0.69174196)
V=[0, 1, 3, 4]
total successes of this branch: 0
Matrix on 4 elements:

0    0.00000000  0.21609879  0.08812703  0.20951794
1    0.21609879  0.00000000  0.38173773  0.35406434
3    0.08812703  0.38173773  0.00000000  0.27954042
4    0.20951794  0.35406434  0.27954042  0.00000000
reason of abort: no pseudometric

--------------------------------------------------------------------------------
n=4
(result of R-step: (0,1:4)0.98124679)
V=[0, 1, 2, 3]
total successes of this branch: 0
reason of abort: negative delta/dxy

--------------------------------------------------------------------------------
n=4
(result of R-step: (0,2:4)0.65983229)
V=[0, 1, 2, 3]
total successes of this branch: 0
reason of abort: negative delta/dxy

--------------------------------------------------------------------------------
n=4
(result of R-step: (1,3:0)0.40509802)
V=[1, 2, 3, 4]
total successes of this branch: 1
Matrix on 4 elements:

1    0.00000000  0.57164014  0.24330120  0.24394996
2    0.57164014  0.00000000  0.68258266  0.78634545
3    0.24330120  0.68258266  0.00000000  0.25121827
4    0.24394996  0.78634545  0.25121827  0.00000000

--------------------------------------------------------------------------------
n=4
(result of R-step: (1,3:2)0.07394230)
V=[0, 1, 3, 4]
total successes of this branch: 0
reason of abort: negative delta/dxy

--------------------------------------------------------------------------------
n=4
(result of R-step: (1,3:4)0.29244953)
V=[0, 1, 2, 3]
total successes of this branch: 1
Matrix on 4 elements:

0    0.00000000  0.58875669  0.97154201  0.40147059
1    0.58875669  0.00000000  0.68175452  0.32242339
2    0.97154201  0.68175452  0.00000000  0.65159047
3    0.40147059  0.32242339  0.65159047  0.00000000

--------------------------------------------------------------------------------
n=4
(result of R-step: (1,4:2)0.43923626)
V=[0, 1, 3, 4]
total successes of this branch: 0
Matrix on 4 elements:

0    0.00000000  0.47864231  0.46078492  0.36430161
1    0.47864231  0.00000000  0.27162335  0.02607573
3    0.46078492  0.27162335  0.00000000  0.06166620
4    0.36430161  0.02607573  0.06166620  0.00000000
reason of abort: no pseudometric

--------------------------------------------------------------------------------
n=4
(result of R-step: (2,3:0)0.46238827)
V=[1, 2, 3, 4]
total successes of this branch: 0
Matrix on 4 elements:

1    0.00000000  0.39497233  0.59908167  0.63072262
2    0.39497233  0.00000000  0.08815000  0.22290498
3    0.59908167  0.08815000  0.00000000  0.22022608
4    0.63072262  0.22290498  0.22022608  0.00000000
reason of abort: no pseudometric

--------------------------------------------------------------------------------
n=4
(result of R-step: (2,3:4)0.70733651)
V=[0, 1, 2, 3]
total successes of this branch: 0
Matrix on 4 elements:

0    0.00000000  0.86541497  0.39319226  0.43246278
1    0.86541497  0.00000000  0.38006305  0.63007386
2    0.39319226  0.38006305  0.00000000  0.10423291
3    0.43246278  0.63007386  0.10423291  0.00000000
reason of abort: no pseudometric

--------------------------------------------------------------------------------
n=4
(result of R-step: (3,4:0)0.48001024)
V=[1, 2, 3, 4]
total successes of this branch: 0
reason of abort: negative delta/dxy
