n=6
V=[0, 1, 2, 3, 4, 5]
total successes of this branch: 2
Matrix on 6 elements:

0    0.00000000  2.18168647  1.40053723  2.51697592  1.77273021  1.44733990
1    2.18168647  0.00000000  2.26539890  3.28083087  1.30598666  1.83058896
2    1.40053723  2.26539890  0.00000000  1.82156136  1.70847016  0.63852963
3    2.51697592  3.28083087  1.82156136  0.00000000  2.77312978  2.02624866
4    1.77273021  1.30598666  1.70847016  2.77312978  0.00000000  1.47969130
5    1.44733990  1.83058896  0.63852963  2.02624866  1.47969130  0.00000000

--------------------------------------------------------------------------------
n=5
(result of R-step: (1,2:5)0.23282689)
V=[0, 1, 2, 3, 4]
total successes of this branch: 2
Matrix on 5 elements:

0    0.00000000  1.69268429  1.24010816  2.51697592  1.77273021
1    1.69268429  0.00000000  1.61596766  2.79182870  0.81698449
2    1.24010816  1.61596766  0.00000000  1.66113229  1.54804109
3    2.51697592  2.79182870  1.66113229  0.00000000  2.77312978
4    1.77273021  0.81698449  1.54804109  2.77312978  0.00000000

--------------------------------------------------------------------------------
n=4
(result of R-step: (0,1:4)0.48737012)
V=[0, 1, 2, 3]
total successes of this branch: 0
reason of abort: negative delta/dxy

--------------------------------------------------------------------------------
n=4
(result of R-step: (0,2:3)0.33268116)
V=[0, 1, 2, 4]
total successes of this branch: 0
Matrix on 4 elements:

0    0.00000000  0.88246480  0.35628606  0.96251072
1    0.88246480  0.00000000  1.54236505  0.81698449
2    0.35628606  1.54236505  0.00000000  1.47443848
4    0.96251072  0.81698449  1.47443848  0.00000000
reason of abort: no pseudometric

--------------------------------------------------------------------------------
n=4
(result of R-step: (1,2:0)0.33901087)
V=[1, 2, 3, 4]
total successes of this branch: 1
Matrix on 4 elements:

1    0.00000000  1.22552374  2.56761467  0.59277046
2    1.22552374  0.00000000  1.49490240  1.38181120
3    2.56761467  1.49490240  0.00000000  2.77312978
4    0.59277046  1.38181120  2.77312978  0.00000000

--------------------------------------------------------------------------------
n=4
(result of R-step: (1,2:3)0.04374589)
V=[0, 1, 2, 4]
total successes of this branch: 0
reason of abort: negative delta/dxy

--------------------------------------------------------------------------------
n=4
(result of R-step: (1,2:4)0.85438449)
V=[0, 1, 2, 3]
total successes of this branch: 1
Matrix on 4 elements:

0    0.00000000  1.43768989  1.16650555  2.51697592
1    1.43768989  0.00000000  1.28737065  2.53683430
2    1.16650555  1.28737065  0.00000000  1.58752968
3    2.51697592  2.53683430  1.58752968  0.00000000

--------------------------------------------------------------------------------
n=4
(result of R-step: (1,3:0)0.30318226)
V=[1, 2, 3, 4]
total successes of this branch: 0
Matrix on 4 elements:

1    0.00000000  1.36097326  1.04586049  0.56199009
2    1.36097326  0.00000000  0.17015848  1.54804109
3    1.04586049  0.17015848  0.00000000  1.28215598
4    0.56199009  1.54804109  1.28215598  0.00000000
reason of abort: no pseudometric

--------------------------------------------------------------------------------
n=4
(result of R-step: (1,3:4)0.81007912)
V=[0, 1, 2, 3]
total successes of this branch: 0
Matrix on 4 elements:

0    0.00000000  1.46847027  1.24010816  0.96887882
1    1.46847027  0.00000000  1.39175363  1.01951757
2    1.24010816  1.39175363  0.00000000  0.11303519
3    0.96887882  1.01951757  0.11303519  0.00000000
reason of abort: no pseudometric

--------------------------------------------------------------------------------
n=4
(result of R-step: (2,4:0)0.59228944)
V=[1, 2, 3, 4]
total successes of this branch: 0
Matrix on 4 elements:

1    0.00000000  1.44165681  2.79182870  0.26098797
2    1.44165681  0.00000000  1.48682144  0.81773371
3    2.79182870  1.48682144  0.00000000  2.21713326
4    0.26098797  0.81773371  2.21713326  0.00000000
reason of abort: no pseudometric

--------------------------------------------------------------------------------
n=4
(result of R-step: (2,4:3)0.92414665)
V=[0, 1, 2, 4]
total successes of this branch: 0
Matrix on 4 elements:

0    0.00000000  1.69268429  1.07387827  1.07370895
1    1.69268429  0.00000000  1.44973777  0.11796323
2    1.07387827  1.44973777  0.00000000  0.68278994
4    1.07370895  0.11796323  0.68278994  0.00000000
reason of abort: no pseudometric

--------------------------------------------------------------------------------
n=4
(result of R-step: (3,4:0)0.63576249)
V=[1, 2, 3, 4]
total successes of this branch: 0
Matrix on 4 elements:

1    0.00000000  1.61596766  1.30799619  0.28229165
2    1.61596766  0.00000000  0.17729978  1.01334825
3    1.30799619  0.17729978  0.00000000  0.75460443
4    0.28229165  1.01334825  0.75460443  0.00000000
reason of abort: no pseudometric
