n=6
V=[0, 1, 2, 3, 4, 5]
total successes of this branch: 3
Matrix on 6 elements:

0    0.00000000  0.93831716  1.11390560  0.94537073  0.76374497  1.22697687
1    0.93831716  0.00000000  1.00313823  0.87655876  1.06728556  0.57562732
2    1.11390560  1.00313823  0.00000000  0.67001799  1.06877531  0.92394108
3    0.94537073  0.87655876  0.67001799  0.00000000  0.76894121  1.03460375
4    0.76374497  1.06728556  1.06877531  0.76894121  0.00000000  1.29643699
5    1.22697687  0.57562732  0.92394108  1.03460375  1.29643699  0.00000000

--------------------------------------------------------------------------------
n=5
(result of R-step: (0,3:4)0.54439837)
V=[0, 1, 2, 3, 5]
total successes of this branch: 3
Matrix on 5 elements:

0    0.00000000  0.77673797  0.95232640  0.67714430  1.06539767
1    0.77673797  0.00000000  1.00313823  0.76991153  0.57562732
2    0.95232640  1.00313823  0.00000000  0.56337076  0.92394108
3    0.67714430  0.76991153  0.56337076  0.00000000  0.92795652
5    1.06539767  0.57562732  0.92394108  0.92795652  0.00000000

--------------------------------------------------------------------------------
n=4
(result of R-step: (0,1:2)0.95247851)
V=[0, 1, 3, 5]
total successes of this branch: 0
reason of abort: negative delta/dxy

--------------------------------------------------------------------------------
n=4
(result of R-step: (0,2:3)0.64493061)
V=[0, 1, 2, 5]
total successes of this branch: 1
Matrix on 4 elements:

0    0.00000000  0.44630196  0.57063202  0.73496166
1    0.44630196  0.00000000  0.95187986  0.57562732
2    0.57063202  0.95187986  0.00000000  0.87268271
5    0.73496166  0.57562732  0.87268271  0.00000000

--------------------------------------------------------------------------------
n=4
(result of R-step: (0,5:1)0.84972865)
V=[0, 2, 3, 5]
total successes of this branch: 0
reason of abort: negative delta/dxy

--------------------------------------------------------------------------------
n=4
(result of R-step: (1,2:5)0.65819228)
V=[0, 1, 2, 3]
total successes of this branch: 1
Matrix on 4 elements:

0    0.00000000  0.77361981  0.90106803  0.67714430
1    0.77361981  0.00000000  0.94876170  0.76679336
2    0.90106803  0.94876170  0.00000000  0.51211239
3    0.67714430  0.76679336  0.51211239  0.00000000

--------------------------------------------------------------------------------
n=4
(result of R-step: (1,3:0)0.31753004)
V=[1, 2, 3, 5]
total successes of this branch: 1
Matrix on 4 elements:

1    0.00000000  1.00002007  0.63245924  0.57250915
2    1.00002007  0.00000000  0.42903664  0.92394108
3    0.63245924  0.42903664  0.00000000  0.79362240
5    0.57250915  0.92394108  0.79362240  0.00000000

--------------------------------------------------------------------------------
n=4
(result of R-step: (1,3:2)0.61779910)
V=[0, 1, 3, 5]
total successes of this branch: 0
reason of abort: negative delta/dxy

--------------------------------------------------------------------------------
n=4
(result of R-step: (1,5:3)0.07525496)
V=[0, 1, 2, 5]
total successes of this branch: 0
reason of abort: negative delta/dxy

--------------------------------------------------------------------------------
n=4
(result of R-step: (2,5:0)0.57054004)
V=[1, 2, 3, 5]
total successes of this branch: 0
reason of abort: negative delta/dxy

--------------------------------------------------------------------------------
n=4
(result of R-step: (3,5:0)0.31129840)
V=[1, 2, 3, 5]
total successes of this branch: 0
reason of abort: negative delta/dxy

--------------------------------------------------------------------------------
n=4
(result of R-step: (3,5:2)0.92797822)
V=[0, 1, 3, 5]
total successes of this branch: 0
reason of abort: negative delta/dxy
