n=6
V=[0, 1, 2, 3, 4, 5]
total successes of this branch: 3
Matrix on 6 elements:

0    0.00000000  1.37095044  1.14238555  0.78317849  0.88404230  1.13949783
1    1.37095044  0.00000000  1.28071220  1.13113291  1.19904797  0.52611189
2    1.14238555  1.28071220  0.00000000  1.12185552  1.04388555  1.14240375
3    0.78317849  1.13113291  1.12185552  0.00000000  0.51138392  0.85020303
4    0.88404230  1.19904797  1.04388555  0.51138392  0.00000000  0.79018049
5    1.13949783  0.52611189  1.14240375  0.85020303  0.79018049  0.00000000

--------------------------------------------------------------------------------
n=5
(result of R-step: (1,4:5)0.62754475)
V=[0, 1, 2, 3, 4]
total successes of this branch: 3
Matrix on 5 elements:

0    0.00000000  1.26767390  1.14238555  0.78317849  0.76614176
1    1.26767390  0.00000000  1.17743565  1.02785637  0.97787089
2    1.14238555  1.17743565  0.00000000  1.12185552  0.92598501
3    0.78317849  1.02785637  1.12185552  0.00000000  0.39348338
4    0.76614176  0.97787089  0.92598501  0.39348338  0.00000000

--------------------------------------------------------------------------------
n=4
(result of R-step: (0,2:1)0.81575767)
V=[0, 2, 3, 4]
total successes of this branch: 0
Matrix on 4 elements:

0    0.00000000  0.43448420  0.24691698  0.22988024
2    0.43448420  0.00000000  0.95021568  0.75434517
3    0.24691698  0.95021568  0.00000000  0.39348338
4    0.22988024  0.75434517  0.39348338  0.00000000
reason of abort: no pseudometric

--------------------------------------------------------------------------------
n=4
(result of R-step: (0,3:4)0.66526831)
V=[0, 1, 2, 3]
total successes of this branch: 0
Matrix on 4 elements:

0    0.00000000  0.73141238  0.60612403  0.12444869
1    0.73141238  0.00000000  1.17743565  0.90538808
2    0.60612403  1.17743565  0.00000000  0.99938723
3    0.12444869  0.90538808  0.99938723  0.00000000
reason of abort: no pseudometric

--------------------------------------------------------------------------------
n=4
(result of R-step: (1,3:0)0.66589153)
V=[1, 2, 3, 4]
total successes of this branch: 0
Matrix on 4 elements:

1    0.00000000  0.47106033  0.14905508  0.27149556
2    0.47106033  0.00000000  0.94942955  0.92598501
3    0.14905508  0.94942955  0.00000000  0.22105741
4    0.27149556  0.92598501  0.22105741  0.00000000
reason of abort: no pseudometric

--------------------------------------------------------------------------------
n=4
(result of R-step: (1,3:4)0.41694429)
V=[0, 1, 2, 3]
total successes of this branch: 0
Matrix on 4 elements:

0    0.00000000  0.55101019  1.14238555  0.62541582
1    0.55101019  0.00000000  0.46077194  0.15342998
2    1.14238555  0.46077194  0.00000000  0.96409284
3    0.62541582  0.15342998  0.96409284  0.00000000
reason of abort: no pseudometric

--------------------------------------------------------------------------------
n=4
(result of R-step: (1,4:0)0.45255800)
V=[1, 2, 3, 4]
total successes of this branch: 0
Matrix on 4 elements:

1    0.00000000  0.48167758  0.33209829  0.08027049
2    0.48167758  0.00000000  1.12185552  0.72414269
3    0.33209829  1.12185552  0.00000000  0.19164106
4    0.08027049  0.72414269  0.19164106  0.00000000
reason of abort: no pseudometric

--------------------------------------------------------------------------------
n=4
(result of R-step: (2,3:0)0.34691329)
V=[1, 2, 3, 4]
total successes of this branch: 1
Matrix on 4 elements:

1    0.00000000  0.85777345  0.87009369  0.97787089
2    0.85777345  0.00000000  0.64443063  0.60632281
3    0.87009369  0.64443063  0.00000000  0.23572070
4    0.97787089  0.60632281  0.23572070  0.00000000

--------------------------------------------------------------------------------
n=4
(result of R-step: (2,3:1)0.57642947)
V=[0, 2, 3, 4]
total successes of this branch: 1
Matrix on 4 elements:

0    0.00000000  0.77389915  0.66071021  0.76614176
2    0.77389915  0.00000000  0.63090082  0.55749861
3    0.66071021  0.63090082  0.00000000  0.27101509
4    0.76614176  0.55749861  0.27101509  0.00000000

--------------------------------------------------------------------------------
n=4
(result of R-step: (2,3:4)0.15717741)
V=[0, 1, 2, 3]
total successes of this branch: 1
Matrix on 4 elements:

0    0.00000000  1.26767390  0.97074572  0.61075253
1    1.26767390  0.00000000  1.00579582  0.85543040
2    0.97074572  1.00579582  0.00000000  0.77778971
3    0.61075253  0.85543040  0.77778971  0.00000000

--------------------------------------------------------------------------------
n=4
(result of R-step: (2,4:0)0.18890073)
V=[1, 2, 3, 4]
total successes of this branch: 0
Matrix on 4 elements:

1    0.00000000  0.80894925  1.02785637  0.76882284
2    0.80894925  0.00000000  0.75336911  0.34845056
3    1.02785637  0.75336911  0.00000000  0.18443534
4    0.76882284  0.34845056  0.18443534  0.00000000
reason of abort: no pseudometric

--------------------------------------------------------------------------------
n=4
(result of R-step: (2,4:1)0.37725122)
V=[0, 2, 3, 4]
total successes of this branch: 0
Matrix on 4 elements:

0    0.00000000  0.82272335  0.78317849  0.55020541
2    0.82272335  0.00000000  0.80219331  0.39038646
3    0.78317849  0.80219331  0.00000000  0.17754703
4    0.55020541  0.39038646  0.17754703  0.00000000
reason of abort: no pseudometric
