n=6
V=[0, 1, 2, 3, 4, 5]
total successes of this branch: 5
Matrix on 6 elements:

0    0.00000000  1.92983696  2.28559685  1.56893439  1.80771674  1.30436824
1    1.92983696  0.00000000  2.16864974  1.42686698  1.66663547  1.62353537
2    2.28559685  2.16864974  0.00000000  0.93929540  1.16731418  1.32075908
3    1.56893439  1.42686698  0.93929540  0.00000000  0.36499478  0.53812839
4    1.80771674  1.66663547  1.16731418  0.36499478  0.00000000  0.67128451
5    1.30436824  1.62353537  1.32075908  0.53812839  0.67128451  0.00000000

--------------------------------------------------------------------------------
n=5
(result of R-step: (0,4:5)0.22985537)
V=[0, 1, 2, 3, 4]
total successes of this branch: 5
Matrix on 5 elements:

0    0.00000000  1.89554739  2.25130728  1.53464482  1.54011419
1    1.89554739  0.00000000  2.16864974  1.42686698  1.43332249
2    2.25130728  2.16864974  0.00000000  0.93929540  0.93400120
3    1.53464482  1.42686698  0.93929540  0.00000000  0.13168180
4    1.54011419  1.43332249  0.93400120  0.13168180  0.00000000

--------------------------------------------------------------------------------
n=4
(result of R-step: (0,3:1)0.74969888)
V=[0, 2, 3, 4]
total successes of this branch: 1
Matrix on 4 elements:

0    0.00000000  1.40717932  0.62938056  0.69598623
2    1.40717932  0.00000000  0.87815909  0.93400120
3    0.62938056  0.87815909  0.00000000  0.07054549
4    0.69598623  0.93400120  0.07054549  0.00000000

--------------------------------------------------------------------------------
n=4
(result of R-step: (0,3:2)0.06441768)
V=[0, 1, 3, 4]
total successes of this branch: 0
Matrix on 4 elements:

0    0.00000000  1.08886465  0.65910354  0.73343146
1    1.08886465  0.00000000  1.35800843  1.43332249
3    0.65910354  1.35800843  0.00000000  0.06282324
4    0.73343146  1.43332249  0.06282324  0.00000000
reason of abort: no pseudometric

--------------------------------------------------------------------------------
n=4
(result of R-step: (0,4:1)0.70673361)
V=[0, 2, 3, 4]
total successes of this branch: 0
Matrix on 4 elements:

0    0.00000000  1.44462454  0.72796209  0.66317457
2    1.44462454  0.00000000  0.93929540  0.86374431
3    0.72796209  0.93929540  0.00000000  0.06142491
4    0.66317457  0.86374431  0.06142491  0.00000000
reason of abort: no pseudometric

--------------------------------------------------------------------------------
n=4
(result of R-step: (0,4:2)0.07684004)
V=[0, 1, 3, 4]
total successes of this branch: 1
Matrix on 4 elements:

0    0.00000000  1.05141943  0.69051686  0.63324040
1    1.05141943  0.00000000  1.42686698  1.37057665
3    0.69051686  1.42686698  0.00000000  0.06893596
4    0.63324040  1.37057665  0.06893596  0.00000000

--------------------------------------------------------------------------------
n=4
(result of R-step: (0,4:3)0.01374105)
V=[0, 1, 2, 4]
total successes of this branch: 0
Matrix on 4 elements:

0    0.00000000  0.85849488  1.21425477  0.44053957
1    0.85849488  0.00000000  2.16864974  1.37080038
2    1.21425477  2.16864974  0.00000000  0.87147909
4    0.44053957  1.37080038  0.87147909  0.00000000
reason of abort: no pseudometric

--------------------------------------------------------------------------------
n=4
(result of R-step: (1,2:0)0.91607120)
V=[1, 2, 3, 4]
total successes of this branch: 1
Matrix on 4 elements:

1    0.00000000  0.62366134  0.57276520  0.57922071
2    0.62366134  0.00000000  0.24840878  0.24311458
3    0.57276520  0.24840878  0.00000000  0.13168180
4    0.57922071  0.24311458  0.13168180  0.00000000

--------------------------------------------------------------------------------
n=4
(result of R-step: (1,3:2)0.09105291)
V=[0, 1, 3, 4]
total successes of this branch: 0
Matrix on 4 elements:

0    0.00000000  0.86371918  1.46556831  1.54011419
1    0.86371918  0.00000000  0.32596226  0.40149428
3    1.46556831  0.32596226  0.00000000  0.06260529
4    1.54011419  0.40149428  0.06260529  0.00000000
reason of abort: no pseudometric

--------------------------------------------------------------------------------
n=4
(result of R-step: (1,4:2)0.10260209)
V=[0, 1, 3, 4]
total successes of this branch: 0
Matrix on 4 elements:

0    0.00000000  0.88355906  1.53464482  1.47759208
1    0.88355906  0.00000000  0.41487865  0.35881205
3    1.53464482  0.41487865  0.00000000  0.06915969
4    1.47759208  0.35881205  0.06915969  0.00000000
reason of abort: no pseudometric

--------------------------------------------------------------------------------
n=4
(result of R-step: (1,4:3)0.01224225)
V=[0, 1, 2, 4]
total successes of this branch: 1
Matrix on 4 elements:

0    0.00000000  1.04144561  2.25130728  1.47736835
1    1.04144561  0.00000000  1.31454796  0.51647487
2    2.25130728  1.31454796  0.00000000  0.87125536
4    1.47736835  0.51647487  0.87125536  0.00000000

--------------------------------------------------------------------------------
n=4
(result of R-step: (2,3:4)0.03925666)
V=[0, 1, 2, 3]
total successes of this branch: 1
Matrix on 4 elements:

0    0.00000000  1.89554739  1.56042066  1.47350851
1    1.89554739  0.00000000  1.47776312  1.36573067
2    1.56042066  1.47776312  0.00000000  0.18727248
3    1.47350851  1.36573067  0.18727248  0.00000000
