n=6
V=[0, 1, 2, 3, 4, 5]
total successes of this branch: 2
Matrix on 6 elements:

0    0.00000000  1.51326362  0.79289748  1.43391867  1.81683924  1.03291489
1    1.51326362  0.00000000  1.19714672  1.72934057  1.24149200  0.83962195
2    0.79289748  1.19714672  0.00000000  1.22550975  1.51722630  0.54732787
3    1.43391867  1.72934057  1.22550975  0.00000000  2.02631635  1.35653385
4    1.81683924  1.24149200  1.51722630  2.02631635  0.00000000  1.25585538
5    1.03291489  0.83962195  0.54732787  1.35653385  1.25585538  0.00000000

--------------------------------------------------------------------------------
n=5
(result of R-step: (0,4:3)0.78261698)
V=[0, 1, 2, 4, 5]
total successes of this branch: 2
Matrix on 5 elements:

0    0.00000000  1.02527703  0.30491089  0.57149904  0.54492830
1    1.02527703  0.00000000  1.19714672  0.48413839  0.83962195
2    0.30491089  1.19714672  0.00000000  0.75987269  0.54732787
4    0.57149904  0.48413839  0.75987269  0.00000000  0.49850177
5    0.54492830  0.83962195  0.54732787  0.49850177  0.00000000

--------------------------------------------------------------------------------
n=4
(result of R-step: (0,1:4)0.16091559)
V=[0, 1, 2, 5]
total successes of this branch: 1
Matrix on 4 elements:

0    0.00000000  0.64484532  0.28967171  0.52968911
1    0.64484532  0.00000000  0.83195420  0.47442943
2    0.28967171  0.83195420  0.00000000  0.54732787
5    0.52968911  0.47442943  0.54732787  0.00000000

--------------------------------------------------------------------------------
n=4
(result of R-step: (0,1:5)0.67801615)
V=[0, 1, 2, 4]
total successes of this branch: 0
Matrix on 4 elements:

0    0.00000000  0.53976651  0.11341530  0.38000345
1    0.53976651  0.00000000  0.90313179  0.19012345
2    0.11341530  0.90313179  0.00000000  0.75987269
4    0.38000345  0.19012345  0.75987269  0.00000000
reason of abort: no pseudometric

--------------------------------------------------------------------------------
n=4
(result of R-step: (0,4:5)0.57025211)
V=[0, 1, 2, 4]
total successes of this branch: 0
Matrix on 4 elements:

0    0.00000000  0.80394538  0.08357924  0.20391289
1    0.80394538  0.00000000  1.19714672  0.33788389
2    0.08357924  1.19714672  0.00000000  0.61361819
4    0.20391289  0.33788389  0.61361819  0.00000000
reason of abort: no pseudometric

--------------------------------------------------------------------------------
n=4
(result of R-step: (0,5:2)0.85350364)
V=[0, 1, 4, 5]
total successes of this branch: 0
reason of abort: negative delta/dxy

--------------------------------------------------------------------------------
n=4
(result of R-step: (1,2:0)0.32740279)
V=[1, 2, 4, 5]
total successes of this branch: 0
Matrix on 4 elements:

1    0.00000000  0.70301489 -0.00177219  0.35371138
2    0.70301489  0.00000000  0.75165143  0.53910662
4   -0.00177219  0.75165143  0.00000000  0.49850177
5    0.35371138  0.53910662  0.49850177  0.00000000
reason of abort: no pseudometric

--------------------------------------------------------------------------------
n=4
(result of R-step: (1,2:4)0.73682513)
V=[0, 1, 2, 5]
total successes of this branch: 0
Matrix on 4 elements:

0    0.00000000  0.73126210  0.03516510  0.54492830
1    0.73126210  0.00000000  0.63338600  0.54560702
2    0.03516510  0.63338600  0.00000000  0.27758208
5    0.54492830  0.54560702  0.27758208  0.00000000
reason of abort: no pseudometric

--------------------------------------------------------------------------------
n=4
(result of R-step: (1,2:5)0.50335117)
V=[0, 1, 2, 4]
total successes of this branch: 1
Matrix on 4 elements:

0    0.00000000  0.66008450  0.23713423  0.57149904
1    0.66008450  0.00000000  0.76417753  0.11894586
2    0.23713423  0.76417753  0.00000000  0.69209603
4    0.57149904  0.11894586  0.69209603  0.00000000

--------------------------------------------------------------------------------
n=4
(result of R-step: (2,4:0)0.74484395)
V=[1, 2, 4, 5]
total successes of this branch: 0
reason of abort: negative delta/dxy

--------------------------------------------------------------------------------
n=4
(result of R-step: (2,4:5)0.39001192)
V=[0, 1, 2, 4]
total successes of this branch: 0
Matrix on 4 elements:

0    0.00000000  1.02527703  0.29668964  0.46925069
1    1.02527703  0.00000000  1.18892547  0.38189004
2    0.29668964  1.18892547  0.00000000  0.64940309
4    0.46925069  0.38189004  0.64940309  0.00000000
reason of abort: no pseudometric

--------------------------------------------------------------------------------
n=4
(result of R-step: (4,5:1)0.91125667)
V=[0, 2, 4, 5]
total successes of this branch: 0
reason of abort: negative delta/dxy
