n=6
V=[0, 1, 2, 3, 4, 5]
total successes of this branch: 5
Matrix on 6 elements:

0    0.00000000  0.84533118  1.56903825  1.43160764  1.21902035  1.22674908
1    0.84533118  0.00000000  1.18808232  0.98746892  0.68102470  0.67806087
2    1.56903825  1.18808232  0.00000000  1.40090289  1.47580755  1.51394190
3    1.43160764  0.98746892  1.40090289  0.00000000  1.10902727  1.20593518
4    1.21902035  0.68102470  1.47580755  1.10902727  0.00000000  0.61338474
5    1.22674908  0.67806087  1.51394190  1.20593518  0.61338474  0.00000000

--------------------------------------------------------------------------------
n=5
(result of R-step: (0,3:2)0.65905026)
V=[0, 1, 3, 4, 5]
total successes of this branch: 5
Matrix on 5 elements:

0    0.00000000  0.24853096  0.59560472  0.62222013  0.62994886
1    0.24853096  0.00000000  0.74826623  0.68102470  0.67806087
3    0.59560472  0.74826623  0.00000000  0.86982457  0.96673249
4    0.62222013  0.68102470  0.86982457  0.00000000  0.61338474
5    0.62994886  0.67806087  0.96673249  0.61338474  0.00000000

--------------------------------------------------------------------------------
n=4
(result of R-step: (0,4:1)0.64045648)
V=[0, 3, 4, 5]
total successes of this branch: 0
reason of abort: negative delta/dxy

--------------------------------------------------------------------------------
n=4
(result of R-step: (0,4:3)0.63712552)
V=[0, 1, 4, 5]
total successes of this branch: 1
Matrix on 4 elements:

0    0.00000000  0.22732432  0.42106432  0.60874221
1    0.22732432  0.00000000  0.50107553  0.67806087
4    0.42106432  0.50107553  0.00000000  0.43343557
5    0.60874221  0.67806087  0.43343557  0.00000000

--------------------------------------------------------------------------------
n=4
(result of R-step: (0,4:5)0.63100581)
V=[0, 1, 3, 4]
total successes of this branch: 0
reason of abort: negative delta/dxy

--------------------------------------------------------------------------------
n=4
(result of R-step: (0,5:1)0.75298412)
V=[0, 3, 4, 5]
total successes of this branch: 1
Matrix on 4 elements:

0    0.00000000  0.57439808  0.60101349  0.31982894
3    0.57439808  0.00000000  0.86982457  0.67781922
4    0.60101349  0.86982457  0.00000000  0.32447147
5    0.31982894  0.67781922  0.32447147  0.00000000

--------------------------------------------------------------------------------
n=4
(result of R-step: (0,5:3)0.42483855)
V=[0, 1, 4, 5]
total successes of this branch: 0
reason of abort: negative delta/dxy

--------------------------------------------------------------------------------
n=4
(result of R-step: (1,3:0)0.89293711)
V=[1, 3, 4, 5]
total successes of this branch: 1
Matrix on 4 elements:

1    0.00000000  0.57950679  0.54247214  0.53950831
3    0.57950679  0.00000000  0.83961770  0.93652561
4    0.54247214  0.83961770  0.00000000  0.61338474
5    0.53950831  0.93652561  0.61338474  0.00000000

--------------------------------------------------------------------------------
n=4
(result of R-step: (1,4:3)0.86677288)
V=[0, 1, 4, 5]
total successes of this branch: 0
reason of abort: negative delta/dxy

--------------------------------------------------------------------------------
n=4
(result of R-step: (1,4:5)0.35370204)
V=[0, 1, 3, 4]
total successes of this branch: 1
Matrix on 4 elements:

0    0.00000000  0.10997840  0.59560472  0.44227096
1    0.10997840  0.00000000  0.60971367  0.36252297
3    0.59560472  0.60971367  0.00000000  0.68987540
4    0.44227096  0.36252297  0.68987540  0.00000000

--------------------------------------------------------------------------------
n=4
(result of R-step: (1,5:3)0.64754232)
V=[0, 1, 4, 5]
total successes of this branch: 0
Matrix on 4 elements:

0    0.00000000  0.01948155  0.62222013  0.18305934
1    0.01948155  0.00000000  0.45197529  0.00212195
4    0.62222013  0.45197529  0.00000000  0.16649522
5    0.18305934  0.00212195  0.16649522  0.00000000
reason of abort: no pseudometric

--------------------------------------------------------------------------------
n=4
(result of R-step: (3,5:4)0.10227269)
V=[0, 1, 3, 5]
total successes of this branch: 1
Matrix on 4 elements:

0    0.00000000  0.24853096  0.56539784  0.34103559
1    0.24853096  0.00000000  0.71805935  0.38914760
3    0.56539784  0.71805935  0.00000000  0.64761234
5    0.34103559  0.38914760  0.64761234  0.00000000
