n=6
V=[0, 1, 2, 3, 4, 5]
total successes of this branch: 5
Matrix on 6 elements:

0    0.00000000  1.05735797  1.25948328  1.05212395  1.10359570  0.53420061
1    1.05735797  0.00000000  1.21366041  0.67754186  1.11354532  0.71316136
2    1.25948328  1.21366041  0.00000000  1.18968275  0.42260631  1.03173298
3    1.05212395  0.67754186  1.18968275  0.00000000  1.09148587  0.52476647
4    1.10359570  1.11354532  0.42260631  1.09148587  0.00000000  0.89751485
5    0.53420061  0.71316136  1.03173298  0.52476647  0.89751485  0.00000000

--------------------------------------------------------------------------------
n=5
(result of R-step: (0,3:5)0.62438565)
V=[0, 1, 2, 3, 4]
total successes of this branch: 5
Matrix on 5 elements:

0    0.00000000  0.78465793  0.98678325  0.68708507  0.83089566
1    0.78465793  0.00000000  1.21366041  0.58520301  1.11354532
2    0.98678325  1.21366041  0.00000000  1.09734390  0.42260631
3    0.68708507  0.58520301  1.09734390  0.00000000  0.99914703
4    0.83089566  1.11354532  0.42260631  0.99914703  0.00000000

--------------------------------------------------------------------------------
n=4
(result of R-step: (0,2:4)0.10233955)
V=[0, 1, 2, 3]
total successes of this branch: 1
Matrix on 4 elements:

0    0.00000000  0.77825501  0.76992741  0.68068215
1    0.77825501  0.00000000  1.00320750  0.58520301
2    0.76992741  1.00320750  0.00000000  0.88689099
3    0.68068215  0.58520301  0.88689099  0.00000000

--------------------------------------------------------------------------------
n=4
(result of R-step: (0,3:1)0.03325001)
V=[0, 2, 3, 4]
total successes of this branch: 1
Matrix on 4 elements:

0    0.00000000  0.98038033  0.45189251  0.82449275
2    0.98038033  0.00000000  0.86855426  0.42260631
3    0.45189251  0.86855426  0.00000000  0.77035738
4    0.82449275  0.42260631  0.77035738  0.00000000

--------------------------------------------------------------------------------
n=4
(result of R-step: (1,2:0)0.68037724)
V=[1, 2, 3, 4]
total successes of this branch: 0
Matrix on 4 elements:

1    0.00000000  0.52806704  0.24821771  0.77656001
2    0.52806704  0.00000000  0.74873584  0.07399824
3    0.24821771  0.74873584  0.00000000  0.99914703
4    0.77656001  0.07399824  0.99914703  0.00000000
reason of abort: no pseudometric

--------------------------------------------------------------------------------
n=4
(result of R-step: (1,2:3)0.98115989)
V=[0, 1, 2, 4]
total successes of this branch: 1
Matrix on 4 elements:

0    0.00000000  0.44642639  0.77633033  0.83089566
1    0.44642639  0.00000000  0.66497596  0.77531378
2    0.77633033  0.66497596  0.00000000  0.21215339
4    0.83089566  0.77531378  0.21215339  0.00000000

--------------------------------------------------------------------------------
n=4
(result of R-step: (1,4:0)0.72717034)
V=[1, 2, 3, 4]
total successes of this branch: 1
Matrix on 4 elements:

1    0.00000000  0.87542887  0.24697147  0.71627937
2    0.87542887  0.00000000  1.09734390  0.36357189
3    0.24697147  1.09734390  0.00000000  0.94011262
4    0.71627937  0.36357189  0.94011262  0.00000000

--------------------------------------------------------------------------------
n=4
(result of R-step: (1,4:2)0.15689345)
V=[0, 1, 3, 4]
total successes of this branch: 0
Matrix on 4 elements:

0    0.00000000  0.42874416  0.68708507  0.78063134
1    0.42874416  0.00000000  0.22928924  0.70736723
3    0.68708507  0.22928924  0.00000000  0.94888271
4    0.78063134  0.70736723  0.94888271  0.00000000
reason of abort: no pseudometric

--------------------------------------------------------------------------------
n=4
(result of R-step: (1,4:3)0.97761396)
V=[0, 1, 2, 4]
total successes of this branch: 0
Matrix on 4 elements:

0    0.00000000  0.44767262  0.98678325  0.62680602
1    0.44767262  0.00000000  0.87667511  0.57247037
2    0.98678325  0.87667511  0.00000000  0.21851666
4    0.62680602  0.57247037  0.21851666  0.00000000
reason of abort: no pseudometric

--------------------------------------------------------------------------------
n=4
(result of R-step: (2,3:0)0.30515092)
V=[1, 2, 3, 4]
total successes of this branch: 0
Matrix on 4 elements:

1    0.00000000  0.85873067  0.33727219  1.11354532
2    0.85873067  0.00000000  0.49448334  0.06767656
3    0.33727219  0.49448334  0.00000000  0.75121621
4    1.11354532  0.06767656  0.75121621  0.00000000
reason of abort: no pseudometric

--------------------------------------------------------------------------------
n=4
(result of R-step: (3,4:0)0.74231506)
V=[1, 2, 3, 4]
total successes of this branch: 0
Matrix on 4 elements:

1    0.00000000  1.21366041  0.33846757  1.06328100
2    1.21366041  0.00000000  0.85060846  0.37234198
3    0.33846757  0.85060846  0.00000000  0.70214726
4    1.06328100  0.37234198  0.70214726  0.00000000
reason of abort: no pseudometric

--------------------------------------------------------------------------------
n=4
(result of R-step: (3,4:2)0.14504003)
V=[0, 1, 3, 4]
total successes of this branch: 1
Matrix on 4 elements:

0    0.00000000  0.78465793  0.45829543  0.77186125
1    0.78465793  0.00000000  0.35641337  1.05451091
3    0.45829543  0.35641337  0.00000000  0.71132297
4    0.77186125  1.05451091  0.71132297  0.00000000
