n=6
V=[0, 1, 2, 3, 4, 5]
total successes of this branch: 5
Matrix on 6 elements:

0    0.00000000  1.09681579  1.27366399  0.85142023  1.25087876  0.93285320
1    1.09681579  0.00000000  1.10550495  0.91600012  0.70902884  0.56533282
2    1.27366399  1.10550495  0.00000000  1.05345854  1.17133628  0.93425636
3    0.85142023  0.91600012  1.05345854  0.00000000  1.05450287  0.60688786
4    1.25087876  0.70902884  1.17133628  1.05450287  0.00000000  0.48322145
5    0.93285320  0.56533282  0.93425636  0.60688786  0.48322145  0.00000000

--------------------------------------------------------------------------------
n=5
(result of R-step: (0,1:2)0.53567456)
V=[0, 1, 3, 4, 5]
total successes of this branch: 0
Matrix on 5 elements:

0    0.00000000  0.17143782  0.29853576  0.69799428  0.37996872
1    0.17143782  0.00000000  0.54350663  0.33653535  0.19283933
3    0.29853576  0.54350663  0.00000000  1.05450287  0.60688786
4    0.69799428  0.33653535  1.05450287  0.00000000  0.48322145
5    0.37996872  0.19283933  0.60688786  0.48322145  0.00000000
reason of abort: no pseudometric

--------------------------------------------------------------------------------
n=5
(result of R-step: (3,4:5)0.28746862)
V=[0, 1, 2, 3, 4]
total successes of this branch: 5
Matrix on 5 elements:

0    0.00000000  1.09681579  1.27366399  0.74929561  0.98192307
1    1.09681579  0.00000000  1.10550495  0.81387551  0.44007315
2    1.27366399  1.10550495  0.00000000  0.95133392  0.90238059
3    0.74929561  0.81387551  0.95133392  0.00000000  0.68342257
4    0.98192307  0.44007315  0.90238059  0.68342257  0.00000000

--------------------------------------------------------------------------------
n=4
(result of R-step: (0,1:2)0.53567456)
V=[0, 1, 3, 4]
total successes of this branch: 0
Matrix on 4 elements:

0    0.00000000  0.17143782  0.19641114  0.42903859
1    0.17143782  0.00000000  0.44138202  0.06757966
3    0.19641114  0.44138202  0.00000000  0.68342257
4    0.42903859  0.06757966  0.68342257  0.00000000
reason of abort: no pseudometric

--------------------------------------------------------------------------------
n=4
(result of R-step: (0,2:3)0.82364355)
V=[0, 1, 2, 4]
total successes of this branch: 1
Matrix on 4 elements:

0    0.00000000  0.60561457  0.25296283  0.49072185
1    0.60561457  0.00000000  0.57600500  0.44007315
2    0.25296283  0.57600500  0.00000000  0.37288064
4    0.49072185  0.44007315  0.37288064  0.00000000

--------------------------------------------------------------------------------
n=4
(result of R-step: (0,4:1)0.23794680)
V=[0, 2, 3, 4]
total successes of this branch: 1
Matrix on 4 elements:

0    0.00000000  0.78246278  0.25809440  0.43058888
2    0.78246278  0.00000000  0.95133392  0.84224762
3    0.25809440  0.95133392  0.00000000  0.62328960
4    0.43058888  0.84224762  0.62328960  0.00000000

--------------------------------------------------------------------------------
n=4
(result of R-step: (0,4:2)0.67277187)
V=[0, 1, 3, 4]
total successes of this branch: 0
Matrix on 4 elements:

0    0.00000000  0.55520774  0.20768756  0.41254150
1    0.55520774  0.00000000  0.81387551  0.41229963
3    0.20768756  0.81387551  0.00000000  0.65564905
4    0.41254150  0.41229963  0.65564905  0.00000000
reason of abort: no pseudometric

--------------------------------------------------------------------------------
n=4
(result of R-step: (1,2:4)0.60496823)
V=[0, 1, 2, 3]
total successes of this branch: 1
Matrix on 4 elements:

0    0.00000000  0.94133907  0.74416405  0.74929561
1    0.94133907  0.00000000  0.42052828  0.65839878
2    0.74416405  0.42052828  0.00000000  0.42183398
3    0.74929561  0.65839878  0.42183398  0.00000000

--------------------------------------------------------------------------------
n=4
(result of R-step: (1,3:0)0.05994552)
V=[1, 2, 3, 4]
total successes of this branch: 1
Matrix on 4 elements:

1    0.00000000  0.95002822  0.45233667  0.28459643
2    0.95002822  0.00000000  0.74527181  0.90238059
3    0.45233667  0.74527181  0.00000000  0.47736046
4    0.28459643  0.90238059  0.47736046  0.00000000

--------------------------------------------------------------------------------
n=4
(result of R-step: (1,3:2)0.51688284)
V=[0, 1, 3, 4]
total successes of this branch: 0
Matrix on 4 elements:

0    0.00000000  0.74125498  0.55688424  0.98192307
1    0.74125498  0.00000000  0.26590332  0.08451234
3    0.55688424  0.26590332  0.00000000  0.49101119
4    0.98192307  0.08451234  0.49101119  0.00000000
reason of abort: no pseudometric

--------------------------------------------------------------------------------
n=4
(result of R-step: (3,4:0)0.87874433)
V=[1, 2, 3, 4]
total successes of this branch: 0
Matrix on 4 elements:

1    0.00000000  1.10550495  0.62146413  0.22110020
2    1.10550495  0.00000000  0.75892255  0.68340764
3    0.62146413  0.75892255  0.00000000  0.27203824
4    0.22110020  0.68340764  0.27203824  0.00000000
reason of abort: no pseudometric

--------------------------------------------------------------------------------
n=4
(result of R-step: (3,4:1)0.31334394)
V=[0, 2, 3, 4]
total successes of this branch: 0
Matrix on 4 elements:

0    0.00000000  1.27366399  0.49906876  0.95414955
2    1.27366399  0.00000000  0.70110707  0.87460707
3    0.49906876  0.70110707  0.00000000  0.40542220
4    0.95414955  0.87460707  0.40542220  0.00000000
reason of abort: no pseudometric

--------------------------------------------------------------------------------
n=4
(result of R-step: (3,4:2)0.61621455)
V=[0, 1, 3, 4]
total successes of this branch: 1
Matrix on 4 elements:

0    0.00000000  1.09681579  0.54323351  0.92179010
1    1.09681579  0.00000000  0.60781340  0.37994018
3    0.54323351  0.60781340  0.00000000  0.41722749
4    0.92179010  0.37994018  0.41722749  0.00000000
