n=6
V=[0, 1, 2, 3, 4, 5]
total successes of this branch: 3
Matrix on 6 elements:

0    0.00000000  1.14970006  1.36844241  1.22353037  0.35320054  0.51321317
1    1.14970006  0.00000000  1.79161465  1.77680033  1.30305611  1.43616799
2    1.36844241  1.79161465  0.00000000  2.09950319  1.42925250  1.49230138
3    1.22353037  1.77680033  2.09950319  0.00000000  1.40064061  1.54449392
4    0.35320054  1.30305611  1.42925250  1.40064061  0.00000000  0.42392194
5    0.51321317  1.43616799  1.49230138  1.54449392  0.42392194  0.00000000

--------------------------------------------------------------------------------
n=5
(result of R-step: (0,1:3)0.39929884)
V=[0, 1, 2, 4, 5]
total successes of this branch: 3
Matrix on 5 elements:

0    0.00000000  0.37961917  1.29826503  0.28302316  0.44303579
1    0.37961917  0.00000000  1.09171114  0.60315260  0.73626448
2    1.29826503  1.09171114  0.00000000  1.42925250  1.49230138
4    0.28302316  0.60315260  1.42925250  0.00000000  0.42392194
5    0.44303579  0.73626448  1.49230138  0.42392194  0.00000000

--------------------------------------------------------------------------------
n=4
(result of R-step: (0,2:1)0.72256902)
V=[0, 2, 4, 5]
total successes of this branch: 1
Matrix on 4 elements:

0    0.00000000  1.01325459  0.27104485  0.43105747
2    1.01325459  0.00000000  1.15622038  1.21926925
4    0.27104485  1.15622038  0.00000000  0.42392194
5    0.43105747  1.21926925  0.42392194  0.00000000

--------------------------------------------------------------------------------
n=4
(result of R-step: (0,5:4)0.43086804)
V=[0, 1, 2, 5]
total successes of this branch: 1
Matrix on 4 elements:

0    0.00000000  0.36764085  1.28628671  0.24439005
1    0.36764085  0.00000000  1.09171114  0.54959705
2    1.28628671  1.09171114  0.00000000  1.30563395
5    0.24439005  0.54959705  1.30563395  0.00000000

--------------------------------------------------------------------------------
n=4
(result of R-step: (1,4:0)0.23096636)
V=[1, 2, 4, 5]
total successes of this branch: 0
reason of abort: negative delta/dxy

--------------------------------------------------------------------------------
n=4
(result of R-step: (1,4:2)0.24629629)
V=[0, 1, 4, 5]
total successes of this branch: 0
reason of abort: negative delta/dxy

--------------------------------------------------------------------------------
n=4
(result of R-step: (1,4:5)0.22334809)
V=[0, 1, 2, 4]
total successes of this branch: 0
Matrix on 4 elements:

0    0.00000000  0.08996644  1.29826503  0.18595853
1    0.08996644  0.00000000  0.80205841  0.21643524
2    1.29826503  0.80205841  0.00000000  1.33218787
4    0.18595853  0.21643524  1.33218787  0.00000000
reason of abort: no pseudometric

--------------------------------------------------------------------------------
n=4
(result of R-step: (1,5:0)0.09164480)
V=[1, 2, 4, 5]
total successes of this branch: 0
reason of abort: negative delta/dxy

--------------------------------------------------------------------------------
n=4
(result of R-step: (1,5:2)0.61859883)
V=[0, 1, 4, 5]
total successes of this branch: 0
reason of abort: negative delta/dxy

--------------------------------------------------------------------------------
n=4
(result of R-step: (2,4:0)0.41848661)
V=[1, 2, 4, 5]
total successes of this branch: 0
Matrix on 4 elements:

1    0.00000000  0.02223343  0.50608796  0.73626448
2    0.02223343  0.00000000  0.26271016  0.42282367
4    0.50608796  0.26271016  0.00000000  0.32685731
5    0.73626448  0.42282367  0.32685731  0.00000000
reason of abort: no pseudometric

--------------------------------------------------------------------------------
n=4
(result of R-step: (2,4:5)0.05107576)
V=[0, 1, 2, 4]
total successes of this branch: 1
Matrix on 4 elements:

0    0.00000000  0.37961917  1.02523290  0.15510810
1    0.37961917  0.00000000  0.81867902  0.47523754
2    1.02523290  0.81867902  0.00000000  1.02830531
4    0.15510810  0.47523754  1.02830531  0.00000000

--------------------------------------------------------------------------------
n=4
(result of R-step: (2,5:0)0.33197703)
V=[1, 2, 4, 5]
total successes of this branch: 0
Matrix on 4 elements:

1    0.00000000 -0.07707283  0.60315260  0.42020391
2   -0.07707283  0.00000000  0.26046853  0.00745683
4    0.60315260  0.26046853  0.00000000  0.10786137
5    0.42020391  0.00745683  0.10786137  0.00000000
reason of abort: no pseudometric
