n=6
V=[0, 1, 2, 3, 4, 5]
total successes of this branch: 5
Matrix on 6 elements:

0    0.00000000  1.21717510  1.10048103  0.91759966  0.60287741  0.88235491
1    1.21717510  0.00000000  1.40214862  1.11478614  1.19785754  1.36901224
2    1.10048103  1.40214862  0.00000000  0.88346454  0.95517728  1.18439131
3    0.91759966  1.11478614  0.88346454  0.00000000  0.80569386  0.60515406
4    0.60287741  1.19785754  0.95517728  0.80569386  0.00000000  0.93557551
5    0.88235491  1.36901224  1.18439131  0.60515406  0.93557551  0.00000000

--------------------------------------------------------------------------------
n=5
(result of R-step: (0,3:5)0.40741234)
V=[0, 1, 2, 3, 4]
total successes of this branch: 5
Matrix on 5 elements:

0    0.00000000  1.06243616  0.94574210  0.74699719  0.44813847
1    1.06243616  0.00000000  1.40214862  1.09892261  1.19785754
2    0.94574210  1.40214862  0.00000000  0.86760102  0.95517728
3    0.74699719  1.09892261  0.86760102  0.00000000  0.78983033
4    0.44813847  1.19785754  0.95517728  0.78983033  0.00000000

--------------------------------------------------------------------------------
n=4
(result of R-step: (0,1:2)0.02855416)
V=[0, 1, 3, 4]
total successes of this branch: 0
reason of abort: negative delta/dxy

--------------------------------------------------------------------------------
n=4
(result of R-step: (0,2:4)0.57743229)
V=[0, 1, 2, 3]
total successes of this branch: 1
Matrix on 4 elements:

0    0.00000000  1.01340137  0.40305222  0.69796240
1    1.01340137  0.00000000  0.90849354  1.09892261
2    0.40305222  0.90849354  0.00000000  0.37394593
3    0.69796240  1.09892261  0.37394593  0.00000000

--------------------------------------------------------------------------------
n=4
(result of R-step: (0,3:1)0.30135893)
V=[0, 2, 3, 4]
total successes of this branch: 1
Matrix on 4 elements:

0    0.00000000  0.89670731  0.43830888  0.39910369
2    0.89670731  0.00000000  0.60794749  0.95517728
3    0.43830888  0.60794749  0.00000000  0.53017680
4    0.39910369  0.95517728  0.53017680  0.00000000

--------------------------------------------------------------------------------
n=4
(result of R-step: (0,3:2)0.45175827)
V=[0, 1, 3, 4]
total successes of this branch: 0
Matrix on 4 elements:

0    0.00000000  0.82281908  0.31546679  0.20852140
1    0.82281908  0.00000000  0.90700929  1.19785754
3    0.31546679  0.90700929  0.00000000  0.59791701
4    0.20852140  1.19785754  0.59791701  0.00000000
reason of abort: no pseudometric

--------------------------------------------------------------------------------
n=4
(result of R-step: (0,4:3)0.09015800)
V=[0, 1, 2, 4]
total successes of this branch: 0
reason of abort: negative delta/dxy

--------------------------------------------------------------------------------
n=4
(result of R-step: (1,2:3)0.26509219)
V=[0, 1, 2, 4]
total successes of this branch: 1
Matrix on 4 elements:

0    0.00000000  0.50008044  0.45208701  0.44813847
1    0.50008044  0.00000000  0.34613782  0.63550181
2    0.45208701  0.34613782  0.00000000  0.46152220
4    0.44813847  0.63550181  0.46152220  0.00000000

--------------------------------------------------------------------------------
n=4
(result of R-step: (1,4:0)0.24222644)
V=[1, 2, 3, 4]
total successes of this branch: 1
Matrix on 4 elements:

1    0.00000000  0.83979290  0.53656689  0.45359446
2    0.83979290  0.00000000  0.86760102  0.77326992
3    0.53656689  0.86760102  0.00000000  0.60792298
4    0.45359446  0.77326992  0.60792298  0.00000000

--------------------------------------------------------------------------------
n=4
(result of R-step: (2,4:1)0.72696871)
V=[0, 2, 3, 4]
total successes of this branch: 0
reason of abort: negative delta/dxy

--------------------------------------------------------------------------------
n=4
(result of R-step: (3,4:1)0.43299998)
V=[0, 2, 3, 4]
total successes of this branch: 0
Matrix on 4 elements:

0    0.00000000  0.94574210  0.55508387  0.12100519
2    0.94574210  0.00000000  0.67568769  0.62804400
3    0.55508387  0.67568769  0.00000000  0.27078373
4    0.12100519  0.62804400  0.27078373  0.00000000
reason of abort: no pseudometric

--------------------------------------------------------------------------------
n=4
(result of R-step: (3,4:2)0.73734846)
V=[0, 1, 3, 4]
total successes of this branch: 1
Matrix on 4 elements:

0    0.00000000  1.06243616  0.48734367  0.26623112
1    1.06243616  0.00000000  0.83926908  1.01595018
3    0.48734367  0.83926908  0.00000000  0.34826945
4    0.26623112  1.01595018  0.34826945  0.00000000
