n=6
V=[0, 1, 2, 3, 4, 5]
total successes of this branch: 3
Matrix on 6 elements:

0    0.00000000  1.97430791  0.98349847  1.41168993  1.07290354  1.26069740
1    1.97430791  0.00000000  1.29337424  1.83876668  1.50558616  1.68859416
2    0.98349847  1.29337424  0.00000000  0.84674231  0.78138308  0.73574580
3    1.41168993  1.83876668  0.84674231  0.00000000  1.25643718  0.38284261
4    1.07290354  1.50558616  0.78138308  1.25643718  0.00000000  1.04108398
5    1.26069740  1.68859416  0.73574580  0.38284261  1.04108398  0.00000000

--------------------------------------------------------------------------------
n=5
(result of R-step: (0,2:1)0.97949773)
V=[0, 2, 3, 4, 5]
total successes of this branch: 0
reason of abort: negative delta/dxy

--------------------------------------------------------------------------------
n=5
(result of R-step: (3,4:5)0.85372331)
V=[0, 1, 2, 3, 4]
total successes of this branch: 3
Matrix on 5 elements:

0    0.00000000  1.97430791  0.98349847  1.23570135  0.83407447
1    1.97430791  0.00000000  1.29337424  1.66277809  1.26675709
2    0.98349847  1.29337424  0.00000000  0.67075373  0.54255401
3    1.23570135  1.66277809  0.67075373  0.00000000  0.84161953
4    0.83407447  1.26675709  0.54255401  0.84161953  0.00000000

--------------------------------------------------------------------------------
n=4
(result of R-step: (0,1:4)0.60015146)
V=[0, 1, 2, 3]
total successes of this branch: 1
Matrix on 4 elements:

0    0.00000000  0.65781330  0.47571152  0.72791440
1    0.65781330  0.00000000  0.48466658  0.85407044
2    0.47571152  0.48466658  0.00000000  0.67075373
3    0.72791440  0.85407044  0.67075373  0.00000000

--------------------------------------------------------------------------------
n=4
(result of R-step: (0,2:1)0.97949773)
V=[0, 2, 3, 4]
total successes of this branch: 0
reason of abort: negative delta/dxy

--------------------------------------------------------------------------------
n=4
(result of R-step: (0,2:3)0.18062648)
V=[0, 1, 2, 4]
total successes of this branch: 1
Matrix on 4 elements:

0    0.00000000  1.46652096  0.32517050  0.32628752
1    1.46652096  0.00000000  1.14283322  1.26675709
2    0.32517050  1.14283322  0.00000000  0.39201299
4    0.32628752  1.26675709  0.39201299  0.00000000

--------------------------------------------------------------------------------
n=4
(result of R-step: (0,3:1)0.61657582)
V=[0, 2, 3, 4]
total successes of this branch: 0
reason of abort: negative delta/dxy

--------------------------------------------------------------------------------
n=4
(result of R-step: (0,4:2)0.62999197)
V=[0, 1, 3, 4]
total successes of this branch: 0
reason of abort: negative delta/dxy

--------------------------------------------------------------------------------
n=4
(result of R-step: (1,3:2)0.14949689)
V=[0, 1, 3, 4]
total successes of this branch: 1
Matrix on 4 elements:

0    0.00000000  1.16560025  0.77432983  0.83407447
1    1.16560025  0.00000000  0.39269892  0.45804944
3    0.77432983  0.39269892  0.00000000  0.38024801
4    0.83407447  0.45804944  0.38024801  0.00000000

--------------------------------------------------------------------------------
n=4
(result of R-step: (1,4:3)0.70215174)
V=[0, 1, 2, 4]
total successes of this branch: 0
reason of abort: negative delta/dxy

--------------------------------------------------------------------------------
n=4
(result of R-step: (2,4:1)0.99620677)
V=[0, 2, 3, 4]
total successes of this branch: 0
reason of abort: negative delta/dxy

--------------------------------------------------------------------------------
n=4
(result of R-step: (2,4:3)0.04564792)
V=[0, 1, 2, 4]
total successes of this branch: 0
reason of abort: negative delta/dxy

--------------------------------------------------------------------------------
n=4
(result of R-step: (3,4:0)0.99546365)
V=[1, 2, 3, 4]
total successes of this branch: 0
reason of abort: negative delta/dxy
