n=6
V=[0, 1, 2, 3, 4, 5]
total successes of this branch: 3
Matrix on 6 elements:

0    0.00000000  2.17576763  2.23738418  1.93714195  0.76320507  1.05513446
1    2.17576763  0.00000000  1.65155239  1.08437767  2.17524713  1.51926411
2    2.23738418  1.65155239  0.00000000  1.25203922  2.09778920  1.63465211
3    1.93714195  1.08437767  1.25203922  0.00000000  1.91455222  0.91626034
4    0.76320507  2.17524713  2.09778920  1.91455222  0.00000000  1.24390964
5    1.05513446  1.51926411  1.63465211  0.91626034  1.24390964  0.00000000

--------------------------------------------------------------------------------
n=5
(result of R-step: (0,3:5)0.49293741)
V=[0, 1, 2, 3, 4]
total successes of this branch: 3
Matrix on 5 elements:

0    0.00000000  1.99726349  2.05888004  1.69506468  0.58470092
1    1.99726349  0.00000000  1.65155239  1.02080455  2.17524713
2    2.05888004  1.65155239  0.00000000  1.18846609  2.09778920
3    1.69506468  1.02080455  1.18846609  0.00000000  1.85097909
4    0.58470092  2.17524713  2.09778920  1.85097909  0.00000000

--------------------------------------------------------------------------------
n=4
(result of R-step: (0,1:2)0.10822977)
V=[0, 1, 3, 4]
total successes of this branch: 0
Matrix on 4 elements:

0    0.00000000  0.39969995  0.84920963 -0.26115413
1    0.39969995  0.00000000  0.26909606  1.42353865
3    0.84920963  0.26909606  0.00000000  1.85097909
4   -0.26115413  1.42353865  1.85097909  0.00000000
reason of abort: no pseudometric

--------------------------------------------------------------------------------
n=4
(result of R-step: (0,2:4)0.86282817)
V=[0, 1, 2, 3]
total successes of this branch: 1
Matrix on 4 elements:

0    0.00000000  1.95271516  1.66468250  1.65051635
1    1.95271516  0.00000000  1.30190318  1.02080455
2    1.66468250  1.30190318  0.00000000  0.83881688
3    1.65051635  1.02080455  0.83881688  0.00000000

--------------------------------------------------------------------------------
n=4
(result of R-step: (0,3:1)0.06496877)
V=[0, 2, 3, 4]
total successes of this branch: 1
Matrix on 4 elements:

0    0.00000000  2.01433171  1.38093086  0.54015259
2    2.01433171  0.00000000  0.91888060  2.09778920
3    1.38093086  0.91888060  0.00000000  1.58139360
4    0.54015259  2.09778920  1.58139360  0.00000000

--------------------------------------------------------------------------------
n=4
(result of R-step: (0,3:2)0.17119159)
V=[0, 1, 3, 4]
total successes of this branch: 0
Matrix on 4 elements:

0    0.00000000  1.44113252  0.87669036  0.02856995
1    1.44113252  0.00000000  0.75856120  2.17524713
3    0.87669036  0.75856120  0.00000000  1.58873574
4    0.02856995  2.17524713  1.58873574  0.00000000
reason of abort: no pseudometric

--------------------------------------------------------------------------------
n=4
(result of R-step: (1,2:3)0.84131357)
V=[0, 1, 2, 4]
total successes of this branch: 1
Matrix on 4 elements:

0    0.00000000  1.36093588  1.70923083  0.58470092
1    1.36093588  0.00000000  0.66557557  1.53891952
2    1.70923083  0.66557557  0.00000000  1.74814000
4    0.58470092  1.53891952  1.74814000  0.00000000

--------------------------------------------------------------------------------
n=4
(result of R-step: (1,4:0)0.30475058)
V=[1, 2, 3, 4]
total successes of this branch: 0
reason of abort: negative delta/dxy

--------------------------------------------------------------------------------
n=4
(result of R-step: (1,4:2)0.95271626)
V=[0, 1, 3, 4]
total successes of this branch: 0
reason of abort: negative delta/dxy

--------------------------------------------------------------------------------
n=4
(result of R-step: (3,4:0)0.56737426)
V=[1, 2, 3, 4]
total successes of this branch: 0
reason of abort: negative delta/dxy

--------------------------------------------------------------------------------
n=4
(result of R-step: (3,4:1)0.92034038)
V=[0, 2, 3, 4]
total successes of this branch: 0
Matrix on 4 elements:

0    0.00000000  2.05888004  1.43282133  0.07587118
2    2.05888004  0.00000000  0.92622274  1.58895946
3    1.43282133  0.92622274  0.00000000  1.07990600
4    0.07587118  1.58895946  1.07990600  0.00000000
reason of abort: no pseudometric

--------------------------------------------------------------------------------
n=4
(result of R-step: (3,4:2)0.88213894)
V=[0, 1, 3, 4]
total successes of this branch: 0
reason of abort: negative delta/dxy
