n=6
V=[0, 1, 2, 3, 4, 5]
total successes of this branch: 1
Matrix on 6 elements:

0    0.00000000  2.43048509  2.30986919  1.87130013  1.97859361  1.32329090
1    2.43048509  0.00000000  2.03746841  1.79143048  0.92872127  2.10251006
2    2.30986919  2.03746841  0.00000000  1.66296182  1.64601150  1.50528732
3    1.87130013  1.79143048  1.66296182  0.00000000  1.21427783  1.59164593
4    1.97859361  0.92872127  1.64601150  1.21427783  0.00000000  1.66643120
5    1.32329090  2.10251006  1.50528732  1.59164593  1.66643120  0.00000000

--------------------------------------------------------------------------------
n=5
(result of R-step: (0,2:5)0.73835144)
V=[0, 1, 2, 3, 4]
total successes of this branch: 1
Matrix on 5 elements:

0    0.00000000  1.79118267  1.62291727  1.23199770  1.33929119
1    1.79118267  0.00000000  1.98981890  1.79143048  0.92872127
2    1.62291727  1.98981890  0.00000000  1.61531232  1.59836200
3    1.23199770  1.79143048  1.61531232  0.00000000  1.21427783
4    1.33929119  0.92872127  1.59836200  1.21427783  0.00000000

--------------------------------------------------------------------------------
n=4
(result of R-step: (0,1:2)0.87191396)
V=[0, 1, 3, 4]
total successes of this branch: 0
Matrix on 4 elements:

0    0.00000000  0.71641216  0.61161958  0.71891307
1    0.71641216  0.00000000  1.33703810  0.47432889
3    0.61161958  1.33703810  0.00000000  1.21427783
4    0.71891307  0.47432889  1.21427783  0.00000000
reason of abort: no pseudometric

--------------------------------------------------------------------------------
n=4
(result of R-step: (0,1:3)0.84898688)
V=[0, 1, 2, 4]
total successes of this branch: 0
Matrix on 4 elements:

0    0.00000000  0.08276370  1.01954073  0.73591465
1    0.08276370  0.00000000  0.88477648 -0.17632116
2    1.01954073  0.88477648  0.00000000  1.59836200
4    0.73591465 -0.17632116  1.59836200  0.00000000
reason of abort: no pseudometric

--------------------------------------------------------------------------------
n=4
(result of R-step: (0,1:4)0.96449720)
V=[0, 1, 2, 3]
total successes of this branch: 0
reason of abort: negative delta/dxy

--------------------------------------------------------------------------------
n=4
(result of R-step: (0,4:2)0.78137884)
V=[0, 1, 3, 4]
total successes of this branch: 0
Matrix on 4 elements:

0    0.00000000  1.18780613  0.62862116  0.35928217
1    1.18780613  0.00000000  1.79143048  0.55208880
3    0.62862116  1.79143048  0.00000000  0.83764536
4    0.35928217  0.55208880  0.83764536  0.00000000
reason of abort: no pseudometric

--------------------------------------------------------------------------------
n=4
(result of R-step: (1,3:2)0.00809170)
V=[0, 1, 3, 4]
total successes of this branch: 0
reason of abort: negative delta/dxy

--------------------------------------------------------------------------------
n=4
(result of R-step: (1,3:4)0.67275770)
V=[0, 1, 2, 3]
total successes of this branch: 1
Matrix on 4 elements:

0    0.00000000  1.33679028  1.62291727  0.80726397
1    1.33679028  0.00000000  1.53542652  0.91230437
2    1.62291727  1.53542652  0.00000000  1.19057859
3    0.80726397  0.91230437  1.19057859  0.00000000

--------------------------------------------------------------------------------
n=4
(result of R-step: (1,4:2)0.93730886)
V=[0, 1, 3, 4]
total successes of this branch: 0
reason of abort: negative delta/dxy

--------------------------------------------------------------------------------
n=4
(result of R-step: (2,3:0)0.67455056)
V=[1, 2, 3, 4]
total successes of this branch: 0
Matrix on 4 elements:

1    0.00000000  1.07714779  1.36669675  0.92872127
2    1.07714779  0.00000000  0.27790748  0.68569089
3    1.36669675  0.27790748  0.00000000  0.78954410
4    0.92872127  0.68569089  0.78954410  0.00000000
reason of abort: no pseudometric

--------------------------------------------------------------------------------
n=4
(result of R-step: (3,4:0)0.99071513)
V=[1, 2, 3, 4]
total successes of this branch: 0
reason of abort: negative delta/dxy

--------------------------------------------------------------------------------
n=4
(result of R-step: (3,4:2)0.80151484)
V=[0, 1, 3, 4]
total successes of this branch: 0
reason of abort: negative delta/dxy
