n=6
V=[0, 1, 2, 3, 4, 5]
total successes of this branch: 3
Matrix on 6 elements:

0    0.00000000  2.13481510  1.92928317  1.73613072  2.06650791  2.12743776
1    2.13481510  0.00000000  1.91909003  1.26628114  1.28615191  0.46179869
2    1.92928317  1.91909003  0.00000000  1.39582191  1.75269753  1.88406139
3    1.73613072  1.26628114  1.39582191  0.00000000  0.62415600  1.09713839
4    2.06650791  1.28615191  1.75269753  0.62415600  0.00000000  0.96176342
5    2.12743776  0.46179869  1.88406139  1.09713839  0.96176342  0.00000000

--------------------------------------------------------------------------------
n=5
(result of R-step: (0,3:2)0.82906544)
V=[0, 1, 3, 4, 5]
total successes of this branch: 3
Matrix on 5 elements:

0    0.00000000  1.10969637  0.64163303  1.04138918  1.10231903
1    1.10969637  0.00000000  1.19690217  1.28615191  0.46179869
3    0.64163303  1.19690217  0.00000000  0.55477703  1.02775942
4    1.04138918  1.28615191  0.55477703  0.00000000  0.96176342
5    1.10231903  0.46179869  1.02775942  0.96176342  0.00000000

--------------------------------------------------------------------------------
n=4
(result of R-step: (0,1:4)0.95509275)
V=[0, 1, 3, 5]
total successes of this branch: 0
reason of abort: negative delta/dxy

--------------------------------------------------------------------------------
n=4
(result of R-step: (0,4:3)0.48971697)
V=[0, 1, 4, 5]
total successes of this branch: 1
Matrix on 4 elements:

0    0.00000000  0.99425595  0.87928099  0.98687861
1    0.99425595  0.00000000  1.23948414  0.46179869
4    0.87928099  1.23948414  0.00000000  0.91509564
5    0.98687861  0.46179869  0.91509564  0.00000000

--------------------------------------------------------------------------------
n=4
(result of R-step: (0,5:1)0.33332264)
V=[0, 3, 4, 5]
total successes of this branch: 0
reason of abort: negative delta/dxy

--------------------------------------------------------------------------------
n=4
(result of R-step: (1,3:0)0.31761445)
V=[1, 3, 4, 5]
total successes of this branch: 1
Matrix on 4 elements:

1    0.00000000  1.13084007  1.22533807  0.40098485
3    1.13084007  0.00000000  0.54952877  1.02251116
4    1.22533807  0.54952877  0.00000000  0.96176342
5    0.40098485  1.02251116  0.96176342  0.00000000

--------------------------------------------------------------------------------
n=4
(result of R-step: (1,3:4)0.45042680)
V=[0, 1, 3, 5]
total successes of this branch: 0
reason of abort: negative delta/dxy

--------------------------------------------------------------------------------
n=4
(result of R-step: (1,4:5)0.71808931)
V=[0, 1, 3, 4]
total successes of this branch: 1
Matrix on 4 elements:

0    0.00000000  1.04888253  0.64163303  0.99472141
1    1.04888253  0.00000000  1.13608833  1.17867029
3    0.64163303  1.13608833  0.00000000  0.50810926
4    0.99472141  1.17867029  0.50810926  0.00000000

--------------------------------------------------------------------------------
n=4
(result of R-step: (1,5:3)0.16939346)
V=[0, 1, 4, 5]
total successes of this branch: 0
reason of abort: negative delta/dxy

--------------------------------------------------------------------------------
n=4
(result of R-step: (3,5:0)0.49757198)
V=[1, 3, 4, 5]
total successes of this branch: 0
reason of abort: negative delta/dxy

--------------------------------------------------------------------------------
n=4
(result of R-step: (3,5:4)0.74033354)
V=[0, 1, 3, 5]
total successes of this branch: 0
reason of abort: negative delta/dxy

--------------------------------------------------------------------------------
n=4
(result of R-step: (4,5:0)0.79703669)
V=[1, 3, 4, 5]
total successes of this branch: 0
reason of abort: negative delta/dxy
