n=6
V=[0, 1, 2, 3, 4, 5]
total successes of this branch: 5
Matrix on 6 elements:

0    0.00000000  2.42837561  2.14884928  1.80052828  1.48251971  2.41801170
1    2.42837561  0.00000000  1.71740571  1.60893620  1.41767258  0.55707978
2    2.14884928  1.71740571  0.00000000  1.26314446  1.10990412  1.74186976
3    1.80052828  1.60893620  1.26314446  0.00000000  0.68725374  1.60106054
4    1.48251971  1.41767258  1.10990412  0.68725374  0.00000000  1.38935317
5    2.41801170  0.55707978  1.74186976  1.60106054  1.38935317  0.00000000

--------------------------------------------------------------------------------
n=5
(result of R-step: (0,2:3)0.92855585)
V=[0, 1, 2, 4, 5]
total successes of this branch: 0
Matrix on 5 elements:

0    0.00000000  1.12761899  0.59290971  0.18176309  1.11725508
1    1.12761899  0.00000000  1.46222276  1.41767258  0.55707978
2    0.59290971  1.46222276  0.00000000  0.85472116  1.48668681
4    0.18176309  1.41767258  0.85472116  0.00000000  1.38935317
5    1.11725508  0.55707978  1.48668681  1.38935317  0.00000000
reason of abort: no pseudometric

--------------------------------------------------------------------------------
n=5
(result of R-step: (1,4:5)0.89706660)
V=[0, 1, 2, 3, 4]
total successes of this branch: 5
Matrix on 5 elements:

0    0.00000000  2.24769912  2.14884928  1.80052828  1.33383039
1    2.24769912  0.00000000  1.53672923  1.42825972  1.08830678
2    2.14884928  1.53672923  0.00000000  1.26314446  0.96121480
3    1.80052828  1.42825972  1.26314446  0.00000000  0.53856442
4    1.33383039  1.08830678  0.96121480  0.53856442  0.00000000

--------------------------------------------------------------------------------
n=4
(result of R-step: (0,1:3)0.75330134)
V=[0, 1, 2, 4]
total successes of this branch: 0
reason of abort: negative delta/dxy

--------------------------------------------------------------------------------
n=4
(result of R-step: (0,2:1)0.23076823)
V=[0, 2, 3, 4]
total successes of this branch: 1
Matrix on 4 elements:

0    0.00000000  0.29947895  0.60098742  0.13428953
2    0.29947895  0.00000000  0.61331499  0.31138533
3    0.60098742  0.61331499  0.00000000  0.53856442
4    0.13428953  0.31138533  0.53856442  0.00000000

--------------------------------------------------------------------------------
n=4
(result of R-step: (0,2:3)0.92855585)
V=[0, 1, 2, 4]
total successes of this branch: 0
Matrix on 4 elements:

0    0.00000000  0.94694250  0.59290971  0.03307377
1    0.94694250  0.00000000  1.28154628  1.08830678
2    0.59290971  1.28154628  0.00000000  0.70603185
4    0.03307377  1.08830678  0.70603185  0.00000000
reason of abort: no pseudometric

--------------------------------------------------------------------------------
n=4
(result of R-step: (0,3:4)0.57380268)
V=[0, 1, 2, 3]
total successes of this branch: 1
Matrix on 4 elements:

0    0.00000000  1.04815826  0.94930842  0.23077635
1    1.04815826  0.00000000  1.53672923  1.05804865
2    0.94930842  1.53672923  0.00000000  0.89293339
3    0.23077635  1.05804865  0.89293339  0.00000000

--------------------------------------------------------------------------------
n=4
(result of R-step: (1,3:2)0.72465902)
V=[0, 1, 3, 4]
total successes of this branch: 1
Matrix on 4 elements:

0    0.00000000  1.47547650  1.43031721  1.33383039
1    1.47547650  0.00000000  0.28582602  0.31608416
3    1.43031721  0.28582602  0.00000000  0.16835335
4    1.33383039  0.31608416  0.16835335  0.00000000

--------------------------------------------------------------------------------
n=4
(result of R-step: (1,4:0)0.23658149)
V=[1, 2, 3, 4]
total successes of this branch: 1
Matrix on 4 elements:

1    0.00000000  0.76450661  0.65603709  0.29978986
2    0.76450661  0.00000000  1.26314446  0.94492051
3    0.65603709  1.26314446  0.00000000  0.52227013
4    0.29978986  0.94492051  0.52227013  0.00000000

--------------------------------------------------------------------------------
n=4
(result of R-step: (1,4:3)0.48696951)
V=[0, 1, 2, 4]
total successes of this branch: 0
reason of abort: negative delta/dxy

--------------------------------------------------------------------------------
n=4
(result of R-step: (2,4:0)0.37142386)
V=[1, 2, 3, 4]
total successes of this branch: 0
reason of abort: negative delta/dxy

--------------------------------------------------------------------------------
n=4
(result of R-step: (2,4:1)0.26729040)
V=[0, 2, 3, 4]
total successes of this branch: 0
Matrix on 4 elements:

0    0.00000000  1.89366633  1.80052828  1.24146004
2    1.89366633  0.00000000  1.00796151  0.61366149
3    1.80052828  1.00796151  0.00000000  0.44619407
4    1.24146004  0.61366149  0.44619407  0.00000000
reason of abort: no pseudometric

--------------------------------------------------------------------------------
n=4
(result of R-step: (2,4:3)0.34573428)
V=[0, 1, 2, 4]
total successes of this branch: 1
Matrix on 4 elements:

0    0.00000000  2.24769912  1.49901982  1.31753610
1    2.24769912  0.00000000  0.88689976  1.07201249
2    1.49901982  0.88689976  0.00000000  0.29509104
4    1.31753610  1.07201249  0.29509104  0.00000000
