n=6
V=[0, 1, 2, 3, 4, 5]
total successes of this branch: 3
Matrix on 6 elements:

0    0.00000000  1.94768306  1.92144830  1.54844475  1.17185197  1.97875702
1    1.94768306  0.00000000  1.36084213  0.98545672  1.80822765  0.89600236
2    1.92144830  1.36084213  0.00000000  0.81101158  1.36647636  1.32691167
3    1.54844475  0.98545672  0.81101158  0.00000000  1.34221953  0.76741022
4    1.17185197  1.80822765  1.36647636  1.34221953  0.00000000  1.81047985
5    1.97875702  0.89600236  1.32691167  0.76741022  1.81047985  0.00000000

--------------------------------------------------------------------------------
n=5
(result of R-step: (0,2:4)0.55661853)
V=[0, 1, 2, 3, 5]
total successes of this branch: 3
Matrix on 5 elements:

0    0.00000000  1.76876481  1.54380316  1.36952650  1.79983877
1    1.76876481  0.00000000  1.16211524  0.98545672  0.89600236
2    1.54380316  1.16211524  0.00000000  0.61228468  1.12818478
3    1.36952650  0.98545672  0.61228468  0.00000000  0.76741022
5    1.79983877  0.89600236  1.12818478  0.76741022  0.00000000

--------------------------------------------------------------------------------
n=4
(result of R-step: (0,1:3)0.80674066)
V=[0, 1, 2, 5]
total successes of this branch: 0
reason of abort: negative delta/dxy

--------------------------------------------------------------------------------
n=4
(result of R-step: (0,3:2)0.73906432)
V=[0, 1, 3, 5]
total successes of this branch: 1
Matrix on 4 elements:

0    0.00000000  0.69395892  0.29017339  0.72503287
1    0.69395892  0.00000000  0.98090950  0.89600236
3    0.29017339  0.98090950  0.00000000  0.76286301
5    0.72503287  0.89600236  0.76286301  0.00000000

--------------------------------------------------------------------------------
n=4
(result of R-step: (0,5:1)0.98722850)
V=[0, 2, 3, 5]
total successes of this branch: 0
reason of abort: negative delta/dxy

--------------------------------------------------------------------------------
n=4
(result of R-step: (1,2:0)0.14138464)
V=[1, 2, 3, 5]
total successes of this branch: 1
Matrix on 4 elements:

1    0.00000000  0.53394925  0.75037530  0.66092094
2    0.53394925  0.00000000  0.21920012  0.73510021
3    0.75037530  0.21920012  0.00000000  0.76741022
5    0.66092094  0.73510021  0.76741022  0.00000000

--------------------------------------------------------------------------------
n=4
(result of R-step: (1,2:3)0.40796306)
V=[0, 1, 2, 5]
total successes of this branch: 0
Matrix on 4 elements:

0    0.00000000  1.07814558  1.20240782  1.79983877
1    1.07814558  0.00000000  0.13010066  0.20538312
2    1.20240782  0.13010066  0.00000000  0.78678944
5    1.79983877  0.20538312  0.78678944  0.00000000
reason of abort: no pseudometric

--------------------------------------------------------------------------------
n=4
(result of R-step: (1,3:5)0.56834153)
V=[0, 1, 2, 3]
total successes of this branch: 1
Matrix on 4 elements:

0    0.00000000  1.53368340  1.54380316  1.36497929
1    1.53368340  0.00000000  0.92703382  0.74582809
2    1.54380316  0.92703382  0.00000000  0.60773747
3    1.36497929  0.74582809  0.60773747  0.00000000

--------------------------------------------------------------------------------
n=4
(result of R-step: (1,5:2)0.40506538)
V=[0, 1, 3, 5]
total successes of this branch: 0
reason of abort: negative delta/dxy

--------------------------------------------------------------------------------
n=4
(result of R-step: (2,5:0)0.64250118)
V=[1, 2, 3, 5]
total successes of this branch: 0
Matrix on 4 elements:

1    0.00000000  0.82071990  0.98545672  0.37405084
2    0.82071990  0.00000000  0.27088935  0.26483793
3    0.98545672  0.27088935  0.00000000  0.24545871
5    0.37405084  0.26483793  0.24545871  0.00000000
reason of abort: no pseudometric

--------------------------------------------------------------------------------
n=4
(result of R-step: (2,5:3)0.99543835)
V=[0, 1, 2, 5]
total successes of this branch: 0
reason of abort: negative delta/dxy

--------------------------------------------------------------------------------
n=4
(result of R-step: (3,5:0)0.75516761)
V=[1, 2, 3, 5]
total successes of this branch: 0
reason of abort: negative delta/dxy
