n=6
V=[0, 1, 2, 3, 4, 5]
total successes of this branch: 3
Matrix on 6 elements:

0    0.00000000  1.47338398  1.43207810  1.00149858  0.83371962  1.37808050
1    1.47338398  0.00000000  1.74026771  1.42293807  0.95951210  0.27955857
2    1.43207810  1.74026771  0.00000000  1.09164531  1.46480357  1.66040181
3    1.00149858  1.42293807  1.09164531  0.00000000  1.08310993  1.34034393
4    0.83371962  0.95951210  1.46480357  1.08310993  0.00000000  0.85071402
5    1.37808050  0.27955857  1.66040181  1.34034393  0.85071402  0.00000000

--------------------------------------------------------------------------------
n=5
(result of R-step: (0,2:3)0.17672697)
V=[0, 1, 2, 4, 5]
total successes of this branch: 3
Matrix on 5 elements:

0    0.00000000  1.21119595  0.49652744  0.57153158  1.11589247
1    1.21119595  0.00000000  1.06690508  0.95951210  0.27955857
2    0.49652744  1.06690508  0.00000000  0.79144094  0.98703919
4    0.57153158  0.95951210  0.79144094  0.00000000  0.85071402
5    1.11589247  0.27955857  0.98703919  0.85071402  0.00000000

--------------------------------------------------------------------------------
n=4
(result of R-step: (0,1:2)0.71513638)
V=[0, 1, 4, 5]
total successes of this branch: 1
Matrix on 4 elements:

0    0.00000000  1.02141667  0.54208689  1.08644777
1    1.02141667  0.00000000  0.79917752  0.11922399
4    0.54208689  0.79917752  0.00000000  0.85071402
5    1.08644777  0.11922399  0.85071402  0.00000000

--------------------------------------------------------------------------------
n=4
(result of R-step: (0,1:4)0.60184306)
V=[0, 1, 2, 5]
total successes of this branch: 0
Matrix on 4 elements:

0    0.00000000  0.98898018  0.47868904  1.09805408
1    0.98898018  0.00000000  0.86252771  0.07518120
2    0.47868904  0.86252771  0.00000000  0.98703919
5    1.09805408  0.07518120  0.98703919  0.00000000
reason of abort: no pseudometric

--------------------------------------------------------------------------------
n=4
(result of R-step: (0,5:1)0.13690572)
V=[0, 2, 4, 5]
total successes of this branch: 0
reason of abort: negative delta/dxy

--------------------------------------------------------------------------------
n=4
(result of R-step: (0,5:2)0.69921187)
V=[0, 1, 4, 5]
total successes of this branch: 0
Matrix on 4 elements:

0    0.00000000  1.19335755  0.55369319  0.98026465
1    1.19335755  0.00000000  0.95951210  0.16176914
4    0.55369319  0.95951210  0.00000000  0.73292459
5    0.98026465  0.16176914  0.73292459  0.00000000
reason of abort: no pseudometric

--------------------------------------------------------------------------------
n=4
(result of R-step: (0,5:4)0.61565399)
V=[0, 1, 2, 5]
total successes of this branch: 1
Matrix on 4 elements:

0    0.00000000  1.18175125  0.46708274  1.01187552
1    1.18175125  0.00000000  1.06690508  0.20498631
2    0.46708274  1.06690508  0.00000000  0.91246693
5    1.01187552  0.20498631  0.91246693  0.00000000

--------------------------------------------------------------------------------
n=4
(result of R-step: (1,2:4)0.14859856)
V=[0, 1, 2, 5]
total successes of this branch: 0
Matrix on 4 elements:

0    0.00000000  0.93413354  0.10652636  1.11589247
1    0.93413354  0.00000000  0.39984160  0.00249616
2    0.10652636  0.39984160  0.00000000  0.59703811
5    1.11589247  0.00249616  0.59703811  0.00000000
reason of abort: no pseudometric

--------------------------------------------------------------------------------
n=4
(result of R-step: (1,4:5)0.95761238)
V=[0, 1, 2, 4]
total successes of this branch: 1
Matrix on 4 elements:

0    0.00000000  1.05086136  0.49652744  0.57078876
1    1.05086136  0.00000000  0.90657050  0.79843470
2    0.49652744  0.90657050  0.00000000  0.79069812
4    0.57078876  0.79843470  0.79069812  0.00000000

--------------------------------------------------------------------------------
n=4
(result of R-step: (2,4:0)0.46642203)
V=[1, 2, 4, 5]
total successes of this branch: 0
reason of abort: negative delta/dxy

--------------------------------------------------------------------------------
n=4
(result of R-step: (2,5:1)0.02409356)
V=[0, 2, 4, 5]
total successes of this branch: 0
reason of abort: negative delta/dxy

--------------------------------------------------------------------------------
n=4
(result of R-step: (2,5:4)0.87033794)
V=[0, 1, 2, 5]
total successes of this branch: 0
reason of abort: negative delta/dxy
