n=6
V=[0, 1, 2, 3, 4, 5]
total successes of this branch: 1
Matrix on 6 elements:

0    0.00000000  1.04503635  0.80036389  1.62457381  1.25791235  1.32049867
1    1.04503635  0.00000000  0.86000597  1.88124985  1.00796981  0.89568612
2    0.80036389  0.86000597  0.00000000  1.63547968  1.19144462  1.22806969
3    1.62457381  1.88124985  1.63547968  0.00000000  1.46358374  1.53001078
4    1.25791235  1.00796981  1.19144462  1.46358374  0.00000000  1.22486465
5    1.32049867  0.89568612  1.22806969  1.53001078  1.22486465  0.00000000

--------------------------------------------------------------------------------
n=5
(result of R-step: (1,3:5)0.52739013)
V=[0, 1, 2, 3, 4]
total successes of this branch: 1
Matrix on 5 elements:

0    0.00000000  1.04027547  0.80036389  1.05720206  1.25791235
1    1.04027547  0.00000000  0.85524509  1.30911722  1.00320893
2    0.80036389  0.85524509  0.00000000  1.06810793  1.19144462
3    1.05720206  1.30911722  1.06810793  0.00000000  0.89621199
4    1.25791235  1.00320893  1.19144462  0.89621199  0.00000000

--------------------------------------------------------------------------------
n=4
(result of R-step: (0,1:2)0.84727445)
V=[0, 1, 3, 4]
total successes of this branch: 0
Matrix on 4 elements:

0    0.00000000  0.64081739  0.66237411  0.86308441
1    0.64081739  0.00000000  1.30448709  0.99857880
3    0.66237411  1.30448709  0.00000000  0.89621199
4    0.86308441  0.99857880  0.89621199  0.00000000
reason of abort: no pseudometric

--------------------------------------------------------------------------------
n=4
(result of R-step: (0,3:1)0.50816208)
V=[0, 2, 3, 4]
total successes of this branch: 0
reason of abort: negative delta/dxy

--------------------------------------------------------------------------------
n=4
(result of R-step: (1,3:4)0.39489173)
V=[0, 1, 2, 3]
total successes of this branch: 1
Matrix on 4 elements:

0    0.00000000  1.03564533  0.80036389  0.91519610
1    1.03564533  0.00000000  0.85061495  1.16248113
2    0.80036389  0.85061495  0.00000000  0.92610197
3    0.91519610  1.16248113  0.92610197  0.00000000

--------------------------------------------------------------------------------
n=4
(result of R-step: (1,4:0)0.73697409)
V=[1, 2, 3, 4]
total successes of this branch: 0
reason of abort: negative delta/dxy

--------------------------------------------------------------------------------
n=4
(result of R-step: (1,4:2)0.99825910)
V=[0, 1, 3, 4]
total successes of this branch: 0
reason of abort: negative delta/dxy

--------------------------------------------------------------------------------
n=4
(result of R-step: (2,3:0)0.84172755)
V=[1, 2, 3, 4]
total successes of this branch: 0
Matrix on 4 elements:

1    0.00000000  0.54747513  1.16711126  1.00320893
2    0.54747513  0.00000000  0.61833201  0.88367466
3    1.16711126  0.61833201  0.00000000  0.75420603
4    1.00320893  0.88367466  0.75420603  0.00000000
reason of abort: no pseudometric

--------------------------------------------------------------------------------
n=4
(result of R-step: (2,3:1)0.22447036)
V=[0, 2, 3, 4]
total successes of this branch: 0
reason of abort: negative delta/dxy

--------------------------------------------------------------------------------
n=4
(result of R-step: (2,4:0)0.38743081)
V=[1, 2, 3, 4]
total successes of this branch: 0
reason of abort: negative delta/dxy

--------------------------------------------------------------------------------
n=4
(result of R-step: (3,4:0)0.99744269)
V=[1, 2, 3, 4]
total successes of this branch: 0
reason of abort: negative delta/dxy

--------------------------------------------------------------------------------
n=4
(result of R-step: (3,4:2)0.61108028)
V=[0, 1, 3, 4]
total successes of this branch: 0
reason of abort: negative delta/dxy
