n=6
V=[0, 1, 2, 3, 4, 5]
total successes of this branch: 5
Matrix on 6 elements:

0    0.00000000  1.36382433  1.73504727  1.45306229  1.93306159  1.54773897
1    1.36382433  0.00000000  1.32717095  1.13181169  1.56292651  0.67469853
2    1.73504727  1.32717095  0.00000000  1.65840144  1.38204779  1.26291616
3    1.45306229  1.13181169  1.65840144  0.00000000  1.88326970  1.40364449
4    1.93306159  1.56292651  1.38204779  1.88326970  0.00000000  1.36813539
5    1.54773897  0.67469853  1.26291616  1.40364449  1.36813539  0.00000000

--------------------------------------------------------------------------------
n=5
(result of R-step: (1,4:5)0.51751841)
V=[0, 1, 2, 3, 4]
total successes of this branch: 5
Matrix on 5 elements:

0    0.00000000  1.35286132  1.73504727  1.45306229  1.25943588
1    1.35286132  0.00000000  1.31620794  1.12084868  0.87833778
2    1.73504727  1.31620794  0.00000000  1.65840144  0.70842207
3    1.45306229  1.12084868  1.65840144  0.00000000  1.20964398
4    1.25943588  0.87833778  0.70842207  1.20964398  0.00000000

--------------------------------------------------------------------------------
n=4
(result of R-step: (0,1:3)0.28847226)
V=[0, 1, 2, 4]
total successes of this branch: 1
Matrix on 4 elements:

0    0.00000000  0.52861645  1.26863507  0.79302368
1    0.52861645  0.00000000  0.95837527  0.52050511
2    1.26863507  0.95837527  0.00000000  0.70842207
4    0.79302368  0.52050511  0.70842207  0.00000000

--------------------------------------------------------------------------------
n=4
(result of R-step: (0,2:1)0.93536816)
V=[0, 2, 3, 4]
total successes of this branch: 0
Matrix on 4 elements:

0    0.00000000  0.58709630  0.60515708  0.41153066
2    0.58709630  0.00000000  1.35835568  0.40837632
3    0.60515708  1.35835568  0.00000000  1.20964398
4    0.41153066  0.40837632  1.20964398  0.00000000
reason of abort: no pseudometric

--------------------------------------------------------------------------------
n=4
(result of R-step: (0,2:4)0.04499024)
V=[0, 1, 2, 3]
total successes of this branch: 1
Matrix on 4 elements:

0    0.00000000  0.88644912  0.70849364  0.98665009
1    0.88644912  0.00000000  0.75606650  1.12084868
2    0.70849364  0.75606650  0.00000000  1.09826000
3    0.98665009  1.12084868  1.09826000  0.00000000

--------------------------------------------------------------------------------
n=4
(result of R-step: (0,4:1)0.88939612)
V=[0, 2, 3, 4]
total successes of this branch: 0
Matrix on 4 elements:

0    0.00000000  0.88117947  0.59919449  0.11854828
2    0.88117947  0.00000000  1.65840144  0.42140228
3    0.59919449  1.65840144  0.00000000  0.92262419
4    0.11854828  0.42140228  0.92262419  0.00000000
reason of abort: no pseudometric

--------------------------------------------------------------------------------
n=4
(result of R-step: (1,4:2)0.14737038)
V=[0, 1, 3, 4]
total successes of this branch: 1
Matrix on 4 elements:

0    0.00000000  0.99502865  1.45306229  1.19074377
1    0.99502865  0.00000000  0.76301601  0.45181300
3    1.45306229  0.76301601  0.00000000  1.14095188
4    1.19074377  0.45181300  1.14095188  0.00000000

--------------------------------------------------------------------------------
n=4
(result of R-step: (2,3:0)0.26159298)
V=[1, 2, 3, 4]
total successes of this branch: 0
Matrix on 4 elements:

1    0.00000000  0.68629046  0.55318879  0.87833778
2    0.68629046  0.00000000  0.46082407  0.07850459
3    0.55318879  0.46082407  0.00000000  0.64198410
4    0.87833778  0.07850459  0.64198410  0.00000000
reason of abort: no pseudometric

--------------------------------------------------------------------------------
n=4
(result of R-step: (2,3:1)0.29507558)
V=[0, 2, 3, 4]
total successes of this branch: 1
Matrix on 4 elements:

0    0.00000000  1.17490584  0.87505510  1.25943588
2    1.17490584  0.00000000  0.52025281  0.14828063
3    0.87505510  0.52025281  0.00000000  0.63163679
4    1.25943588  0.14828063  0.63163679  0.00000000

--------------------------------------------------------------------------------
n=4
(result of R-step: (2,3:4)0.56431831)
V=[0, 1, 2, 3]
total successes of this branch: 0
Matrix on 4 elements:

0    0.00000000  1.35286132  1.43500152  0.73403576
1    1.35286132  0.00000000  1.01616218  0.40182215
2    1.43500152  1.01616218  0.00000000  0.63932915
3    0.73403576  0.40182215  0.63932915  0.00000000
reason of abort: no pseudometric

--------------------------------------------------------------------------------
n=4
(result of R-step: (3,4:0)0.78039049)
V=[1, 2, 3, 4]
total successes of this branch: 1
Matrix on 4 elements:

1    0.00000000  1.31620794  0.54284148  0.80964568
2    1.31620794  0.00000000  1.08039425  0.63972997
3    0.54284148  1.08039425  0.00000000  0.56294469
4    0.80964568  0.63972997  0.56294469  0.00000000

--------------------------------------------------------------------------------
n=4
(result of R-step: (3,4:1)0.68005344)
V=[0, 2, 3, 4]
total successes of this branch: 0
Matrix on 4 elements:

0    0.00000000  1.73504727  0.88540241  1.11258932
2    1.73504727  0.00000000  1.09074155  0.56157552
3    0.88540241  1.09074155  0.00000000  0.49513754
4    1.11258932  0.56157552  0.49513754  0.00000000
reason of abort: no pseudometric
