n=6
V=[0, 1, 2, 3, 4, 5]
total successes of this branch: 3
Matrix on 6 elements:

0    0.00000000  2.25254403  2.35498685  1.49057196  0.93063438  2.23473599
1    2.25254403  0.00000000  2.55267638  2.53994659  2.17518430  2.55259639
2    2.35498685  2.55267638  0.00000000  2.54266329  2.21943325  0.61628707
3    1.49057196  2.53994659  2.54266329  0.00000000  1.43266165  2.23150878
4    0.93063438  2.17518430  2.21943325  1.43266165  0.00000000  2.11013769
5    2.23473599  2.55259639  0.61628707  2.23150878  2.11013769  0.00000000

--------------------------------------------------------------------------------
n=5
(result of R-step: (0,1:4)0.90883569)
V=[0, 1, 2, 3, 5]
total successes of this branch: 0
Matrix on 5 elements:

0    0.00000000  0.22474913  1.87147889  1.00706400  1.75122803
1    0.22474913  0.00000000  1.00838944  0.99565964  1.00830945
2    1.87147889  1.00838944  0.00000000  2.54266329  0.61628707
3    1.00706400  0.99565964  2.54266329  0.00000000  2.23150878
5    1.75122803  1.00830945  0.61628707  2.23150878  0.00000000
reason of abort: no pseudometric

--------------------------------------------------------------------------------
n=5
(result of R-step: (2,3:5)0.85890223)
V=[0, 1, 2, 3, 4]
total successes of this branch: 3
Matrix on 5 elements:

0    0.00000000  2.25254403  2.20607188  1.32794201  0.93063438
1    2.25254403  0.00000000  2.40376142  2.37731664  2.17518430
2    2.20607188  2.40376142  0.00000000  2.23111838  2.07051828
3    1.32794201  2.37731664  2.23111838  0.00000000  1.27003170
4    0.93063438  2.17518430  2.07051828  1.27003170  0.00000000

--------------------------------------------------------------------------------
n=4
(result of R-step: (0,1:3)0.69972039)
V=[0, 1, 2, 4]
total successes of this branch: 0
Matrix on 4 elements:

0    0.00000000  0.37127277  1.71597282  0.44053532
1    0.37127277  0.00000000  1.01258921  0.78401209
2    1.71597282  1.01258921  0.00000000  2.07051828
4    0.44053532  0.78401209  2.07051828  0.00000000
reason of abort: no pseudometric

--------------------------------------------------------------------------------
n=4
(result of R-step: (0,1:4)0.90883569)
V=[0, 1, 2, 3]
total successes of this branch: 0
Matrix on 4 elements:

0    0.00000000  0.22474913  1.72256392  0.84443405
1    0.22474913  0.00000000  0.85947447  0.83302970
2    1.72256392  0.85947447  0.00000000  2.23111838
3    0.84443405  0.83302970  2.23111838  0.00000000
reason of abort: no pseudometric

--------------------------------------------------------------------------------
n=4
(result of R-step: (0,2:1)0.17545811)
V=[0, 2, 3, 4]
total successes of this branch: 1
Matrix on 4 elements:

0    0.00000000  0.80064739  0.96068208  0.56337444
2    0.80064739  0.00000000  1.19295382  1.03235373
3    0.96068208  1.19295382  0.00000000  1.27003170
4    0.56337444  1.03235373  1.27003170  0.00000000

--------------------------------------------------------------------------------
n=4
(result of R-step: (0,2:3)0.78291496)
V=[0, 1, 2, 4]
total successes of this branch: 1
Matrix on 4 elements:

0    0.00000000  1.76903607  0.77361295  0.44712642
1    1.76903607  0.00000000  1.45481044  2.17518430
2    0.77361295  1.45481044  0.00000000  1.12156731
4    0.44712642  2.17518430  1.12156731  0.00000000

--------------------------------------------------------------------------------
n=4
(result of R-step: (0,2:4)0.97413499)
V=[0, 1, 2, 3]
total successes of this branch: 1
Matrix on 4 elements:

0    0.00000000  1.76244498  1.66228134  0.83784295
1    1.76244498  0.00000000  2.35006993  2.37731664
2    1.66228134  2.35006993  0.00000000  2.17742689
3    0.83784295  2.37731664  2.17742689  0.00000000

--------------------------------------------------------------------------------
n=4
(result of R-step: (0,3:4)0.41646320)
V=[0, 1, 2, 3]
total successes of this branch: 0
Matrix on 4 elements:

0    0.00000000  1.88528410  1.83881194  0.21765964
1    1.88528410  0.00000000  2.40376142  1.63429421
2    1.83881194  2.40376142  0.00000000  1.48809594
3    0.21765964  1.63429421  1.48809594  0.00000000
reason of abort: no pseudometric

--------------------------------------------------------------------------------
n=4
(result of R-step: (1,4:3)0.23942101)
V=[0, 1, 2, 4]
total successes of this branch: 0
Matrix on 4 elements:

0    0.00000000  0.91159554  2.20607188  0.49121112
1    0.91159554  0.00000000  1.06281292  0.39481255
2    2.20607188  1.06281292  0.00000000  1.63109503
4    0.49121112  0.39481255  1.63109503  0.00000000
reason of abort: no pseudometric

--------------------------------------------------------------------------------
n=4
(result of R-step: (2,3:1)0.25049725)
V=[0, 2, 3, 4]
total successes of this branch: 0
Matrix on 4 elements:

0    0.00000000  2.15238039  0.58491957  0.93063438
2    2.15238039  0.00000000  1.43440445  2.01682680
3    0.58491957  1.43440445  0.00000000  0.52700927
4    0.93063438  2.01682680  0.52700927  0.00000000
reason of abort: no pseudometric

--------------------------------------------------------------------------------
n=4
(result of R-step: (2,4:1)0.68275536)
V=[0, 2, 3, 4]
total successes of this branch: 0
Matrix on 4 elements:

0    0.00000000  1.25712090  1.32794201  0.44137635
2    1.25712090  0.00000000  1.28216740  0.63230928
3    1.32794201  1.28216740  0.00000000  0.78077367
4    0.44137635  0.63230928  0.78077367  0.00000000
reason of abort: no pseudometric

--------------------------------------------------------------------------------
n=4
(result of R-step: (2,4:3)0.18643870)
V=[0, 1, 2, 4]
total successes of this branch: 0
Matrix on 4 elements:

0    0.00000000  2.25254403  1.16790732  0.48537583
1    2.25254403  0.00000000  1.36559686  1.72992575
2    1.16790732  1.36559686  0.00000000  0.58709518
4    0.48537583  1.72992575  0.58709518  0.00000000
reason of abort: no pseudometric
