n=6
V=[0, 1, 2, 3, 4, 5]
total successes of this branch: 3
Matrix on 6 elements:

0    0.00000000  1.44109553  1.57705373  1.34297137  1.73762871  1.28423129
1    1.44109553  0.00000000  0.83673420  1.41481333  0.77859790  1.54142700
2    1.57705373  0.83673420  0.00000000  1.57218453  1.27039091  1.69436235
3    1.34297137  1.41481333  1.57218453  0.00000000  1.57593038  0.57013020
4    1.73762871  0.77859790  1.27039091  1.57593038  0.00000000  1.73059640
5    1.28423129  1.54142700  1.69436235  0.57013020  1.73059640  0.00000000

--------------------------------------------------------------------------------
n=5
(result of R-step: (0,3:5)0.20715670)
V=[0, 1, 2, 3, 4]
total successes of this branch: 3
Matrix on 5 elements:

0    0.00000000  1.20384446  1.33980266  0.99803473  1.50037764
1    1.20384446  0.00000000  0.83673420  1.30712777  0.77859790
2    1.33980266  0.83673420  0.00000000  1.46449897  1.27039091
3    0.99803473  1.30712777  1.46449897  0.00000000  1.46824482
4    1.50037764  0.77859790  1.27039091  1.46824482  0.00000000

--------------------------------------------------------------------------------
n=4
(result of R-step: (0,1:2)0.32440649)
V=[0, 1, 3, 4]
total successes of this branch: 1
Matrix on 4 elements:

0    0.00000000  0.64992349  0.58366237  1.08600527
1    0.64992349  0.00000000  1.16757916  0.63904929
3    0.58366237  1.16757916  0.00000000  1.46824482
4    1.08600527  0.63904929  1.46824482  0.00000000

--------------------------------------------------------------------------------
n=4
(result of R-step: (0,1:3)0.28293995)
V=[0, 1, 2, 4]
total successes of this branch: 0
reason of abort: negative delta/dxy

--------------------------------------------------------------------------------
n=4
(result of R-step: (0,1:4)0.33557323)
V=[0, 1, 2, 3]
total successes of this branch: 0
Matrix on 4 elements:

0    0.00000000  0.47208818  0.69065858  0.34889066
1    0.47208818  0.00000000  0.75412200  1.22451556
2    0.69065858  0.75412200  0.00000000  1.46449897
3    0.34889066  1.22451556  1.46449897  0.00000000
reason of abort: no pseudometric

--------------------------------------------------------------------------------
n=4
(result of R-step: (0,4:2)0.06910682)
V=[0, 1, 3, 4]
total successes of this branch: 0
reason of abort: negative delta/dxy

--------------------------------------------------------------------------------
n=4
(result of R-step: (0,4:3)0.93982319)
V=[0, 1, 2, 4]
total successes of this branch: 0
reason of abort: negative delta/dxy

--------------------------------------------------------------------------------
n=4
(result of R-step: (1,3:2)0.60262195)
V=[0, 1, 3, 4]
total successes of this branch: 0
Matrix on 4 elements:

0    0.00000000  1.12123226  0.42043286  1.50037764
1    1.12123226  0.00000000  0.64691368  0.69598569
3    0.42043286  0.64691368  0.00000000  0.89064294
4    1.50037764  0.69598569  0.89064294  0.00000000
reason of abort: no pseudometric

--------------------------------------------------------------------------------
n=4
(result of R-step: (1,3:4)0.83549936)
V=[0, 1, 2, 3]
total successes of this branch: 1
Matrix on 4 elements:

0    0.00000000  1.06429586  1.33980266  0.85897328
1    1.06429586  0.00000000  0.69718560  1.02851771
2    1.33980266  0.69718560  0.00000000  1.32543751
3    0.85897328  1.02851771  1.32543751  0.00000000

--------------------------------------------------------------------------------
n=4
(result of R-step: (2,3:0)0.49686759)
V=[1, 2, 3, 4]
total successes of this branch: 1
Matrix on 4 elements:

1    0.00000000  0.36122950  1.16806631  0.77859790
2    0.36122950  0.00000000  0.84993281  0.79488621
3    1.16806631  0.84993281  0.00000000  1.32918336
4    0.77859790  0.79488621  1.32918336  0.00000000

--------------------------------------------------------------------------------
n=4
(result of R-step: (2,4:1)0.86346285)
V=[0, 2, 3, 4]
total successes of this branch: 0
reason of abort: negative delta/dxy

--------------------------------------------------------------------------------
n=4
(result of R-step: (3,4:2)0.21216128)
V=[0, 1, 3, 4]
total successes of this branch: 0
reason of abort: negative delta/dxy
