n=6
V=[0, 1, 2, 3, 4, 5]
total successes of this branch: 3
Matrix on 6 elements:

0    0.00000000  1.46155424  0.89027975  1.02393591  0.94028428  0.94522555
1    1.46155424  0.00000000  1.11441326  1.23199376  1.40036448  1.19210517
2    0.89027975  1.11441326  0.00000000  0.81087955  0.83697288  0.76023931
3    1.02393591  1.23199376  0.81087955  0.00000000  0.97045393  0.12542649
4    0.94028428  1.40036448  0.83697288  0.97045393  0.00000000  0.91196836
5    0.94522555  1.19210517  0.76023931  0.12542649  0.91196836  0.00000000

--------------------------------------------------------------------------------
n=5
(result of R-step: (0,3:5)0.07160114)
V=[0, 1, 2, 3, 4]
total successes of this branch: 3
Matrix on 5 elements:

0    0.00000000  1.10590348  0.53462899  0.60988520  0.58463351
1    1.10590348  0.00000000  1.11441326  1.17359381  1.40036448
2    0.53462899  1.11441326  0.00000000  0.75247960  0.83697288
3    0.60988520  1.17359381  0.75247960  0.00000000  0.91205398
4    0.58463351  1.40036448  0.83697288  0.91205398  0.00000000

--------------------------------------------------------------------------------
n=4
(result of R-step: (0,1:2)0.56454271)
V=[0, 1, 3, 4]
total successes of this branch: 1
Matrix on 4 elements:

0    0.00000000  0.28695124  0.47178061  0.44652892
1    0.28695124  0.00000000  0.49274616  0.71951683
3    0.47178061  0.49274616  0.00000000  0.91205398
4    0.44652892  0.71951683  0.91205398  0.00000000

--------------------------------------------------------------------------------
n=4
(result of R-step: (0,1:3)0.53561605)
V=[0, 1, 2, 4]
total successes of this branch: 1
Matrix on 4 elements:

0    0.00000000  0.28684545  0.39673798  0.44674250
1    0.28684545  0.00000000  0.43324625  0.71919746
2    0.39673798  0.43324625  0.00000000  0.83697288
4    0.44674250  0.71919746  0.83697288  0.00000000

--------------------------------------------------------------------------------
n=4
(result of R-step: (0,1:4)0.98910680)
V=[0, 1, 2, 3]
total successes of this branch: 1
Matrix on 4 elements:

0    0.00000000  0.48508358  0.39482685  0.47008306
1    0.48508358  0.00000000  0.63339551  0.69257606
2    0.39482685  0.63339551  0.00000000  0.75247960
3    0.47008306  0.69257606  0.75247960  0.00000000

--------------------------------------------------------------------------------
n=4
(result of R-step: (0,2:4)0.94251558)
V=[0, 1, 2, 3]
total successes of this branch: 0
Matrix on 4 elements:

0    0.00000000  0.96801247  0.05660313  0.47199419
1    0.96801247  0.00000000  0.77427841  1.17359381
2    0.05660313  0.77427841  0.00000000  0.41234475
3    0.47199419  1.17359381  0.41234475  0.00000000
reason of abort: no pseudometric

--------------------------------------------------------------------------------
n=4
(result of R-step: (0,3:2)0.06121949)
V=[0, 1, 3, 4]
total successes of this branch: 0
Matrix on 4 elements:

0    0.00000000  0.96610134  0.05988104  0.44483137
1    0.96610134  0.00000000  0.76339180  1.40036448
3    0.05988104  0.76339180  0.00000000  0.50185196
4    0.44483137  1.40036448  0.50185196  0.00000000
reason of abort: no pseudometric

--------------------------------------------------------------------------------
n=4
(result of R-step: (0,3:4)0.94750348)
V=[0, 1, 2, 3]
total successes of this branch: 0
Matrix on 4 elements:

0    0.00000000  0.96779889  0.39652440  0.05958058
1    0.96779889  0.00000000  1.11441326  0.76139379
2    0.39652440  1.11441326  0.00000000  0.34027957
3    0.05958058  0.76139379  0.34027957  0.00000000
reason of abort: no pseudometric

--------------------------------------------------------------------------------
n=4
(result of R-step: (1,2:3)0.02221462)
V=[0, 1, 2, 4]
total successes of this branch: 0
Matrix on 4 elements:

0    0.00000000  0.62488572  0.19449414  0.58463351
1    0.62488572  0.00000000  0.29326066  0.91934672
2    0.19449414  0.29326066  0.00000000  0.49683803
4    0.58463351  0.91934672  0.49683803  0.00000000
reason of abort: no pseudometric

--------------------------------------------------------------------------------
n=4
(result of R-step: (1,4:2)0.42186040)
V=[0, 1, 3, 4]
total successes of this branch: 0
Matrix on 4 elements:

0    0.00000000  0.42473646  0.60988520  0.13826879
1    0.42473646  0.00000000  0.49242679  0.27283274
3    0.60988520  0.49242679  0.00000000  0.46568926
4    0.13826879  0.27283274  0.46568926  0.00000000
reason of abort: no pseudometric

--------------------------------------------------------------------------------
n=4
(result of R-step: (1,4:3)0.45008883)
V=[0, 1, 2, 4]
total successes of this branch: 0
Matrix on 4 elements:

0    0.00000000  0.42505583  0.53462899  0.13807806
1    0.42505583  0.00000000  0.43356562  0.27296137
2    0.53462899  0.43356562  0.00000000  0.39041743
4    0.13807806  0.27296137  0.39041743  0.00000000
reason of abort: no pseudometric

--------------------------------------------------------------------------------
n=4
(result of R-step: (3,4:2)0.93621335)
V=[0, 1, 3, 4]
total successes of this branch: 0
Matrix on 4 elements:

0    0.00000000  1.10590348  0.19974994  0.13985970
1    1.10590348  0.00000000  0.76345855  0.95559067
3    0.19974994  0.76345855  0.00000000  0.05714490
4    0.13985970  0.95559067  0.05714490  0.00000000
reason of abort: no pseudometric
