n=6
V=[0, 1, 2, 3, 4, 5]
total successes of this branch: 2
Matrix on 6 elements:

0    0.00000000  1.67168462  1.35880247  0.40949113  1.29981855  0.54442301
1    1.67168462  0.00000000  1.70111055  1.58985016  1.79858823  1.65254882
2    1.35880247  1.70111055  0.00000000  1.14159269  1.81263574  0.99330675
3    0.40949113  1.58985016  1.14159269  0.00000000  1.03655596  0.65274282
4    1.29981855  1.79858823  1.81263574  1.03655596  0.00000000  1.46118683
5    0.54442301  1.65254882  0.99330675  0.65274282  1.46118683  0.00000000

--------------------------------------------------------------------------------
n=5
(result of R-step: (0,2:5)0.62658802)
V=[0, 1, 2, 3, 4]
total successes of this branch: 2
Matrix on 5 elements:

0    0.00000000  1.61809782  1.07487866  0.35590433  1.24623175
1    1.61809782  0.00000000  1.47077354  1.58985016  1.79858823
2    1.07487866  1.47077354  0.00000000  0.91125568  1.58229873
3    0.35590433  1.58985016  0.91125568  0.00000000  1.03655596
4    1.24623175  1.79858823  1.58229873  1.03655596  0.00000000

--------------------------------------------------------------------------------
n=4
(result of R-step: (0,1:2)0.67827495)
V=[0, 1, 3, 4]
total successes of this branch: 0
Matrix on 4 elements:

0    0.00000000  0.99224986  0.06403450  0.95436192
1    0.99224986  0.00000000  1.25587203  1.46461010
3    0.06403450  1.25587203  0.00000000  1.03655596
4    0.95436192  1.46461010  1.03655596  0.00000000
reason of abort: no pseudometric

--------------------------------------------------------------------------------
n=4
(result of R-step: (0,1:4)0.79329233)
V=[0, 1, 2, 3]
total successes of this branch: 0
Matrix on 4 elements:

0    0.00000000  1.09547607  0.76845129  0.04947696
1    1.09547607  0.00000000  1.25457916  1.37365577
2    0.76845129  1.25457916  0.00000000  0.91125568
3    0.04947696  1.37365577  0.91125568  0.00000000
reason of abort: no pseudometric

--------------------------------------------------------------------------------
n=4
(result of R-step: (0,2:4)0.28820469)
V=[0, 1, 2, 3]
total successes of this branch: 0
Matrix on 4 elements:

0    0.00000000  1.27843815  0.04179034  0.01624466
1    1.27843815  0.00000000  0.77734489  1.58985016
2    0.04179034  0.77734489  0.00000000  0.21782703
3    0.01624466  1.58985016  0.21782703  0.00000000
reason of abort: no pseudometric

--------------------------------------------------------------------------------
n=4
(result of R-step: (1,3:0)0.22740511)
V=[1, 2, 3, 4]
total successes of this branch: 0
reason of abort: negative delta/dxy

--------------------------------------------------------------------------------
n=4
(result of R-step: (1,3:2)0.34635144)
V=[0, 1, 3, 4]
total successes of this branch: 1
Matrix on 4 elements:

0    0.00000000  1.40190344  0.29562959  1.24623175
1    1.40190344  0.00000000  1.31338104  1.58239385
3    0.29562959  1.31338104  0.00000000  0.97628122
4    1.24623175  1.58239385  0.97628122  0.00000000

--------------------------------------------------------------------------------
n=4
(result of R-step: (1,3:4)0.31207055)
V=[0, 1, 2, 3]
total successes of this branch: 1
Matrix on 4 elements:

0    0.00000000  1.28411969  1.07487866  0.32394136
1    1.28411969  0.00000000  1.13679541  1.22390905
2    1.07487866  1.13679541  0.00000000  0.87929271
3    0.32394136  1.22390905  0.87929271  0.00000000

--------------------------------------------------------------------------------
n=4
(result of R-step: (1,4:2)0.25383501)
V=[0, 1, 3, 4]
total successes of this branch: 0
Matrix on 4 elements:

0    0.00000000  0.84106614  0.35590433  0.31379737
1    0.84106614  0.00000000  0.81281847  0.08912216
3    0.35590433  0.81281847  0.00000000  0.10412157
4    0.31379737  0.08912216  0.10412157  0.00000000
reason of abort: no pseudometric

--------------------------------------------------------------------------------
n=4
(result of R-step: (2,3:0)0.27289837)
V=[1, 2, 3, 4]
total successes of this branch: 0
Matrix on 4 elements:

1    0.00000000  0.82665153  1.55788718  1.79858823
2    0.82665153  0.00000000  0.23517070  0.93817673
3    1.55788718  0.23517070  0.00000000  1.00459299
4    1.79858823  0.93817673  1.00459299  0.00000000
reason of abort: no pseudometric

--------------------------------------------------------------------------------
n=4
(result of R-step: (2,3:4)0.81330300)
V=[0, 1, 2, 3]
total successes of this branch: 0
reason of abort: negative delta/dxy

--------------------------------------------------------------------------------
n=4
(result of R-step: (3,4:0)0.70717314)
V=[1, 2, 3, 4]
total successes of this branch: 0
Matrix on 4 elements:

1    0.00000000  1.47077354  1.52957542  0.86615384
2    1.47077354  0.00000000  0.85098094  0.64986434
3    1.52957542  0.85098094  0.00000000  0.04384683
4    0.86615384  0.64986434  0.04384683  0.00000000
reason of abort: no pseudometric
