n=6
V=[0, 1, 2, 3, 4, 5]
total successes of this branch: 5
Matrix on 6 elements:

0    0.00000000  1.03455407  1.13712263  1.01185566  1.03167441  1.03277755
1    1.03455407  0.00000000  0.63288934  0.84821274  0.84061145  0.82560059
2    1.13712263  0.63288934  0.00000000  0.97469339  0.97423105  0.86410402
3    1.01185566  0.84821274  0.97469339  0.00000000  0.40203472  0.34620600
4    1.03167441  0.84061145  0.97423105  0.40203472  0.00000000  0.48008282
5    1.03277755  0.82560059  0.86410402  0.34620600  0.48008282  0.00000000

--------------------------------------------------------------------------------
n=5
(result of R-step: (1,4:0)0.56751513)
V=[1, 2, 3, 4, 5]
total successes of this branch: 0
Matrix on 5 elements:

1    0.00000000  0.35589745  0.57122085  0.33470228  0.54860870
2    0.35589745  0.00000000  0.97469339  0.74531376  0.86410402
3    0.57122085  0.97469339  0.00000000  0.17311743  0.34620600
4    0.33470228  0.74531376  0.17311743  0.00000000  0.25116553
5    0.54860870  0.86410402  0.34620600  0.25116553  0.00000000
reason of abort: no pseudometric

--------------------------------------------------------------------------------
n=5
(result of R-step: (2,3:5)0.12781934)
V=[0, 1, 2, 3, 4]
total successes of this branch: 5
Matrix on 5 elements:

0    0.00000000  1.03455407  1.10158435  0.88762051  1.03167441
1    1.03455407  0.00000000  0.59735106  0.72397759  0.84061145
2    1.10158435  0.59735106  0.00000000  0.81491996  0.93869277
3    0.88762051  0.72397759  0.81491996  0.00000000  0.27779957
4    1.03167441  0.84061145  0.93869277  0.27779957  0.00000000

--------------------------------------------------------------------------------
n=4
(result of R-step: (0,1:2)0.26035523)
V=[0, 1, 3, 4]
total successes of this branch: 1
Matrix on 4 elements:

0    0.00000000  0.29232578  0.33444407  0.47849796
1    0.29232578  0.00000000  0.53492574  0.65155960
3    0.33444407  0.53492574  0.00000000  0.27779957
4    0.47849796  0.65155960  0.27779957  0.00000000

--------------------------------------------------------------------------------
n=4
(result of R-step: (0,4:3)0.22991015)
V=[0, 1, 2, 4]
total successes of this branch: 1
Matrix on 4 elements:

0    0.00000000  0.48137763  0.54840790  0.34745456
1    0.48137763  0.00000000  0.59735106  0.70956805
2    0.54840790  0.59735106  0.00000000  0.80764936
4    0.34745456  0.70956805  0.80764936  0.00000000

--------------------------------------------------------------------------------
n=4
(result of R-step: (1,3:0)0.59869549)
V=[1, 2, 3, 4]
total successes of this branch: 0
Matrix on 4 elements:

1    0.00000000  0.32417655  0.40438385  0.56743694
2    0.32417655  0.00000000  0.76850073  0.93869277
3    0.40438385  0.76850073  0.00000000  0.23138034
4    0.56743694  0.93869277  0.23138034  0.00000000
reason of abort: no pseudometric

--------------------------------------------------------------------------------
n=4
(result of R-step: (1,3:4)0.05564046)
V=[0, 1, 2, 3]
total successes of this branch: 1
Matrix on 4 elements:

0    0.00000000  0.84550222  1.10158435  0.83380696
1    0.84550222  0.00000000  0.40829921  0.48111219
2    1.10158435  0.40829921  0.00000000  0.76110641
3    0.83380696  0.48111219  0.76110641  0.00000000

--------------------------------------------------------------------------------
n=4
(result of R-step: (1,4:0)0.56751513)
V=[1, 2, 3, 4]
total successes of this branch: 0
Matrix on 4 elements:

1    0.00000000  0.32035917  0.44698570  0.33470228
2    0.32035917  0.00000000  0.81491996  0.70977548
3    0.44698570  0.81491996  0.00000000  0.04888228
4    0.33470228  0.70977548  0.04888228  0.00000000
reason of abort: no pseudometric

--------------------------------------------------------------------------------
n=4
(result of R-step: (2,3:0)0.56290445)
V=[1, 2, 3, 4]
total successes of this branch: 1
Matrix on 4 elements:

1    0.00000000  0.27444427  0.67016404  0.84061145
2    0.27444427  0.00000000  0.43819962  0.61578598
3    0.67016404  0.43819962  0.00000000  0.22398602
4    0.84061145  0.61578598  0.22398602  0.00000000

--------------------------------------------------------------------------------
n=4
(result of R-step: (2,3:1)0.93052360)
V=[0, 2, 3, 4]
total successes of this branch: 0
Matrix on 4 elements:

0    0.00000000  0.78300124  0.75923034  1.03167441
2    0.78300124  0.00000000  0.36794668  0.62010966
3    0.75923034  0.36794668  0.00000000  0.14940939
4    1.03167441  0.62010966  0.14940939  0.00000000
reason of abort: no pseudometric

--------------------------------------------------------------------------------
n=4
(result of R-step: (2,3:4)0.08050737)
V=[0, 1, 2, 3]
total successes of this branch: 0
Matrix on 4 elements:

0    0.00000000  1.03455407  0.71310039  0.84120129
1    1.03455407  0.00000000  0.20886711  0.67755836
2    0.71310039  0.20886711  0.00000000  0.38001678
3    0.84120129  0.67755836  0.38001678  0.00000000
reason of abort: no pseudometric

--------------------------------------------------------------------------------
n=4
(result of R-step: (2,4:0)0.53291718)
V=[1, 2, 3, 4]
total successes of this branch: 0
Matrix on 4 elements:

1    0.00000000  0.27876796  0.72397759  0.61811489
2    0.27876796  0.00000000  0.49633685  0.39761310
3    0.72397759  0.49633685  0.00000000  0.05530301
4    0.61811489  0.39761310  0.05530301  0.00000000
reason of abort: no pseudometric

--------------------------------------------------------------------------------
n=4
(result of R-step: (2,4:1)0.94881944)
V=[0, 2, 3, 4]
total successes of this branch: 1
Matrix on 4 elements:

0    0.00000000  0.77867756  0.88762051  0.90063100
2    0.77867756  0.00000000  0.49201317  0.48474257
3    0.88762051  0.49201317  0.00000000  0.14675617
4    0.90063100  0.48474257  0.14675617  0.00000000
