n=6
V=[0, 1, 2, 3, 4, 5]
total successes of this branch: 3
Matrix on 6 elements:

0    0.00000000  1.35562545  1.26468918  1.03426438  1.66907416  1.04837181
1    1.35562545  0.00000000  1.28810310  1.09301638  1.72545422  0.42341132
2    1.26468918  1.28810310  0.00000000  0.78395116  1.41560581  0.87890152
3    1.03426438  1.09301638  0.78395116  0.00000000  0.99777714  0.76264405
4    1.66907416  1.72545422  1.41560581  0.99777714  0.00000000  1.39499888
5    1.04837181  0.42341132  0.87890152  0.76264405  1.39499888  0.00000000

--------------------------------------------------------------------------------
n=5
(result of R-step: (0,4:3)0.00357761)
V=[0, 1, 2, 4, 5]
total successes of this branch: 3
Matrix on 5 elements:

0    0.00000000  1.03750169  0.94656542  0.53657660  0.73024805
1    1.03750169  0.00000000  1.28810310  0.91108042  0.42341132
2    0.94656542  1.28810310  0.00000000  0.60123201  0.87890152
4    0.53657660  0.91108042  0.60123201  0.00000000  0.58062508
5    0.73024805  0.42341132  0.87890152  0.58062508  0.00000000

--------------------------------------------------------------------------------
n=4
(result of R-step: (0,2:4)0.77241621)
V=[0, 1, 2, 5]
total successes of this branch: 1
Matrix on 4 elements:

0    0.00000000  0.71085930  0.50228804  0.40360566
1    0.71085930  0.00000000  1.17046811  0.42341132
2    0.50228804  1.17046811  0.00000000  0.76126653
5    0.40360566  0.42341132  0.76126653  0.00000000

--------------------------------------------------------------------------------
n=4
(result of R-step: (0,5:1)0.70490169)
V=[0, 2, 4, 5]
total successes of this branch: 0
reason of abort: negative delta/dxy

--------------------------------------------------------------------------------
n=4
(result of R-step: (1,2:0)0.10975281)
V=[1, 2, 4, 5]
total successes of this branch: 0
reason of abort: negative delta/dxy

--------------------------------------------------------------------------------
n=4
(result of R-step: (1,2:5)0.89401365)
V=[0, 1, 2, 4]
total successes of this branch: 1
Matrix on 4 elements:

0    0.00000000  0.71060198  0.82893042  0.53657660
1    0.71060198  0.00000000  0.84356840  0.58418070
2    0.82893042  0.84356840  0.00000000  0.48359702
4    0.53657660  0.58418070  0.48359702  0.00000000

--------------------------------------------------------------------------------
n=4
(result of R-step: (1,4:0)0.23186109)
V=[1, 2, 4, 5]
total successes of this branch: 1
Matrix on 4 elements:

1    0.00000000  0.96120339  0.49353449  0.09651161
2    0.96120339  0.00000000  0.51058579  0.87890152
4    0.49353449  0.51058579  0.00000000  0.48997886
5    0.09651161  0.87890152  0.48997886  0.00000000

--------------------------------------------------------------------------------
n=4
(result of R-step: (1,4:2)0.16973982)
V=[0, 1, 4, 5]
total successes of this branch: 0
Matrix on 4 elements:

0    0.00000000  0.42860677  0.46333239  0.73024805
1    0.42860677  0.00000000  0.22894128 -0.18548360
4    0.46333239  0.22894128  0.00000000  0.50738087
5    0.73024805 -0.18548360  0.50738087  0.00000000
reason of abort: no pseudometric

--------------------------------------------------------------------------------
n=4
(result of R-step: (1,4:5)0.45173363)
V=[0, 1, 2, 4]
total successes of this branch: 0
reason of abort: negative delta/dxy

--------------------------------------------------------------------------------
n=4
(result of R-step: (2,5:0)0.77970698)
V=[1, 2, 4, 5]
total successes of this branch: 0
Matrix on 4 elements:

1    0.00000000  0.76671147  0.91108042  0.18491478
2    0.76671147  0.00000000  0.07984038  0.11901335
4    0.91108042  0.07984038  0.00000000  0.34212854
5    0.18491478  0.11901335  0.34212854  0.00000000
reason of abort: no pseudometric

--------------------------------------------------------------------------------
n=4
(result of R-step: (4,5:0)0.71396695)
V=[1, 2, 4, 5]
total successes of this branch: 0
Matrix on 4 elements:

1    0.00000000  1.28810310  0.83783621  0.33637561
2    1.28810310  0.00000000  0.52798780  0.79186581
4    0.83783621  0.52798780  0.00000000  0.42034515
5    0.33637561  0.79186581  0.42034515  0.00000000
reason of abort: no pseudometric

--------------------------------------------------------------------------------
n=4
(result of R-step: (4,5:2)0.95161578)
V=[0, 1, 4, 5]
total successes of this branch: 0
reason of abort: negative delta/dxy
