n=6
V=[0, 1, 2, 3, 4, 5]
total successes of this branch: 1
Matrix on 6 elements:

0    0.00000000  2.28536325  2.09320432  2.04772374  2.11163415  2.08910543
1    2.28536325  0.00000000  1.20319685  0.91941484  0.60170614  0.66914417
2    2.09320432  1.20319685  0.00000000  0.90758285  0.81069859  0.96644773
3    2.04772374  0.91941484  0.90758285  0.00000000  0.79788154  0.30478240
4    2.11163415  0.60170614  0.81069859  0.79788154  0.00000000  0.70843897
5    2.08910543  0.66914417  0.96644773  0.30478240  0.70843897  0.00000000

--------------------------------------------------------------------------------
n=5
(result of R-step: (1,3:5)0.30156700)
V=[0, 1, 2, 3, 4]
total successes of this branch: 1
Matrix on 5 elements:

0    0.00000000  2.19039754  2.09320432  2.00634557  2.11163415
1    2.19039754  0.00000000  1.10823113  0.78307095  0.50674042
2    2.09320432  1.10823113  0.00000000  0.86620467  0.81069859
3    2.00634557  0.78307095  0.86620467  0.00000000  0.75650336
4    2.11163415  0.50674042  0.81069859  0.75650336  0.00000000

--------------------------------------------------------------------------------
n=4
(result of R-step: (0,1:2)0.57865143)
V=[0, 1, 3, 4]
total successes of this branch: 0
Matrix on 4 elements:

0    0.00000000  0.08702019  0.45532604  0.56061462
1    0.08702019  0.00000000  0.23071314 -0.04561739
3    0.45532604  0.23071314  0.00000000  0.75650336
4    0.56061462 -0.04561739  0.75650336  0.00000000
reason of abort: no pseudometric

--------------------------------------------------------------------------------
n=4
(result of R-step: (0,1:3)0.79331038)
V=[0, 1, 2, 4]
total successes of this branch: 0
Matrix on 4 elements:

0    0.00000000  0.39968679  0.46897936  0.48740919
1    0.39968679  0.00000000  0.94174535  0.34025465
2    0.46897936  0.94174535  0.00000000  0.81069859
4    0.48740919  0.34025465  0.81069859  0.00000000
reason of abort: no pseudometric

--------------------------------------------------------------------------------
n=4
(result of R-step: (0,4:3)0.55047659)
V=[0, 1, 2, 4]
total successes of this branch: 0
Matrix on 4 elements:

0    0.00000000  0.63937801  0.54218479  0.28856929
1    0.63937801  0.00000000  1.10823113  0.23469509
2    0.54218479  1.10823113  0.00000000  0.53865326
4    0.28856929  0.23469509  0.53865326  0.00000000
reason of abort: no pseudometric

--------------------------------------------------------------------------------
n=4
(result of R-step: (1,2:4)0.71054909)
V=[0, 1, 2, 3]
total successes of this branch: 1
Matrix on 4 elements:

0    0.00000000  2.02391176  1.96558909  2.00634557
1    2.02391176  0.00000000  0.81413012  0.61658517
2    1.96558909  0.81413012  0.00000000  0.73858944
3    2.00634557  0.61658517  0.73858944  0.00000000

--------------------------------------------------------------------------------
n=4
(result of R-step: (1,3:2)0.07529369)
V=[0, 1, 3, 4]
total successes of this branch: 0
reason of abort: negative delta/dxy

--------------------------------------------------------------------------------
n=4
(result of R-step: (1,4:0)0.12054520)
V=[1, 2, 3, 4]
total successes of this branch: 0
reason of abort: negative delta/dxy

--------------------------------------------------------------------------------
n=4
(result of R-step: (1,4:3)0.73499696)
V=[0, 1, 2, 4]
total successes of this branch: 0
reason of abort: negative delta/dxy

--------------------------------------------------------------------------------
n=4
(result of R-step: (2,3:0)0.19262933)
V=[1, 2, 3, 4]
total successes of this branch: 0
Matrix on 4 elements:

1    0.00000000  0.98061590  0.47664544  0.50674042
2    0.98061590  0.00000000  0.43216393  0.68308336
3    0.47664544  0.43216393  0.00000000  0.45007785
4    0.50674042  0.68308336  0.45007785  0.00000000
reason of abort: no pseudometric

--------------------------------------------------------------------------------
n=4
(result of R-step: (2,4:0)0.88211521)
V=[1, 2, 3, 4]
total successes of this branch: 0
reason of abort: negative delta/dxy

--------------------------------------------------------------------------------
n=4
(result of R-step: (2,4:3)0.61559359)
V=[0, 1, 2, 4]
total successes of this branch: 0
reason of abort: negative delta/dxy
