n=6
V=[0, 1, 2, 3, 4, 5]
total successes of this branch: 3
Matrix on 6 elements:

0    0.00000000  1.36705967  2.14732451  1.86906255  1.62937762  1.77093595
1    1.36705967  0.00000000  2.09155614  1.29929279  0.84829874  1.26360712
2    2.14732451  2.09155614  0.00000000  2.09607171  2.15717903  1.71361212
3    1.86906255  1.29929279  2.09607171  0.00000000  1.08115026  0.49659536
4    1.62937762  0.84829874  2.15717903  1.08115026  0.00000000  1.07993645
5    1.77093595  1.26360712  1.71361212  0.49659536  1.07993645  0.00000000

--------------------------------------------------------------------------------
n=5
(result of R-step: (0,4:1)0.35569970)
V=[0, 2, 3, 4, 5]
total successes of this branch: 3
Matrix on 5 elements:

0    0.00000000  1.61405330  1.33579134  0.83935714  1.23766473
2    1.61405330  0.00000000  2.09607171  1.90042977  1.71361212
3    1.33579134  2.09607171  0.00000000  0.82440100  0.49659536
4    0.83935714  1.90042977  0.82440100  0.00000000  0.82318719
5    1.23766473  1.71361212  0.49659536  0.82318719  0.00000000

--------------------------------------------------------------------------------
n=4
(result of R-step: (0,3:2)0.19416805)
V=[0, 3, 4, 5]
total successes of this branch: 0
reason of abort: negative delta/dxy

--------------------------------------------------------------------------------
n=4
(result of R-step: (0,3:4)0.42697979)
V=[0, 2, 3, 5]
total successes of this branch: 1
Matrix on 4 elements:

0    0.00000000  1.53939927  1.04833948  1.16301070
2    1.53939927  0.00000000  1.88327388  1.71361212
3    1.04833948  1.88327388  0.00000000  0.28379753
5    1.16301070  1.71361212  0.28379753  0.00000000

--------------------------------------------------------------------------------
n=4
(result of R-step: (0,3:5)0.76713340)
V=[0, 2, 3, 4]
total successes of this branch: 0
reason of abort: negative delta/dxy

--------------------------------------------------------------------------------
n=4
(result of R-step: (0,5:2)0.63452886)
V=[0, 3, 4, 5]
total successes of this branch: 0
reason of abort: negative delta/dxy

--------------------------------------------------------------------------------
n=4
(result of R-step: (0,5:4)0.15018617)
V=[0, 2, 3, 5]
total successes of this branch: 0
reason of abort: negative delta/dxy

--------------------------------------------------------------------------------
n=4
(result of R-step: (2,3:4)0.87672098)
V=[0, 2, 3, 5]
total successes of this branch: 0
reason of abort: negative delta/dxy

--------------------------------------------------------------------------------
n=4
(result of R-step: (2,3:5)0.12148010)
V=[0, 2, 3, 4]
total successes of this branch: 1
Matrix on 4 elements:

0    0.00000000  1.59717269  1.12299351  0.83935714
2    1.59717269  0.00000000  1.86639327  1.88354916
3    1.12299351  1.86639327  0.00000000  0.61160317
4    0.83935714  1.88354916  0.61160317  0.00000000

--------------------------------------------------------------------------------
n=4
(result of R-step: (2,4:0)0.25420031)
V=[2, 3, 4, 5]
total successes of this branch: 1
Matrix on 4 elements:

2    0.00000000  2.07919110  1.77082717  1.69673151
3    2.07919110  0.00000000  0.71167901  0.49659536
4    1.77082717  0.71167901  0.00000000  0.71046520
5    1.69673151  0.49659536  0.71046520  0.00000000

--------------------------------------------------------------------------------
n=4
(result of R-step: (2,5:4)0.59367221)
V=[0, 2, 3, 5]
total successes of this branch: 0
reason of abort: negative delta/dxy

--------------------------------------------------------------------------------
n=4
(result of R-step: (4,5:3)0.48593525)
V=[0, 2, 4, 5]
total successes of this branch: 0
reason of abort: negative delta/dxy
