n=6
V=[0, 1, 2, 3, 4, 5]
total successes of this branch: 5
Matrix on 6 elements:

0    0.00000000  1.56464344  1.10386642  0.96266897  0.82460398  0.26008455
1    1.56464344  0.00000000  1.43255757  1.47107810  1.18666066  1.52076172
2    1.10386642  1.43255757  0.00000000  1.12581398  0.52662409  0.95346153
3    0.96266897  1.47107810  1.12581398  0.00000000  0.86283201  0.97536013
4    0.82460398  1.18666066  0.52662409  0.86283201  0.00000000  0.74893323
5    0.26008455  1.52076172  0.95346153  0.97536013  0.74893323  0.00000000

--------------------------------------------------------------------------------
n=5
(result of R-step: (0,2:5)0.80837749)
V=[0, 1, 2, 3, 4]
total successes of this branch: 5
Matrix on 5 elements:

0    0.00000000  1.52312200  0.85440528  0.92114753  0.78308255
1    1.52312200  0.00000000  1.22461786  1.47107810  1.18666066
2    0.85440528  1.22461786  0.00000000  0.91787427  0.31868438
3    0.92114753  1.47107810  0.91787427  0.00000000  0.86283201
4    0.78308255  1.18666066  0.31868438  0.86283201  0.00000000

--------------------------------------------------------------------------------
n=4
(result of R-step: (0,1:3)0.51205720)
V=[0, 1, 2, 4]
total successes of this branch: 1
Matrix on 4 elements:

0    0.00000000  0.40664646  0.56622977  0.49490704
1    0.40664646  0.00000000  0.39631783  0.35836063
2    0.56622977  0.39631783  0.00000000  0.31868438
4    0.49490704  0.35836063  0.31868438  0.00000000

--------------------------------------------------------------------------------
n=4
(result of R-step: (0,2:1)0.68261865)
V=[0, 2, 3, 4]
total successes of this branch: 0
Matrix on 4 elements:

0    0.00000000  0.19851611  0.40769814  0.26963315
2    0.19851611  0.00000000  0.77543450  0.17624461
3    0.40769814  0.77543450  0.00000000  0.86283201
4    0.26963315  0.17624461  0.86283201  0.00000000
reason of abort: no pseudometric

--------------------------------------------------------------------------------
n=4
(result of R-step: (0,2:4)0.05787017)
V=[0, 1, 2, 3]
total successes of this branch: 1
Matrix on 4 elements:

0    0.00000000  1.23494649  0.39402872  0.63297202
1    1.23494649  0.00000000  1.05241682  1.47107810
2    0.39402872  1.05241682  0.00000000  0.74567323
3    0.63297202  1.47107810  0.74567323  0.00000000

--------------------------------------------------------------------------------
n=4
(result of R-step: (0,4:1)0.62355268)
V=[0, 2, 3, 4]
total successes of this branch: 0
Matrix on 4 elements:

0    0.00000000  0.32802682  0.39476908  0.08870693
2    0.32802682  0.00000000  0.91787427  0.15068722
3    0.39476908  0.91787427  0.00000000  0.69483485
4    0.08870693  0.15068722  0.69483485  0.00000000
reason of abort: no pseudometric

--------------------------------------------------------------------------------
n=4
(result of R-step: (1,4:2)0.12353027)
V=[0, 1, 3, 4]
total successes of this branch: 1
Matrix on 4 elements:

0    0.00000000  0.69482197  0.92114753  0.67344361
1    0.69482197  0.00000000  0.64277806  0.24872169
3    0.92114753  0.64277806  0.00000000  0.75319308
4    0.67344361  0.24872169  0.75319308  0.00000000

--------------------------------------------------------------------------------
n=4
(result of R-step: (2,3:0)0.44272405)
V=[1, 2, 3, 4]
total successes of this branch: 0
Matrix on 4 elements:

1    0.00000000  1.01936784  1.15379835  1.18666066
2    1.01936784  0.00000000  0.39534451  0.11343436
3    1.15379835  0.39534451  0.00000000  0.54555227
4    1.18666066  0.11343436  0.54555227  0.00000000
reason of abort: no pseudometric

--------------------------------------------------------------------------------
n=4
(result of R-step: (2,3:1)0.58261979)
V=[0, 2, 3, 4]
total successes of this branch: 1
Matrix on 4 elements:

0    0.00000000  0.68220423  0.56721778  0.78308255
2    0.68220423  0.00000000  0.39174347  0.14648333
3    0.56721778  0.39174347  0.00000000  0.50890226
4    0.78308255  0.14648333  0.50890226  0.00000000

--------------------------------------------------------------------------------
n=4
(result of R-step: (2,3:4)0.81434506)
V=[0, 1, 2, 3]
total successes of this branch: 0
Matrix on 4 elements:

0    0.00000000  1.52312200  0.71196551  0.38499322
1    1.52312200  0.00000000  1.08217809  0.93492378
2    0.71196551  1.08217809  0.00000000  0.23928019
3    0.38499322  0.93492378  0.23928019  0.00000000
reason of abort: no pseudometric

--------------------------------------------------------------------------------
n=4
(result of R-step: (3,4:0)0.63302729)
V=[1, 2, 3, 4]
total successes of this branch: 1
Matrix on 4 elements:

1    0.00000000  1.22461786  1.11714834  1.07702173
2    1.22461786  0.00000000  0.56394451  0.20904545
3    1.11714834  0.56394451  0.00000000  0.39926332
4    1.07702173  0.20904545  0.39926332  0.00000000

--------------------------------------------------------------------------------
n=4
(result of R-step: (3,4:1)0.35975942)
V=[0, 2, 3, 4]
total successes of this branch: 0
Matrix on 4 elements:

0    0.00000000  0.85440528  0.60386779  0.63791880
2    0.85440528  0.00000000  0.60059453  0.17352063
3    0.60386779  0.60059453  0.00000000  0.40038852
4    0.63791880  0.17352063  0.40038852  0.00000000
reason of abort: no pseudometric
