n=6
V=[0, 1, 2, 3, 4, 5]
total successes of this branch: 1
Matrix on 6 elements:

0    0.00000000  1.62973463  2.03631863  1.36375572  1.06552522  1.04634181
1    1.62973463  0.00000000  1.67867926  0.80496299  1.27202947  0.60335333
2    2.03631863  1.67867926  0.00000000  1.48267833  1.82223811  1.61415967
3    1.36375572  0.80496299  1.48267833  0.00000000  1.10059928  0.83233165
4    1.06552522  1.27202947  1.82223811  1.10059928  0.00000000  0.94980513
5    1.04634181  0.60335333  1.61415967  0.83233165  0.94980513  0.00000000

--------------------------------------------------------------------------------
n=5
(result of R-step: (0,1:5)0.45680698)
V=[0, 1, 2, 3, 4]
total successes of this branch: 1
Matrix on 5 elements:

0    0.00000000  1.12411133  1.61056650  0.93800359  0.63977309
1    1.12411133  0.00000000  1.59880809  0.72509182  1.19215831
2    1.61056650  1.59880809  0.00000000  1.48267833  1.82223811
3    0.93800359  0.72509182  1.48267833  0.00000000  1.10059928
4    0.63977309  1.19215831  1.82223811  1.10059928  0.00000000

--------------------------------------------------------------------------------
n=4
(result of R-step: (0,1:2)0.16661075)
V=[0, 1, 3, 4]
total successes of this branch: 0
reason of abort: negative delta/dxy

--------------------------------------------------------------------------------
n=4
(result of R-step: (0,1:4)0.75602731)
V=[0, 1, 2, 3]
total successes of this branch: 1
Matrix on 4 elements:

0    0.00000000  0.76242954  1.51071543  0.83815251
1    0.76242954  0.00000000  1.33697737  0.46326110
2    1.51071543  1.33697737  0.00000000  1.48267833
3    0.83815251  0.46326110  1.48267833  0.00000000

--------------------------------------------------------------------------------
n=4
(result of R-step: (0,3:1)0.04173625)
V=[0, 2, 3, 4]
total successes of this branch: 0
reason of abort: negative delta/dxy

--------------------------------------------------------------------------------
n=4
(result of R-step: (0,3:2)0.17686596)
V=[0, 1, 3, 4]
total successes of this branch: 0
Matrix on 4 elements:

0    0.00000000  1.02426026  0.52615343  0.53992201
1    1.02426026  0.00000000  0.41309274  1.19215831
3    0.52615343  0.41309274  0.00000000  0.78860020
4    0.53992201  1.19215831  0.78860020  0.00000000
reason of abort: no pseudometric

--------------------------------------------------------------------------------
n=4
(result of R-step: (0,3:4)0.47027652)
V=[0, 1, 2, 3]
total successes of this branch: 0
reason of abort: negative delta/dxy

--------------------------------------------------------------------------------
n=4
(result of R-step: (0,4:2)0.25987374)
V=[0, 1, 3, 4]
total successes of this branch: 0
reason of abort: negative delta/dxy

--------------------------------------------------------------------------------
n=4
(result of R-step: (1,2:3)0.34169572)
V=[0, 1, 2, 4]
total successes of this branch: 0
Matrix on 4 elements:

0    0.00000000  0.86228061  0.51478468  0.63977309
1    0.86228061  0.00000000  0.24119555  0.93032758
2    0.51478468  0.24119555  0.00000000  0.72645630
4    0.63977309  0.93032758  0.72645630  0.00000000
reason of abort: no pseudometric

--------------------------------------------------------------------------------
n=4
(result of R-step: (1,4:2)0.68467442)
V=[0, 1, 3, 4]
total successes of this branch: 0
Matrix on 4 elements:

0    0.00000000  0.69784254  0.93800359  0.05812282
1    0.69784254  0.00000000  0.29882303  0.18423925
3    0.93800359  0.29882303  0.00000000  0.51894902
4    0.05812282  0.18423925  0.51894902  0.00000000
reason of abort: no pseudometric

--------------------------------------------------------------------------------
n=4
(result of R-step: (1,4:3)0.90112867)
V=[0, 1, 2, 4]
total successes of this branch: 0
reason of abort: negative delta/dxy

--------------------------------------------------------------------------------
n=4
(result of R-step: (3,4:2)0.73715647)
V=[0, 1, 3, 4]
total successes of this branch: 0
Matrix on 4 elements:

0    0.00000000  1.12411133  0.63790307  0.14523292
1    1.12411133  0.00000000  0.42499131  0.69761814
3    0.63790307  0.42499131  0.00000000  0.30595860
4    0.14523292  0.69761814  0.30595860  0.00000000
reason of abort: no pseudometric
