n=6
V=[0, 1, 2, 3, 4, 5]
total successes of this branch: 5
Matrix on 6 elements:

0    0.00000000  0.94523771  0.96980530  1.29135972  0.64986837  0.96042563
1    0.94523771  0.00000000  1.09952707  1.41680401  1.21767840  0.95462587
2    0.96980530  1.09952707  0.00000000  0.79584757  1.18611472  0.35556623
3    1.29135972  1.41680401  0.79584757  0.00000000  1.51033330  0.86999740
4    0.64986837  1.21767840  1.18611472  1.51033330  0.00000000  1.18399832
5    0.96042563  0.95462587  0.35556623  0.86999740  1.18399832  0.00000000

--------------------------------------------------------------------------------
n=5
(result of R-step: (0,3:4)0.91304541)
V=[0, 1, 2, 3, 5]
total successes of this branch: 0
Matrix on 5 elements:

0    0.00000000  0.77758839  0.80215598  0.54969012  0.79277631
1    0.77758839  0.00000000  1.09952707  0.84278373  0.95462587
2    0.80215598  1.09952707  0.00000000  0.22182729  0.35556623
3    0.54969012  0.84278373  0.22182729  0.00000000  0.29597712
5    0.79277631  0.95462587  0.35556623  0.29597712  0.00000000
reason of abort: no pseudometric

--------------------------------------------------------------------------------
n=5
(result of R-step: (1,2:5)0.12939798)
V=[0, 1, 2, 3, 4]
total successes of this branch: 5
Matrix on 5 elements:

0    0.00000000  0.93141967  0.84374867  1.29135972  0.64986837
1    0.93141967  0.00000000  0.95965240  1.40298597  1.20386036
2    0.84374867  0.95965240  0.00000000  0.66979094  1.06005808
3    1.29135972  1.40298597  0.66979094  0.00000000  1.51033330
4    0.64986837  1.20386036  1.06005808  1.51033330  0.00000000

--------------------------------------------------------------------------------
n=4
(result of R-step: (0,2:1)0.57125070)
V=[0, 2, 3, 4]
total successes of this branch: 0
Matrix on 4 elements:

0    0.00000000  0.56002109  1.12371040  0.48221905
2    0.56002109  0.00000000  0.55371268  0.94397982
3    1.12371040  0.55371268  0.00000000  1.51033330
4    0.48221905  0.94397982  1.51033330  0.00000000
reason of abort: no pseudometric

--------------------------------------------------------------------------------
n=4
(result of R-step: (0,2:4)0.91771778)
V=[0, 1, 2, 3]
total successes of this branch: 1
Matrix on 4 elements:

0    0.00000000  0.76234524  0.57977348  1.12228529
1    0.76234524  0.00000000  0.86475164  1.40298597
2    0.57977348  0.86475164  0.00000000  0.57489018
3    1.12228529  1.40298597  0.57489018  0.00000000

--------------------------------------------------------------------------------
n=4
(result of R-step: (0,3:1)0.57649008)
V=[0, 2, 3, 4]
total successes of this branch: 1
Matrix on 4 elements:

0    0.00000000  0.67467424  0.56863432  0.48079394
2    0.67467424  0.00000000  0.11613997  1.06005808
3    0.56863432  0.11613997  0.00000000  0.95668233
4    0.48079394  1.06005808  0.95668233  0.00000000

--------------------------------------------------------------------------------
n=4
(result of R-step: (0,3:2)0.01784948)
V=[0, 1, 3, 4]
total successes of this branch: 0
Matrix on 4 elements:

0    0.00000000  0.64134365  0.45062615  0.35979236
1    0.64134365  0.00000000  0.85232842  1.20386036
3    0.45062615  0.85232842  0.00000000  0.95967575
4    0.35979236  1.20386036  0.95967575  0.00000000
reason of abort: no pseudometric

--------------------------------------------------------------------------------
n=4
(result of R-step: (0,3:4)0.91304541)
V=[0, 1, 2, 3]
total successes of this branch: 0
Matrix on 4 elements:

0    0.00000000  0.76377035  0.67609935  0.54969012
1    0.76377035  0.00000000  0.95965240  0.82896569
2    0.67609935  0.95965240  0.00000000  0.09577066
3    0.54969012  0.82896569  0.09577066  0.00000000
reason of abort: no pseudometric

--------------------------------------------------------------------------------
n=4
(result of R-step: (1,2:3)0.04746310)
V=[0, 1, 2, 4]
total successes of this branch: 1
Matrix on 4 elements:

0    0.00000000  0.45281902  0.74884791  0.64986837
1    0.45281902  0.00000000  0.38615099  0.72525971
2    0.74884791  0.38615099  0.00000000  0.96515733
4    0.64986837  0.72525971  0.96515733  0.00000000

--------------------------------------------------------------------------------
n=4
(result of R-step: (1,4:0)0.38379474)
V=[1, 2, 3, 4]
total successes of this branch: 1
Matrix on 4 elements:

1    0.00000000  0.48105175  0.92438532  0.42859935
2    0.48105175  0.00000000  0.66979094  0.76339773
3    0.92438532  0.66979094  0.00000000  1.21367294
4    0.42859935  0.76339773  1.21367294  0.00000000

--------------------------------------------------------------------------------
n=4
(result of R-step: (2,4:1)0.37595717)
V=[0, 2, 3, 4]
total successes of this branch: 0
Matrix on 4 elements:

0    0.00000000  0.72475885  1.29135972  0.17180558
2    0.72475885  0.00000000  0.55080112  0.46300548
3    1.29135972  0.55080112  0.00000000  1.03227051
4    0.17180558  0.46300548  1.03227051  0.00000000
reason of abort: no pseudometric

--------------------------------------------------------------------------------
n=4
(result of R-step: (3,4:1)0.37019999)
V=[0, 2, 3, 4]
total successes of this branch: 0
Matrix on 4 elements:

0    0.00000000  0.84374867  0.74070217  0.17299971
2    0.84374867  0.00000000  0.11913339  0.58318942
3    0.74070217  0.11913339  0.00000000  0.48280708
4    0.17299971  0.58318942  0.48280708  0.00000000
reason of abort: no pseudometric

--------------------------------------------------------------------------------
n=4
(result of R-step: (3,4:2)0.99033046)
V=[0, 1, 3, 4]
total successes of this branch: 1
Matrix on 4 elements:

0    0.00000000  0.93141967  0.73770875  0.35320802
1    0.93141967  0.00000000  0.84933501  0.90720000
3    0.73770875  0.84933501  0.00000000  0.66002198
4    0.35320802  0.90720000  0.66002198  0.00000000
