n=6
V=[0, 1, 2, 3, 4, 5]
total successes of this branch: 3
Matrix on 6 elements:

0    0.00000000  2.91810042  1.94735805  2.09775655  2.94608857  1.92063119
1    2.91810042  0.00000000  2.60511350  2.53477566  1.02800208  1.94599563
2    1.94735805  2.60511350  0.00000000  1.74746213  2.62423723  1.57519620
3    2.09775655  2.53477566  1.74746213  0.00000000  2.43573302  0.62695672
4    2.94608857  1.02800208  2.62423723  2.43573302  0.00000000  1.96839370
5    1.92063119  1.94599563  1.57519620  0.62695672  1.96839370  0.00000000

--------------------------------------------------------------------------------
n=5
(result of R-step: (1,3:5)0.13025324)
V=[0, 1, 2, 3, 4]
total successes of this branch: 3
Matrix on 5 elements:

0    0.00000000  2.82074959  1.94735805  1.76388248  2.94608857
1    2.82074959  0.00000000  2.50776267  2.10355076  0.93065125
2    1.94735805  2.50776267  0.00000000  1.41358806  2.62423723
3    1.76388248  2.10355076  1.41358806  0.00000000  2.10185895
4    2.94608857  0.93065125  2.62423723  2.10185895  0.00000000

--------------------------------------------------------------------------------
n=4
(result of R-step: (0,1:3)0.87947256)
V=[0, 1, 2, 4]
total successes of this branch: 0
Matrix on 4 elements:

0    0.00000000  0.73973212  0.79597541  1.79470593
1    0.73973212  0.00000000  1.57812784  0.00101642
2    0.79597541  1.57812784  0.00000000  2.62423723
4    1.79470593  0.00101642  2.62423723  0.00000000
reason of abort: no pseudometric

--------------------------------------------------------------------------------
n=4
(result of R-step: (0,3:2)0.93021831)
V=[0, 1, 3, 4]
total successes of this branch: 1
Matrix on 4 elements:

0    0.00000000  1.69885654  0.38596343  1.82419552
1    1.69885654  0.00000000  1.84752476  0.93065125
3    0.38596343  1.84752476  0.00000000  1.84583295
4    1.82419552  0.93065125  1.84583295  0.00000000

--------------------------------------------------------------------------------
n=4
(result of R-step: (0,4:1)0.34867341)
V=[0, 2, 3, 4]
total successes of this branch: 0
reason of abort: negative delta/dxy

--------------------------------------------------------------------------------
n=4
(result of R-step: (0,4:3)0.92854287)
V=[0, 1, 2, 4]
total successes of this branch: 0
reason of abort: negative delta/dxy

--------------------------------------------------------------------------------
n=4
(result of R-step: (1,2:0)0.01193308)
V=[1, 2, 3, 4]
total successes of this branch: 1
Matrix on 4 elements:

1    0.00000000  1.67489771  2.06788467  0.89498516
2    1.67489771  0.00000000  0.61638919  1.82703835
3    2.06788467  0.61638919  0.00000000  2.10185895
4    0.89498516  1.82703835  2.10185895  0.00000000

--------------------------------------------------------------------------------
n=4
(result of R-step: (1,2:3)0.13202403)
V=[0, 1, 2, 4]
total successes of this branch: 0
Matrix on 4 elements:

0    0.00000000  1.96614284  1.15166357  2.94608857
1    1.96614284  0.00000000  0.85746144  0.07604450
2    1.15166357  0.85746144  0.00000000  1.82854276
4    2.94608857  0.07604450  1.82854276  0.00000000
reason of abort: no pseudometric

--------------------------------------------------------------------------------
n=4
(result of R-step: (1,3:4)0.76239568)
V=[0, 1, 2, 3]
total successes of this branch: 1
Matrix on 4 elements:

0    0.00000000  2.78508350  1.94735805  1.50785648
1    2.78508350  0.00000000  2.47209658  1.81185867
2    1.94735805  2.47209658  0.00000000  1.15756207
3    1.50785648  1.81185867  1.15756207  0.00000000

--------------------------------------------------------------------------------
n=4
(result of R-step: (2,4:0)0.98353148)
V=[1, 2, 3, 4]
total successes of this branch: 0
Matrix on 4 elements:

1    0.00000000  1.71206820  2.10355076  0.13795604
2    1.71206820  0.00000000  0.61789359  1.03584754
3    2.10355076  0.61789359  0.00000000  1.30916374
4    0.13795604  1.03584754  1.30916374  0.00000000
reason of abort: no pseudometric

--------------------------------------------------------------------------------
n=4
(result of R-step: (2,4:1)0.40917006)
V=[0, 2, 3, 4]
total successes of this branch: 0
reason of abort: negative delta/dxy

--------------------------------------------------------------------------------
n=4
(result of R-step: (2,4:3)0.91430517)
V=[0, 1, 2, 4]
total successes of this branch: 0
reason of abort: negative delta/dxy
