n=6
V=[0, 1, 2, 3, 4, 5]
total successes of this branch: 5
Matrix on 6 elements:

0    0.00000000  1.33177880  0.75980754  1.11730263  0.68335889  0.82356040
1    1.33177880  0.00000000  1.07887151  1.65445106  1.03441098  1.89445633
2    0.75980754  1.07887151  0.00000000  1.03147993  0.35603738  1.30181150
3    1.11730263  1.65445106  1.03147993  0.00000000  0.90037965  1.69561029
4    0.68335889  1.03441098  0.35603738  0.90037965  0.00000000  1.18268204
5    0.82356040  1.89445633  1.30181150  1.69561029  1.18268204  0.00000000

--------------------------------------------------------------------------------
n=5
(result of R-step: (0,4:5)0.80570376)
V=[0, 1, 2, 3, 4]
total successes of this branch: 5
Matrix on 5 elements:

0    0.00000000  1.28813288  0.71616163  1.07365671  0.60975298
1    1.28813288  0.00000000  1.07887151  1.65445106  1.00445098
2    0.71616163  1.07887151  0.00000000  1.03147993  0.32607738
3    1.07365671  1.65445106  1.03147993  0.00000000  0.87041965
4    0.60975298  1.00445098  0.32607738  0.87041965  0.00000000

--------------------------------------------------------------------------------
n=4
(result of R-step: (0,1:4)0.14323480)
V=[0, 1, 2, 3]
total successes of this branch: 0
reason of abort: negative delta/dxy

--------------------------------------------------------------------------------
n=4
(result of R-step: (0,2:1)0.22941092)
V=[0, 2, 3, 4]
total successes of this branch: 1
Matrix on 4 elements:

0    0.00000000  0.25265903  0.80564151  0.34173777
2    0.25265903  0.00000000  0.83599254  0.13058999
3    0.80564151  0.83599254  0.00000000  0.87041965
4    0.34173777  0.13058999  0.87041965  0.00000000

--------------------------------------------------------------------------------
n=4
(result of R-step: (0,2:4)0.51853825)
V=[0, 1, 2, 3]
total successes of this branch: 0
Matrix on 4 elements:

0    0.00000000  0.85626589  0.14134378  0.64178973
1    0.85626589  0.00000000  0.93592065  1.65445106
2    0.14134378  0.93592065  0.00000000  0.88852907
3    0.64178973  1.65445106  0.88852907  0.00000000
reason of abort: no pseudometric

--------------------------------------------------------------------------------
n=4
(result of R-step: (0,3:2)0.29566339)
V=[0, 1, 3, 4]
total successes of this branch: 0
reason of abort: negative delta/dxy

--------------------------------------------------------------------------------
n=4
(result of R-step: (0,4:3)0.52068837)
V=[0, 1, 2, 4]
total successes of this branch: 1
Matrix on 4 elements:

0    0.00000000  1.02011767  0.44814642  0.28891395
1    1.02011767  0.00000000  1.07887151  0.95162715
2    0.44814642  1.07887151  0.00000000  0.27325355
4    0.28891395  0.95162715  0.27325355  0.00000000

--------------------------------------------------------------------------------
n=4
(result of R-step: (1,3:0)0.63079166)
V=[1, 2, 3, 4]
total successes of this branch: 1
Matrix on 4 elements:

1    0.00000000  0.26837549  0.33576595  0.19395495
2    0.26837549  0.00000000  0.52329084  0.32607738
3    0.33576595  0.52329084  0.00000000  0.36223056
4    0.19395495  0.32607738  0.36223056  0.00000000

--------------------------------------------------------------------------------
n=4
(result of R-step: (1,4:2)0.51728204)
V=[0, 1, 3, 4]
total successes of this branch: 1
Matrix on 4 elements:

0    0.00000000  0.47763686  1.07365671  0.55692915
1    0.47763686  0.00000000  0.84395504  0.14113113
3    1.07365671  0.84395504  0.00000000  0.81759582
4    0.55692915  0.14113113  0.81759582  0.00000000

--------------------------------------------------------------------------------
n=4
(result of R-step: (2,3:1)0.43053813)
V=[0, 2, 3, 4]
total successes of this branch: 0
Matrix on 4 elements:

0    0.00000000  0.57321077  0.33439019  0.60975298
2    0.57321077  0.00000000  0.14926255  0.18312652
3    0.33439019  0.14926255  0.00000000  0.13115313
4    0.60975298  0.18312652  0.13115313  0.00000000
reason of abort: no pseudometric

--------------------------------------------------------------------------------
n=4
(result of R-step: (2,3:4)0.85332235)
V=[0, 1, 2, 3]
total successes of this branch: 1
Matrix on 4 elements:

0    0.00000000  1.28813288  0.52067424  0.56546763
1    1.28813288  0.00000000  0.88338412  1.14626197
2    0.52067424  0.88338412  0.00000000  0.32780345
3    0.56546763  1.14626197  0.32780345  0.00000000

--------------------------------------------------------------------------------
n=4
(result of R-step: (3,4:1)0.30813497)
V=[0, 2, 3, 4]
total successes of this branch: 0
reason of abort: negative delta/dxy
