n=6
V=[0, 1, 2, 3, 4, 5]
total successes of this branch: 3
Matrix on 6 elements:

0    0.00000000  1.76107335  2.74962723  2.36220579  1.75752907  1.77600900
1    1.76107335  0.00000000  1.63422708  1.16434715  0.98990388  0.30484895
2    2.74962723  1.63422708  0.00000000  1.71311334  1.22205537  1.57750147
3    2.36220579  1.16434715  1.71311334  0.00000000  1.21017996  1.18794210
4    1.75752907  0.98990388  1.22205537  1.21017996  0.00000000  0.84154962
5    1.77600900  0.30484895  1.57750147  1.18794210  0.84154962  0.00000000

--------------------------------------------------------------------------------
n=5
(result of R-step: (1,4:5)0.82462933)
V=[0, 1, 2, 3, 4]
total successes of this branch: 3
Matrix on 5 elements:

0    0.00000000  1.69092570  2.74962723  2.36220579  1.72990577
1    1.69092570  0.00000000  1.56407943  1.09419950  0.89213293
2    2.74962723  1.56407943  0.00000000  1.71311334  1.19443207
3    2.36220579  1.09419950  1.71311334  0.00000000  1.18255666
4    1.72990577  0.89213293  1.19443207  1.18255666  0.00000000

--------------------------------------------------------------------------------
n=4
(result of R-step: (0,1:2)0.73591372)
V=[0, 1, 3, 4]
total successes of this branch: 0
reason of abort: negative delta/dxy

--------------------------------------------------------------------------------
n=4
(result of R-step: (0,2:4)0.27073405)
V=[0, 1, 2, 3]
total successes of this branch: 1
Matrix on 4 elements:

0    0.00000000  0.89497049  1.16088685  1.56625058
1    0.89497049  0.00000000  0.77129426  1.09419950
2    1.16088685  0.77129426  0.00000000  0.92032817
3    1.56625058  1.09419950  0.92032817  0.00000000

--------------------------------------------------------------------------------
n=4
(result of R-step: (0,3:1)0.28904334)
V=[0, 2, 3, 4]
total successes of this branch: 1
Matrix on 4 elements:

0    0.00000000  1.95367202  0.96139585  0.93395056
2    1.95367202  0.00000000  1.10825861  1.19443207
3    0.96139585  1.10825861  0.00000000  0.57770194
4    0.93395056  1.19443207  0.57770194  0.00000000

--------------------------------------------------------------------------------
n=4
(result of R-step: (0,4:3)0.41857972)
V=[0, 1, 2, 4]
total successes of this branch: 0
reason of abort: negative delta/dxy

--------------------------------------------------------------------------------
n=4
(result of R-step: (1,2:3)0.49648975)
V=[0, 1, 2, 4]
total successes of this branch: 1
Matrix on 4 elements:

0    0.00000000  1.52127823  1.95684206  1.72990577
1    1.52127823  0.00000000  0.60164679  0.72248547
2    1.95684206  0.60164679  0.00000000  0.40164690
4    1.72990577  0.72248547  0.40164690  0.00000000

--------------------------------------------------------------------------------
n=4
(result of R-step: (1,3:4)0.21755784)
V=[0, 1, 2, 3]
total successes of this branch: 0
reason of abort: negative delta/dxy

--------------------------------------------------------------------------------
n=4
(result of R-step: (1,4:0)0.81996141)
V=[1, 2, 3, 4]
total successes of this branch: 0
reason of abort: negative delta/dxy

--------------------------------------------------------------------------------
n=4
(result of R-step: (2,3:0)0.10780918)
V=[1, 2, 3, 4]
total successes of this branch: 0
reason of abort: negative delta/dxy

--------------------------------------------------------------------------------
n=4
(result of R-step: (2,4:1)0.10094163)
V=[0, 2, 3, 4]
total successes of this branch: 0
reason of abort: negative delta/dxy

--------------------------------------------------------------------------------
n=4
(result of R-step: (3,4:2)0.80834013)
V=[0, 1, 3, 4]
total successes of this branch: 0
reason of abort: negative delta/dxy
