n=6
V=[0, 1, 2, 3, 4, 5]
total successes of this branch: 3
Matrix on 6 elements:

0    0.00000000  1.52184696  1.11897367  1.99745505  0.64477166  1.37901812
1    1.52184696  0.00000000  1.05737922  2.20316611  1.59156041  0.30456973
2    1.11897367  1.05737922  0.00000000  1.79316342  1.18669385  0.94741155
3    1.99745505  2.20316611  1.79316342  0.00000000  1.89538644  2.07892621
4    0.64477166  1.59156041  1.18669385  1.89538644  0.00000000  1.43023793
5    1.37901812  0.30456973  0.94741155  2.07892621  1.43023793  0.00000000

--------------------------------------------------------------------------------
n=5
(result of R-step: (0,2:3)0.43431904)
V=[0, 1, 2, 4, 5]
total successes of this branch: 0
Matrix on 5 elements:

0    0.00000000  1.03785570  0.31403106  0.16078041  0.89502687
1    1.03785570  0.00000000  0.73642787  1.59156041  0.30456973
2    0.31403106  0.73642787  0.00000000  0.86574250  0.62646020
4    0.16078041  1.59156041  0.86574250  0.00000000  1.43023793
5    0.89502687  0.30456973  0.62646020  1.43023793  0.00000000
reason of abort: no pseudometric

--------------------------------------------------------------------------------
n=5
(result of R-step: (1,4:5)0.96734748)
V=[0, 1, 2, 3, 4]
total successes of this branch: 3
Matrix on 5 elements:

0    0.00000000  1.33226080  1.11897367  1.99745505  0.57071779
1    1.33226080  0.00000000  0.86779306  2.01357995  1.32792038
2    1.11897367  0.86779306  0.00000000  1.79316342  1.11263998
3    1.99745505  2.01357995  1.79316342  0.00000000  1.82133257
4    0.57071779  1.32792038  1.11263998  1.82133257  0.00000000

--------------------------------------------------------------------------------
n=4
(result of R-step: (0,1:3)0.42836708)
V=[0, 1, 2, 4]
total successes of this branch: 0
Matrix on 4 elements:

0    0.00000000  0.29744760  0.63093656  0.08268069
1    0.29744760  0.00000000  0.32101696  0.78114429
2    0.63093656  0.32101696  0.00000000  1.11263998
4    0.08268069  0.78114429  1.11263998  0.00000000
reason of abort: no pseudometric

--------------------------------------------------------------------------------
n=4
(result of R-step: (0,2:1)0.00688293)
V=[0, 2, 3, 4]
total successes of this branch: 1
Matrix on 4 elements:

0    0.00000000  0.65248408  1.85372742  0.42699017
2    0.65248408  0.00000000  1.47040145  0.78987802
3    1.85372742  1.47040145  0.00000000  1.82133257
4    0.42699017  0.78987802  1.82133257  0.00000000

--------------------------------------------------------------------------------
n=4
(result of R-step: (0,2:3)0.43431904)
V=[0, 1, 2, 4]
total successes of this branch: 0
Matrix on 4 elements:

0    0.00000000  0.84826954  0.31403106  0.08672654
1    0.84826954  0.00000000  0.54684171  1.32792038
2    0.31403106  0.54684171  0.00000000  0.79168863
4    0.08672654  1.32792038  0.79168863  0.00000000
reason of abort: no pseudometric

--------------------------------------------------------------------------------
n=4
(result of R-step: (0,3:4)0.72041570)
V=[0, 1, 2, 3]
total successes of this branch: 1
Matrix on 4 elements:

0    0.00000000  1.18853317  0.97524604  0.82155009
1    1.18853317  0.00000000  0.86779306  0.98140263
2    0.97524604  0.86779306  0.00000000  0.76098609
3    0.82155009  0.98140263  0.76098609  0.00000000

--------------------------------------------------------------------------------
n=4
(result of R-step: (1,3:2)0.98839652)
V=[0, 1, 3, 4]
total successes of this branch: 1
Matrix on 4 elements:

0    0.00000000  0.79328975  0.96527772  0.57071779
1    0.79328975  0.00000000  0.44243158  0.78894933
3    0.96527772  0.44243158  0.00000000  0.78915525
4    0.57071779  0.78894933  0.78915525  0.00000000

--------------------------------------------------------------------------------
n=4
(result of R-step: (1,4:0)0.38844887)
V=[1, 2, 3, 4]
total successes of this branch: 0
reason of abort: negative delta/dxy

--------------------------------------------------------------------------------
n=4
(result of R-step: (1,4:3)0.74147584)
V=[0, 1, 2, 4]
total successes of this branch: 0
reason of abort: negative delta/dxy

--------------------------------------------------------------------------------
n=4
(result of R-step: (2,4:0)0.39768216)
V=[1, 2, 3, 4]
total successes of this branch: 0
reason of abort: negative delta/dxy

--------------------------------------------------------------------------------
n=4
(result of R-step: (2,4:1)0.98763169)
V=[0, 2, 3, 4]
total successes of this branch: 0
Matrix on 4 elements:

0    0.00000000  0.79802232  1.99745505  0.20794605
2    0.79802232  0.00000000  1.47221207  0.42891688
3    1.99745505  1.47221207  0.00000000  1.45856083
4    0.20794605  0.42891688  1.45856083  0.00000000
reason of abort: no pseudometric

--------------------------------------------------------------------------------
n=4
(result of R-step: (2,4:3)0.73491673)
V=[0, 1, 2, 4]
total successes of this branch: 0
reason of abort: negative delta/dxy
