n=6
V=[0, 1, 2, 3, 4, 5]
total successes of this branch: 1
Matrix on 6 elements:

0    0.00000000  0.84481045  0.92039960  0.81447231  1.15809132  0.74640254
1    0.84481045  0.00000000  1.15364175  1.00852895  1.42239909  0.96780139
2    0.92039960  1.15364175  0.00000000  1.11120801  1.52159860  1.06913964
3    0.81447231  1.00852895  1.11120801  0.00000000  0.97608905  0.23261337
4    1.15809132  1.42239909  1.52159860  0.97608905  0.00000000  0.95247292
5    0.74640254  0.96780139  1.06913964  0.23261337  0.95247292  0.00000000

--------------------------------------------------------------------------------
n=5
(result of R-step: (0,3:5)0.04949494)
V=[0, 1, 2, 3, 4]
total successes of this branch: 1
Matrix on 5 elements:

0    0.00000000  0.79564587  0.87123502  0.64698883  1.10892674
1    0.79564587  0.00000000  1.15364175  0.89021005  1.42239909
2    0.87123502  1.15364175  0.00000000  0.99288911  1.52159860
3    0.64698883  0.89021005  0.99288911  0.00000000  0.85777015
4    1.10892674  1.42239909  1.52159860  0.85777015  0.00000000

--------------------------------------------------------------------------------
n=4
(result of R-step: (0,1:2)0.04953015)
V=[0, 1, 3, 4]
total successes of this branch: 0
Matrix on 4 elements:

0    0.00000000  0.26710596  0.64424543  1.10618334
1    0.26710596  0.00000000  0.36441354  0.89660258
3    0.64424543  0.36441354  0.00000000  0.85777015
4    1.10618334  0.89660258  0.85777015  0.00000000
reason of abort: no pseudometric

--------------------------------------------------------------------------------
n=4
(result of R-step: (0,3:4)0.12844446)
V=[0, 1, 2, 3]
total successes of this branch: 1
Matrix on 4 elements:

0    0.00000000  0.79290247  0.86849161  0.51210656
1    0.79290247  0.00000000  1.15364175  0.75807118
2    0.86849161  1.15364175  0.00000000  0.86075024
3    0.51210656  0.75807118  0.86075024  0.00000000

--------------------------------------------------------------------------------
n=4
(result of R-step: (0,4:1)0.91085737)
V=[0, 2, 3, 4]
total successes of this branch: 0
reason of abort: negative delta/dxy

--------------------------------------------------------------------------------
n=4
(result of R-step: (0,4:2)0.97092206)
V=[0, 1, 3, 4]
total successes of this branch: 0
reason of abort: negative delta/dxy

--------------------------------------------------------------------------------
n=4
(result of R-step: (1,3:0)0.92308136)
V=[1, 2, 3, 4]
total successes of this branch: 0
reason of abort: negative delta/dxy

--------------------------------------------------------------------------------
n=4
(result of R-step: (2,3:0)0.86344550)
V=[1, 2, 3, 4]
total successes of this branch: 0
reason of abort: negative delta/dxy

--------------------------------------------------------------------------------
n=4
(result of R-step: (2,3:1)0.94628909)
V=[0, 2, 3, 4]
total successes of this branch: 0
Matrix on 4 elements:

0    0.00000000  0.25627630  0.51484996  1.10892674
2    0.25627630  0.00000000  0.24579152  0.90663988
3    0.51484996  0.24579152  0.00000000  0.72563128
4    1.10892674  0.90663988  0.72563128  0.00000000
reason of abort: no pseudometric

--------------------------------------------------------------------------------
n=4
(result of R-step: (2,4:1)0.92733601)
V=[0, 2, 3, 4]
total successes of this branch: 0
Matrix on 4 elements:

0    0.00000000  0.25876171  0.64698883  0.39174419
2    0.25876171  0.00000000  0.38041580  0.19194274
3    0.64698883  0.38041580  0.00000000  0.14058759
4    0.39174419  0.19194274  0.14058759  0.00000000
reason of abort: no pseudometric

--------------------------------------------------------------------------------
n=4
(result of R-step: (3,4:1)0.81885098)
V=[0, 2, 3, 4]
total successes of this branch: 0
reason of abort: negative delta/dxy

--------------------------------------------------------------------------------
n=4
(result of R-step: (3,4:2)0.44220803)
V=[0, 1, 3, 4]
total successes of this branch: 0
reason of abort: negative delta/dxy
