n=6
V=[0, 1, 2, 3, 4, 5]
total successes of this branch: 3
Matrix on 6 elements:

0    0.00000000  1.95259676  1.85333481  1.40386636  0.74037788  1.45203443
1    1.95259676  0.00000000  2.04034067  1.56281726  1.41872589  1.62049027
2    1.85333481  2.04034067  0.00000000  1.73694743  1.17886706  1.18970941
3    1.40386636  1.56281726  1.73694743  0.00000000  0.90258687  0.62950776
4    0.74037788  1.41872589  1.17886706  0.90258687  0.00000000  0.89207921
5    1.45203443  1.62049027  1.18970941  0.62950776  0.89207921  0.00000000

--------------------------------------------------------------------------------
n=5
(result of R-step: (1,4:0)0.86059175)
V=[1, 2, 3, 4, 5]
total successes of this branch: 0
reason of abort: negative delta/dxy

--------------------------------------------------------------------------------
n=5
(result of R-step: (2,3:5)0.33879736)
V=[0, 1, 2, 3, 4]
total successes of this branch: 3
Matrix on 5 elements:

0    0.00000000  1.95259676  1.63883220  1.29410787  0.74037788
1    1.95259676  0.00000000  1.82583806  1.45305877  1.41872589
2    1.63883220  1.82583806  0.00000000  1.41268633  0.96436445
3    1.29410787  1.45305877  1.41268633  0.00000000  0.79282838
4    0.74037788  1.41872589  0.96436445  0.79282838  0.00000000

--------------------------------------------------------------------------------
n=4
(result of R-step: (0,1:2)0.79705680)
V=[0, 1, 3, 4]
total successes of this branch: 0
Matrix on 4 elements:

0    0.00000000  0.77594886  0.56878597  0.01505598
1    0.77594886  0.00000000  1.00173277  0.96739989
3    0.56878597  1.00173277  0.00000000  0.79282838
4    0.01505598  0.96739989  0.79282838  0.00000000
reason of abort: no pseudometric

--------------------------------------------------------------------------------
n=4
(result of R-step: (0,1:3)0.43298907)
V=[0, 1, 2, 4]
total successes of this branch: 1
Matrix on 4 elements:

0    0.00000000  0.52438829  1.03934316  0.14088884
1    0.52438829  0.00000000  0.99711863  0.59000646
2    1.03934316  0.99711863  0.00000000  0.96436445
4    0.14088884  0.59000646  0.96436445  0.00000000

--------------------------------------------------------------------------------
n=4
(result of R-step: (0,2:4)0.86715679)
V=[0, 1, 2, 3]
total successes of this branch: 1
Matrix on 4 elements:

0    0.00000000  1.35310772  0.81248995  0.69461883
1    1.35310772  0.00000000  1.59898485  1.45305877
2    0.81248995  1.59898485  0.00000000  1.18583312
3    0.69461883  1.45305877  1.18583312  0.00000000

--------------------------------------------------------------------------------
n=4
(result of R-step: (0,3:2)0.36457865)
V=[0, 1, 3, 4]
total successes of this branch: 0
reason of abort: negative delta/dxy

--------------------------------------------------------------------------------
n=4
(result of R-step: (1,4:0)0.86059175)
V=[1, 2, 3, 4]
total successes of this branch: 0
reason of abort: negative delta/dxy

--------------------------------------------------------------------------------
n=4
(result of R-step: (1,4:2)0.50471409)
V=[0, 1, 3, 4]
total successes of this branch: 0
reason of abort: negative delta/dxy

--------------------------------------------------------------------------------
n=4
(result of R-step: (1,4:3)0.30052612)
V=[0, 1, 2, 4]
total successes of this branch: 0
Matrix on 4 elements:

0    0.00000000  1.50127076  1.63883220  0.61382731
1    1.50127076  0.00000000  1.37451206  0.84084932
2    1.63883220  1.37451206  0.00000000  0.83781389
4    0.61382731  0.84084932  0.83781389  0.00000000
reason of abort: no pseudometric

--------------------------------------------------------------------------------
n=4
(result of R-step: (2,3:1)0.18818468)
V=[0, 2, 3, 4]
total successes of this branch: 1
Matrix on 4 elements:

0    0.00000000  1.41197898  0.92851007  0.74037788
2    1.41197898  0.00000000  0.82023531  0.73751124
3    0.92851007  0.82023531  0.00000000  0.42723058
4    0.74037788  0.73751124  0.42723058  0.00000000

--------------------------------------------------------------------------------
n=4
(result of R-step: (3,4:0)0.33961501)
V=[1, 2, 3, 4]
total successes of this branch: 0
reason of abort: negative delta/dxy

--------------------------------------------------------------------------------
n=4
(result of R-step: (3,4:2)0.94598552)
V=[0, 1, 3, 4]
total successes of this branch: 0
reason of abort: negative delta/dxy
