n=6
V=[0, 1, 2, 3, 4, 5]
total successes of this branch: 1
Matrix on 6 elements:

0    0.00000000  0.84146448  1.22888405  1.10229465  0.85895681  0.92956072
1    0.84146448  0.00000000  0.69972595  0.63393284  0.67106757  0.56049785
2    1.22888405  0.69972595  0.00000000  0.50740355  0.61485686  0.71396662
3    1.10229465  0.63393284  0.50740355  0.00000000  0.63860343  0.71277797
4    0.85895681  0.67106757  0.61485686  0.63860343  0.00000000  0.35400175
5    0.92956072  0.56049785  0.71396662  0.71277797  0.35400175  0.00000000

--------------------------------------------------------------------------------
n=5
(result of R-step: (0,2:3)0.87474050)
V=[0, 1, 2, 4, 5]
total successes of this branch: 0
reason of abort: negative delta/dxy

--------------------------------------------------------------------------------
n=5
(result of R-step: (1,4:5)0.27848233)
V=[0, 1, 2, 3, 4]
total successes of this branch: 1
Matrix on 5 elements:

0    0.00000000  0.83996435  1.22888405  1.10229465  0.79544757
1    0.83996435  0.00000000  0.69822582  0.63243271  0.60605820
2    1.22888405  0.69822582  0.00000000  0.50740355  0.55134763
3    1.10229465  0.63243271  0.50740355  0.00000000  0.57509419
4    0.79544757  0.60605820  0.55134763  0.57509419  0.00000000

--------------------------------------------------------------------------------
n=4
(result of R-step: (0,2:1)0.20045710)
V=[0, 2, 3, 4]
total successes of this branch: 0
reason of abort: negative delta/dxy

--------------------------------------------------------------------------------
n=4
(result of R-step: (0,2:3)0.87474050)
V=[0, 1, 2, 4]
total successes of this branch: 0
reason of abort: negative delta/dxy

--------------------------------------------------------------------------------
n=4
(result of R-step: (0,2:4)0.35276917)
V=[0, 1, 2, 3]
total successes of this branch: 1
Matrix on 4 elements:

0    0.00000000  0.63835301  0.82641406  0.90068332
1    0.63835301  0.00000000  0.49736717  0.63243271
2    0.82641406  0.49736717  0.00000000  0.30654490
3    0.90068332  0.63243271  0.30654490  0.00000000

--------------------------------------------------------------------------------
n=4
(result of R-step: (0,3:1)0.31899742)
V=[0, 2, 3, 4]
total successes of this branch: 0
Matrix on 4 elements:

0    0.00000000  1.02727271  0.66563890  0.59383624
2    1.02727271  0.00000000  0.27235914  0.55134763
3    0.66563890  0.27235914  0.00000000  0.34004977
4    0.59383624  0.55134763  0.34004977  0.00000000
reason of abort: no pseudometric

--------------------------------------------------------------------------------
n=4
(result of R-step: (0,3:4)0.13682019)
V=[0, 1, 2, 3]
total successes of this branch: 0
reason of abort: negative delta/dxy

--------------------------------------------------------------------------------
n=4
(result of R-step: (0,4:1)0.59559719)
V=[0, 2, 3, 4]
total successes of this branch: 0
reason of abort: negative delta/dxy

--------------------------------------------------------------------------------
n=4
(result of R-step: (1,2:3)0.33887670)
V=[0, 1, 2, 4]
total successes of this branch: 0
Matrix on 4 elements:

0    0.00000000  0.59560862  1.02802540  0.79544757
1    0.59560862  0.00000000  0.25301145  0.36170248
2    1.02802540  0.25301145  0.00000000  0.35048898
4    0.79544757  0.36170248  0.35048898  0.00000000
reason of abort: no pseudometric

--------------------------------------------------------------------------------
n=4
(result of R-step: (1,2:4)0.97505250)
V=[0, 1, 2, 3]
total successes of this branch: 0
reason of abort: negative delta/dxy

--------------------------------------------------------------------------------
n=4
(result of R-step: (1,3:4)0.77411269)
V=[0, 1, 2, 3]
total successes of this branch: 0
reason of abort: negative delta/dxy

--------------------------------------------------------------------------------
n=4
(result of R-step: (2,4:3)0.82185223)
V=[0, 1, 2, 4]
total successes of this branch: 0
reason of abort: negative delta/dxy
