n=6
V=[0, 1, 2, 3, 4, 5]
total successes of this branch: 1
Matrix on 6 elements:

0    0.00000000  2.16144322  1.69852948  1.37903926  1.68983136  1.40953412
1    2.16144322  0.00000000  1.33817807  1.86110858  1.74720876  1.44525856
2    1.69852948  1.33817807  0.00000000  1.39325027  1.44682576  0.60938480
3    1.37903926  1.86110858  1.39325027  0.00000000  1.25316139  0.99640888
4    1.68983136  1.74720876  1.44682576  1.25316139  0.00000000  1.21698918
5    1.40953412  1.44525856  0.60938480  0.99640888  1.21698918  0.00000000

--------------------------------------------------------------------------------
n=5
(result of R-step: (0,1:4)0.85063776)
V=[0, 1, 2, 3, 5]
total successes of this branch: 0
Matrix on 5 elements:

0    0.00000000  0.88515570  0.77870540  0.45921518  0.48971004
1    0.88515570  0.00000000  0.98171463  1.50464514  1.08879512
2    0.77870540  0.98171463  0.00000000  1.39325027  0.60938480
3    0.45921518  1.50464514  1.39325027  0.00000000  0.99640888
5    0.48971004  1.08879512  0.60938480  0.99640888  0.00000000
reason of abort: no pseudometric

--------------------------------------------------------------------------------
n=5
(result of R-step: (2,3:5)0.52983607)
V=[0, 1, 2, 3, 4]
total successes of this branch: 1
Matrix on 5 elements:

0    0.00000000  2.16144322  1.61066140  0.95684906  1.68983136
1    2.16144322  0.00000000  1.25030999  1.43891838  1.74720876
2    1.61066140  1.25030999  0.00000000  0.88319200  1.35895769
3    0.95684906  1.43891838  0.88319200  0.00000000  0.83097119
4    1.68983136  1.74720876  1.35895769  0.83097119  0.00000000

--------------------------------------------------------------------------------
n=4
(result of R-step: (0,1:2)0.39434541)
V=[0, 1, 3, 4]
total successes of this branch: 0
Matrix on 4 elements:

0    0.00000000  0.68511168  0.11089278  0.84387508
1    0.68511168  0.00000000  0.80854312  1.11683350
3    0.11089278  0.80854312  0.00000000  0.83097119
4    0.84387508  1.11683350  0.83097119  0.00000000
reason of abort: no pseudometric

--------------------------------------------------------------------------------
n=4
(result of R-step: (0,1:4)0.85063776)
V=[0, 1, 2, 3]
total successes of this branch: 0
Matrix on 4 elements:

0    0.00000000  0.88515570  0.69083732  0.03702498
1    0.88515570  0.00000000  0.89384655  1.08245494
2    0.69083732  0.89384655  0.00000000  0.88319200
3    0.03702498  1.08245494  0.88319200  0.00000000
reason of abort: no pseudometric

--------------------------------------------------------------------------------
n=4
(result of R-step: (0,2:4)0.65568382)
V=[0, 1, 2, 3]
total successes of this branch: 0
Matrix on 4 elements:

0    0.00000000  1.21909029  0.08252477  0.01449613
1    1.21909029  0.00000000  0.66452628  1.43891838
2    0.08252477  0.66452628  0.00000000  0.29740829
3    0.01449613  1.43891838  0.29740829  0.00000000
reason of abort: no pseudometric

--------------------------------------------------------------------------------
n=4
(result of R-step: (1,3:0)0.23927533)
V=[1, 2, 3, 4]
total successes of this branch: 0
reason of abort: negative delta/dxy

--------------------------------------------------------------------------------
n=4
(result of R-step: (1,3:2)0.43635501)
V=[0, 1, 3, 4]
total successes of this branch: 0
Matrix on 4 elements:

0    0.00000000  1.80497978  0.84407319  1.68983136
1    1.80497978  0.00000000  0.96967907  1.39074532
3    0.84407319  0.96967907  0.00000000  0.71819532
4    1.68983136  1.39074532  0.71819532  0.00000000
reason of abort: no pseudometric

--------------------------------------------------------------------------------
n=4
(result of R-step: (1,3:4)0.30713306)
V=[0, 1, 2, 3]
total successes of this branch: 1
Matrix on 4 elements:

0    0.00000000  1.53106796  1.61066140  0.93807188
1    1.53106796  0.00000000  0.61993473  0.78976595
2    1.61066140  0.61993473  0.00000000  0.86441482
3    0.93807188  0.78976595  0.86441482  0.00000000

--------------------------------------------------------------------------------
n=4
(result of R-step: (1,4:2)0.96373233)
V=[0, 1, 3, 4]
total successes of this branch: 0
reason of abort: negative delta/dxy

--------------------------------------------------------------------------------
n=4
(result of R-step: (2,3:0)0.19025441)
V=[1, 2, 3, 4]
total successes of this branch: 0
Matrix on 4 elements:

1    0.00000000  0.89002357  1.42014120  1.74720876
2    0.89002357  0.00000000  0.50412840  0.99867127
3    1.42014120  0.50412840  0.00000000  0.81219401
4    1.74720876  0.99867127  0.81219401  0.00000000
reason of abort: no pseudometric

--------------------------------------------------------------------------------
n=4
(result of R-step: (2,3:4)0.50413281)
V=[0, 1, 2, 3]
total successes of this branch: 0
reason of abort: negative delta/dxy

--------------------------------------------------------------------------------
n=4
(result of R-step: (3,4:0)0.97047586)
V=[1, 2, 3, 4]
total successes of this branch: 0
reason of abort: negative delta/dxy
