n=6
V=[0, 1, 2, 3, 4, 5]
total successes of this branch: 5
Matrix on 6 elements:

0    0.00000000  1.12551002  0.91102267  1.67575581  1.13700408  1.41556741
1    1.12551002  0.00000000  1.20569164  1.40222364  0.80309798  0.91998475
2    0.91102267  1.20569164  0.00000000  1.81181986  1.25571606  1.51906613
3    1.67575581  1.40222364  1.81181986  0.00000000  1.36960104  1.07170134
4    1.13700408  0.80309798  1.25571606  1.36960104  0.00000000  1.09993877
5    1.41556741  0.91998475  1.51906613  1.07170134  1.09993877  0.00000000

--------------------------------------------------------------------------------
n=5
(result of R-step: (0,2:4)0.70908091)
V=[0, 1, 2, 3, 5]
total successes of this branch: 0
reason of abort: negative delta/dxy

--------------------------------------------------------------------------------
n=5
(result of R-step: (1,3:5)0.58274729)
V=[0, 1, 2, 3, 4]
total successes of this branch: 5
Matrix on 5 elements:

0    0.00000000  0.89004150  0.91102267  1.44317079  1.13700408
1    0.89004150  0.00000000  0.97022312  0.93417010  0.56762946
2    0.91102267  0.97022312  0.00000000  1.57923484  1.25571606
3    1.44317079  0.93417010  1.57923484  0.00000000  1.13701601
4    1.13700408  0.56762946  1.25571606  1.13701601  0.00000000

--------------------------------------------------------------------------------
n=4
(result of R-step: (0,1:2)0.71258999)
V=[0, 1, 3, 4]
total successes of this branch: 1
Matrix on 4 elements:

0    0.00000000  0.53511533  1.18154776  0.87538106
1    0.53511533  0.00000000  0.84086695  0.47432632
3    1.18154776  0.84086695  0.00000000  1.13701601
4    0.87538106  0.47432632  1.13701601  0.00000000

--------------------------------------------------------------------------------
n=4
(result of R-step: (0,2:4)0.70908091)
V=[0, 1, 2, 3]
total successes of this branch: 0
reason of abort: negative delta/dxy

--------------------------------------------------------------------------------
n=4
(result of R-step: (0,3:1)0.05930133)
V=[0, 2, 3, 4]
total successes of this branch: 0
reason of abort: negative delta/dxy

--------------------------------------------------------------------------------
n=4
(result of R-step: (0,4:1)0.12698357)
V=[0, 2, 3, 4]
total successes of this branch: 0
Matrix on 4 elements:

0    0.00000000  0.36315338  0.89530150  0.20828791
2    0.36315338  0.00000000  1.57923484  0.87486918
3    0.89530150  1.57923484  0.00000000  0.75616913
4    0.20828791  0.87486918  0.75616913  0.00000000
reason of abort: no pseudometric

--------------------------------------------------------------------------------
n=4
(result of R-step: (0,4:3)0.06449035)
V=[0, 1, 2, 4]
total successes of this branch: 1
Matrix on 4 elements:

0    0.00000000  0.62841848  0.64939965  0.49166398
1    0.62841848  0.00000000  0.97022312  0.18391239
2    0.64939965  0.97022312  0.00000000  0.87199899
4    0.49166398  0.18391239  0.87199899  0.00000000

--------------------------------------------------------------------------------
n=4
(result of R-step: (1,2:3)0.97563014)
V=[0, 1, 2, 4]
total successes of this branch: 0
reason of abort: negative delta/dxy

--------------------------------------------------------------------------------
n=4
(result of R-step: (1,3:4)0.31051035)
V=[0, 1, 2, 3]
total successes of this branch: 1
Matrix on 4 elements:

0    0.00000000  0.79673836  0.91102267  0.73151335
1    0.79673836  0.00000000  0.87691998  0.12920952
2    0.91102267  0.87691998  0.00000000  0.86757741
3    0.73151335  0.12920952  0.86757741  0.00000000

--------------------------------------------------------------------------------
n=4
(result of R-step: (2,3:0)0.53379620)
V=[1, 2, 3, 4]
total successes of this branch: 1
Matrix on 4 elements:

1    0.00000000  0.74715020  0.22251267  0.56762946
2    0.74715020  0.00000000  0.64450448  1.03264314
3    0.22251267  0.64450448  0.00000000  0.42535858
4    0.56762946  1.03264314  0.42535858  0.00000000

--------------------------------------------------------------------------------
n=4
(result of R-step: (2,4:1)0.06602312)
V=[0, 2, 3, 4]
total successes of this branch: 1
Matrix on 4 elements:

0    0.00000000  0.68794975  1.44317079  0.75328701
2    0.68794975  0.00000000  1.35616192  0.64892606
3    1.44317079  1.35616192  0.00000000  0.75329894
4    0.75328701  0.64892606  0.75329894  0.00000000

--------------------------------------------------------------------------------
n=4
(result of R-step: (2,4:3)0.09604888)
V=[0, 1, 2, 4]
total successes of this branch: 0
Matrix on 4 elements:

0    0.00000000  0.89004150  0.30582596  0.75615720
1    0.89004150  0.00000000  0.36502642  0.18678258
2    0.30582596  0.36502642  0.00000000  0.26967247
4    0.75615720  0.18678258  0.26967247  0.00000000
reason of abort: no pseudometric
