n=6
V=[0, 1, 2, 3, 4, 5]
total successes of this branch: 5
Matrix on 6 elements:

0    0.00000000  1.40518762  1.21766772  1.31148181  0.68322941  1.57544773
1    1.40518762  0.00000000  1.59696709  2.00258490  1.49812022  1.42161062
2    1.21766772  1.59696709  0.00000000  1.86120825  1.33064633  1.98498239
3    1.31148181  2.00258490  1.86120825  0.00000000  1.07948465  2.26377969
4    0.68322941  1.49812022  1.33064633  1.07948465  0.00000000  1.70896659
5    1.57544773  1.42161062  1.98498239  2.26377969  1.70896659  0.00000000

--------------------------------------------------------------------------------
n=5
(result of R-step: (0,1:5)0.40673190)
V=[0, 1, 2, 3, 4]
total successes of this branch: 5
Matrix on 5 elements:

0    0.00000000  0.90053232  0.97241246  1.06622655  0.43797415
1    0.90053232  0.00000000  1.33756705  1.74318487  1.23872018
2    0.97241246  1.33756705  0.00000000  1.86120825  1.33064633
3    1.06622655  1.74318487  1.86120825  0.00000000  1.07948465
4    0.43797415  1.23872018  1.33064633  1.07948465  0.00000000

--------------------------------------------------------------------------------
n=4
(result of R-step: (0,1:2)0.21082255)
V=[0, 1, 3, 4]
total successes of this branch: 1
Matrix on 4 elements:

0    0.00000000  0.33622107  1.06387577  0.43562338
1    0.33622107  0.00000000  1.18122439  0.67675971
3    1.06387577  1.18122439  0.00000000  1.07948465
4    0.43562338  0.67675971  1.07948465  0.00000000

--------------------------------------------------------------------------------
n=4
(result of R-step: (0,3:4)0.56557010)
V=[0, 1, 2, 3]
total successes of this branch: 1
Matrix on 4 elements:

0    0.00000000  0.89818155  0.97006168  0.48340882
1    0.89818155  0.00000000  1.33756705  1.16271792
2    0.97006168  1.33756705  0.00000000  1.28074130
3    0.48340882  1.16271792  1.28074130  0.00000000

--------------------------------------------------------------------------------
n=4
(result of R-step: (1,3:0)0.36212289)
V=[1, 2, 3, 4]
total successes of this branch: 0
Matrix on 4 elements:

1    0.00000000  0.66408308  0.18069522  0.56523621
2    0.66408308  0.00000000  0.97220258  1.33064633
3    0.18069522  0.97220258  0.00000000  0.19047898
4    0.56523621  1.33064633  0.19047898  0.00000000
reason of abort: no pseudometric

--------------------------------------------------------------------------------
n=4
(result of R-step: (1,4:0)0.52525356)
V=[1, 2, 3, 4]
total successes of this branch: 0
Matrix on 4 elements:

1    0.00000000  0.69566438  1.10128219  0.43967998
2    0.69566438  0.00000000  1.86120825  1.17350880
3    1.10128219  1.86120825  0.00000000  0.92234712
4    0.43967998  1.17350880  0.92234712  0.00000000
reason of abort: no pseudometric

--------------------------------------------------------------------------------
n=4
(result of R-step: (1,4:3)0.21440396)
V=[0, 1, 2, 4]
total successes of this branch: 1
Matrix on 4 elements:

0    0.00000000  0.33857185  0.97241246  0.25669775
1    0.33857185  0.00000000  0.77560658  0.49548331
2    0.97241246  0.77560658  0.00000000  1.14936993
4    0.25669775  0.49548331  1.14936993  0.00000000

--------------------------------------------------------------------------------
n=4
(result of R-step: (2,3:0)0.30625506)
V=[1, 2, 3, 4]
total successes of this branch: 0
Matrix on 4 elements:

1    0.00000000  0.68510651  0.86775352  1.23872018
2    0.68510651  0.00000000  0.33331635  0.67818578
3    0.86775352  0.33331635  0.00000000  0.20405330
4    1.23872018  0.67818578  0.20405330  0.00000000
reason of abort: no pseudometric

--------------------------------------------------------------------------------
n=4
(result of R-step: (2,3:1)0.94189155)
V=[0, 2, 3, 4]
total successes of this branch: 1
Matrix on 4 elements:

0    0.00000000  0.27873034  0.48575960  0.43797415
2    0.27873034  0.00000000  0.58705918  0.63696421
3    0.48575960  0.58705918  0.00000000  0.49901770
4    0.43797415  0.63696421  0.49901770  0.00000000

--------------------------------------------------------------------------------
n=4
(result of R-step: (2,4:0)0.47582491)
V=[1, 2, 3, 4]
total successes of this branch: 1
Matrix on 4 elements:

1    0.00000000  0.64388493  1.74318487  1.05744379
2    0.64388493  0.00000000  1.16752613  0.45568781
3    1.74318487  1.16752613  0.00000000  0.89820825
4    1.05744379  0.45568781  0.89820825  0.00000000

--------------------------------------------------------------------------------
n=4
(result of R-step: (2,4:1)0.81340075)
V=[0, 2, 3, 4]
total successes of this branch: 0
Matrix on 4 elements:

0    0.00000000  0.31995191  1.06622655  0.09358420
2    0.31995191  0.00000000  1.20874770  0.33379583
3    1.06622655  1.20874770  0.00000000  0.73509470
4    0.09358420  0.33379583  0.73509470  0.00000000
reason of abort: no pseudometric

--------------------------------------------------------------------------------
n=4
(result of R-step: (2,4:3)0.28418308)
V=[0, 1, 2, 4]
total successes of this branch: 0
Matrix on 4 elements:

0    0.00000000  0.90053232  0.21174961  0.28083662
1    0.90053232  0.00000000  0.57690421  1.08158265
2    0.21174961  0.57690421  0.00000000  0.41284595
4    0.28083662  1.08158265  0.41284595  0.00000000
reason of abort: no pseudometric
