n=6
V=[0, 1, 2, 3, 4, 5]
total successes of this branch: 5
Matrix on 6 elements:

0    0.00000000  1.58824471  1.98113271  0.85983615  1.76686887  1.30996839
1    1.58824471  0.00000000  1.81262415  1.10851206  0.95880254  0.95249436
2    1.98113271  1.81262415  0.00000000  1.47957081  1.72597058  1.55076237
3    0.85983615  1.10851206  1.47957081  0.00000000  1.28218945  0.74208394
4    1.76686887  0.95880254  1.72597058  1.28218945  0.00000000  0.61360905
5    1.30996839  0.95249436  1.55076237  0.74208394  0.61360905  0.00000000

--------------------------------------------------------------------------------
n=5
(result of R-step: (0,1:2)0.37484003)
V=[0, 1, 3, 4, 5]
total successes of this branch: 0
Matrix on 5 elements:

0    0.00000000  0.28708516  0.16093367  1.06796639  0.61106591
1    0.28708516  0.00000000  0.50625499  0.35654547  0.35023729
3    0.16093367  0.50625499  0.00000000  1.28218945  0.74208394
4    1.06796639  0.35654547  1.28218945  0.00000000  0.61360905
5    0.61106591  0.35023729  0.74208394  0.61360905  0.00000000
reason of abort: no pseudometric

--------------------------------------------------------------------------------
n=5
(result of R-step: (3,4:5)0.42639755)
V=[0, 1, 2, 3, 4]
total successes of this branch: 5
Matrix on 5 elements:

0    0.00000000  1.58824471  1.98113271  0.76982523  1.64742154
1    1.58824471  0.00000000  1.81262415  1.01850113  0.83935522
2    1.98113271  1.81262415  0.00000000  1.38955988  1.60652326
3    0.76982523  1.01850113  1.38955988  0.00000000  1.07273120
4    1.64742154  0.83935522  1.60652326  1.07273120  0.00000000

--------------------------------------------------------------------------------
n=4
(result of R-step: (0,1:2)0.37484003)
V=[0, 1, 3, 4]
total successes of this branch: 0
Matrix on 4 elements:

0    0.00000000  0.28708516  0.07092274  0.94851906
1    0.28708516  0.00000000  0.41624406  0.23709815
3    0.07092274  0.41624406  0.00000000  1.07273120
4    0.94851906  0.23709815  1.07273120  0.00000000
reason of abort: no pseudometric

--------------------------------------------------------------------------------
n=4
(result of R-step: (0,2:3)0.98135253)
V=[0, 1, 2, 4]
total successes of this branch: 1
Matrix on 4 elements:

0    0.00000000  0.92242394  0.79786969  0.98160077
1    0.92242394  0.00000000  1.29518191  0.83935522
2    0.79786969  1.29518191  0.00000000  1.08908102
4    0.98160077  0.83935522  1.08908102  0.00000000

--------------------------------------------------------------------------------
n=4
(result of R-step: (0,4:1)0.38424361)
V=[0, 2, 3, 4]
total successes of this branch: 1
Matrix on 4 elements:

0    0.00000000  1.31531193  0.10400445  0.86452166
2    1.31531193  0.00000000  1.38955988  1.48944415
3    0.10400445  1.38955988  0.00000000  0.95565210
4    0.86452166  1.48944415  0.95565210  0.00000000

--------------------------------------------------------------------------------
n=4
(result of R-step: (0,4:2)0.62411398)
V=[0, 1, 3, 4]
total successes of this branch: 0
Matrix on 4 elements:

0    0.00000000  0.90246177  0.08404228  0.86524248
1    0.90246177  0.00000000  1.01850113  0.74295910
3    0.08404228  1.01850113  0.00000000  0.97633508
4    0.86524248  0.74295910  0.97633508  0.00000000
reason of abort: no pseudometric

--------------------------------------------------------------------------------
n=4
(result of R-step: (1,2:4)0.77338847)
V=[0, 1, 2, 3]
total successes of this branch: 1
Matrix on 4 elements:

0    0.00000000  1.29185434  1.46369047  0.76982523
1    1.29185434  0.00000000  0.99879153  0.72211075
2    1.46369047  0.99879153  0.00000000  0.87211764
3    0.76982523  0.72211075  0.87211764  0.00000000

--------------------------------------------------------------------------------
n=4
(result of R-step: (1,3:0)0.02571823)
V=[1, 2, 3, 4]
total successes of this branch: 1
Matrix on 4 elements:

1    0.00000000  1.51623377  0.63849078  0.54296484
2    1.51623377  0.00000000  1.30593992  1.60652326
3    0.63849078  1.30593992  0.00000000  0.98911123
4    0.54296484  1.60652326  0.98911123  0.00000000

--------------------------------------------------------------------------------
n=4
(result of R-step: (1,3:2)0.64415131)
V=[0, 1, 3, 4]
total successes of this branch: 0
Matrix on 4 elements:

0    0.00000000  0.99360930  0.70045649  1.64742154
1    0.99360930  0.00000000  0.35449698  0.24471980
3    0.70045649  0.35449698  0.00000000  1.00336246
4    1.64742154  0.24471980  1.00336246  0.00000000
reason of abort: no pseudometric

--------------------------------------------------------------------------------
n=4
(result of R-step: (3,4:0)0.94489086)
V=[1, 2, 3, 4]
total successes of this branch: 0
Matrix on 4 elements:

1    0.00000000  1.81262415  0.94913239  0.34768111
2    1.81262415  0.00000000  1.32019114  1.11484915
3    0.94913239  1.32019114  0.00000000  0.51168835
4    0.34768111  1.11484915  0.51168835  0.00000000
reason of abort: no pseudometric

--------------------------------------------------------------------------------
n=4
(result of R-step: (3,4:1)0.40155086)
V=[0, 2, 3, 4]
total successes of this branch: 0
Matrix on 4 elements:

0    0.00000000  1.98113271  0.66609822  1.55102542
2    1.98113271  0.00000000  1.28583288  1.51012713
3    0.66609822  1.28583288  0.00000000  0.87260807
4    1.55102542  1.51012713  0.87260807  0.00000000
reason of abort: no pseudometric

--------------------------------------------------------------------------------
n=4
(result of R-step: (3,4:2)0.60521644)
V=[0, 1, 3, 4]
total successes of this branch: 1
Matrix on 4 elements:

0    0.00000000  1.58824471  0.68620526  1.53034244
1    1.58824471  0.00000000  0.93488116  0.72227611
3    0.68620526  0.93488116  0.00000000  0.87203213
4    1.53034244  0.72227611  0.87203213  0.00000000
