n=6
V=[0, 1, 2, 3, 4, 5]
total successes of this branch: 2
Matrix on 6 elements:

0    0.00000000  1.42180939  1.12093586  0.92391381  1.28688992  0.90438150
1    1.42180939  0.00000000  1.52187103  1.30653305  1.40818853  1.26804029
2    1.12093586  1.52187103  0.00000000  0.78223859  1.22639057  0.76619208
3    0.92391381  1.30653305  0.78223859  0.00000000  1.03031795  0.06567097
4    1.28688992  1.40818853  1.22639057  1.03031795  0.00000000  1.00905489
5    0.90438150  1.26804029  0.76619208  0.06567097  1.00905489  0.00000000

--------------------------------------------------------------------------------
n=5
(result of R-step: (1,3:5)0.01441986)
V=[0, 1, 2, 3, 4]
total successes of this branch: 2
Matrix on 5 elements:

0    0.00000000  1.17703715  1.12093586  0.88660439  1.28688992
1    1.17703715  0.00000000  1.27709879  1.02445138  1.16341629
2    1.12093586  1.27709879  0.00000000  0.74492917  1.22639057
3    0.88660439  1.02445138  0.74492917  0.00000000  0.99300853
4    1.28688992  1.16341629  1.22639057  0.99300853  0.00000000

--------------------------------------------------------------------------------
n=4
(result of R-step: (0,2:3)0.11998780)
V=[0, 1, 2, 4]
total successes of this branch: 0
Matrix on 4 elements:

0    0.00000000  0.59027589  0.05061780  0.70012866
1    0.59027589  0.00000000  0.79354199  1.16341629
2    0.05061780  0.79354199  0.00000000  0.74283377
4    0.70012866  1.16341629  0.74283377  0.00000000
reason of abort: no pseudometric

--------------------------------------------------------------------------------
n=4
(result of R-step: (1,2:0)0.23701227)
V=[1, 2, 3, 4]
total successes of this branch: 1
Matrix on 4 elements:

1    0.00000000  0.52196974  0.75610785  0.89507276
2    0.52196974  0.00000000  0.25814365  0.73960506
3    0.75610785  0.25814365  0.00000000  0.99300853
4    0.89507276  0.73960506  0.99300853  0.00000000

--------------------------------------------------------------------------------
n=4
(result of R-step: (1,2:4)0.36758105)
V=[0, 1, 2, 3]
total successes of this branch: 1
Matrix on 4 elements:

0    0.00000000  0.89081112  0.63737906  0.88660439
1    0.89081112  0.00000000  0.50731597  0.73822536
2    0.63737906  0.50731597  0.00000000  0.26137237
3    0.88660439  0.73822536  0.26137237  0.00000000

--------------------------------------------------------------------------------
n=4
(result of R-step: (1,3:0)0.22701481)
V=[1, 2, 3, 4]
total successes of this branch: 0
Matrix on 4 elements:

1    0.00000000  0.99087276  0.48023695  0.87719027
2    0.99087276  0.00000000  0.48694075  1.22639057
3    0.48023695  0.48694075  0.00000000  0.73502011
4    0.87719027  1.22639057  0.73502011  0.00000000
reason of abort: no pseudometric

--------------------------------------------------------------------------------
n=4
(result of R-step: (1,3:2)0.00791023)
V=[0, 1, 3, 4]
total successes of this branch: 0
reason of abort: negative delta/dxy

--------------------------------------------------------------------------------
n=4
(result of R-step: (1,3:4)0.33580263)
V=[0, 1, 2, 3]
total successes of this branch: 0
Matrix on 4 elements:

0    0.00000000  0.90869362  1.12093586  0.62596077
1    0.90869362  0.00000000  1.00875526  0.49546424
2    1.12093586  1.00875526  0.00000000  0.48428555
3    0.62596077  0.49546424  0.48428555  0.00000000
reason of abort: no pseudometric

--------------------------------------------------------------------------------
n=4
(result of R-step: (1,4:0)0.04928149)
V=[1, 2, 3, 4]
total successes of this branch: 0
reason of abort: negative delta/dxy

--------------------------------------------------------------------------------
n=4
(result of R-step: (2,4:0)0.33177902)
V=[1, 2, 3, 4]
total successes of this branch: 0
Matrix on 4 elements:

1    0.00000000  0.78651237  1.02445138  0.48692162
2    0.78651237  0.00000000  0.25434275  0.05930948
3    1.02445138  0.25434275  0.00000000  0.31651385
4    0.48692162  0.05930948  0.31651385  0.00000000
reason of abort: no pseudometric

--------------------------------------------------------------------------------
n=4
(result of R-step: (2,4:3)0.93450093)
V=[0, 1, 2, 4]
total successes of this branch: 0
Matrix on 4 elements:

0    0.00000000  1.17703715  0.63415034  0.58346998
1    1.17703715  0.00000000  0.79031327  0.45999635
2    0.63415034  0.79031327  0.00000000  0.03618511
4    0.58346998  0.45999635  0.03618511  0.00000000
reason of abort: no pseudometric

--------------------------------------------------------------------------------
n=4
(result of R-step: (3,4:0)0.34766945)
V=[1, 2, 3, 4]
total successes of this branch: 0
Matrix on 4 elements:

1    0.00000000  1.27709879  0.77004324  0.48912894
2    1.27709879  0.00000000  0.49052102  0.55210321
3    0.77004324  0.49052102  0.00000000  0.06431303
4    0.48912894  0.55210321  0.06431303  0.00000000
reason of abort: no pseudometric
