n=6
V=[0, 1, 2, 3, 4, 5]
total successes of this branch: 5
Matrix on 6 elements:

0    0.00000000  0.41827538  0.55966914  0.95332773  1.34412700  0.60547404
1    0.41827538  0.00000000  0.49447706  1.02351358  1.33777714  0.63722700
2    0.55966914  0.49447706  0.00000000  0.90336820  1.10403904  0.56718586
3    0.95332773  1.02351358  0.90336820  0.00000000  1.53556858  0.52659932
4    1.34412700  1.33777714  1.10403904  1.53556858  0.00000000  1.21891536
5    0.60547404  0.63722700  0.56718586  0.52659932  1.21891536  0.00000000

--------------------------------------------------------------------------------
n=5
(result of R-step: (0,4:2)0.62592401)
V=[0, 1, 3, 4, 5]
total successes of this branch: 0
Matrix on 5 elements:

0    0.00000000  0.15895848  0.69401083  0.37575693  0.34615714
1    0.15895848  0.00000000  1.02351358  0.62872397  0.63722700
3    0.69401083  1.02351358  0.00000000  0.82651541  0.52659932
4    0.37575693  0.62872397  0.82651541  0.00000000  0.50986219
5    0.34615714  0.63722700  0.52659932  0.50986219  0.00000000
reason of abort: no pseudometric

--------------------------------------------------------------------------------
n=5
(result of R-step: (1,3:5)0.09251136)
V=[0, 1, 2, 3, 4]
total successes of this branch: 5
Matrix on 5 elements:

0    0.00000000  0.38176465  0.55966914  0.55097121  1.34412700
1    0.38176465  0.00000000  0.45796633  0.58464632  1.30126641
2    0.55966914  0.45796633  0.00000000  0.50101168  1.10403904
3    0.55097121  0.58464632  0.50101168  0.00000000  1.13321205
4    1.34412700  1.30126641  1.10403904  1.13321205  0.00000000

--------------------------------------------------------------------------------
n=4
(result of R-step: (0,1:4)0.72025762)
V=[0, 1, 2, 3]
total successes of this branch: 0
reason of abort: negative delta/dxy

--------------------------------------------------------------------------------
n=4
(result of R-step: (0,2:1)0.59745258)
V=[0, 2, 3, 4]
total successes of this branch: 1
Matrix on 4 elements:

0    0.00000000  0.38703010  0.46503544  1.25819124
2    0.38703010  0.00000000  0.41430840  1.01733577
3    0.46503544  0.41430840  0.00000000  1.13321205
4    1.25819124  1.01733577  1.13321205  0.00000000

--------------------------------------------------------------------------------
n=4
(result of R-step: (0,3:2)0.23563987)
V=[0, 1, 3, 4]
total successes of this branch: 0
reason of abort: negative delta/dxy

--------------------------------------------------------------------------------
n=4
(result of R-step: (0,4:2)0.62592401)
V=[0, 1, 3, 4]
total successes of this branch: 0
Matrix on 4 elements:

0    0.00000000  0.12244774  0.29165430  0.37575693
1    0.12244774  0.00000000  0.58464632  0.59221323
3    0.29165430  0.58464632  0.00000000  0.42415888
4    0.37575693  0.59221323  0.42415888  0.00000000
reason of abort: no pseudometric

--------------------------------------------------------------------------------
n=4
(result of R-step: (0,4:3)0.30280745)
V=[0, 1, 2, 4]
total successes of this branch: 1
Matrix on 4 elements:

0    0.00000000  0.29582888  0.47373338  0.42313607
1    0.29582888  0.00000000  0.45796633  0.46621123
2    0.47373338  0.45796633  0.00000000  0.26898387
4    0.42313607  0.46621123  0.26898387  0.00000000

--------------------------------------------------------------------------------
n=4
(result of R-step: (1,2:3)0.10095368)
V=[0, 1, 2, 4]
total successes of this branch: 0
reason of abort: negative delta/dxy

--------------------------------------------------------------------------------
n=4
(result of R-step: (1,3:0)0.72125864)
V=[1, 2, 3, 4]
total successes of this branch: 1
Matrix on 4 elements:

1    0.00000000  0.36847330  0.42414534  1.21177338
2    0.36847330  0.00000000  0.43000373  1.10403904
3    0.42414534  0.43000373  0.00000000  1.06220411
4    1.21177338  1.10403904  1.06220411  0.00000000

--------------------------------------------------------------------------------
n=4
(result of R-step: (1,4:2)0.36795246)
V=[0, 1, 3, 4]
total successes of this branch: 1
Matrix on 4 elements:

0    0.00000000  0.29227161  0.55097121  0.50907183
1    0.29227161  0.00000000  0.49515329  0.37671820
3    0.55097121  0.49515329  0.00000000  0.29815688
4    0.50907183  0.37671820  0.29815688  0.00000000

--------------------------------------------------------------------------------
n=4
(result of R-step: (1,4:3)0.60112126)
V=[0, 1, 2, 4]
total successes of this branch: 0
Matrix on 4 elements:

0    0.00000000  0.14865183  0.55966914  0.63507383
1    0.14865183  0.00000000  0.22485351  0.35910042
2    0.55966914  0.22485351  0.00000000  0.39498587
4    0.63507383  0.35910042  0.39498587  0.00000000
reason of abort: no pseudometric

--------------------------------------------------------------------------------
n=4
(result of R-step: (2,3:4)0.56534850)
V=[0, 1, 2, 3]
total successes of this branch: 1
Matrix on 4 elements:

0    0.00000000  0.38176465  0.47296586  0.47996326
1    0.38176465  0.00000000  0.37126305  0.51363837
2    0.47296586  0.37126305  0.00000000  0.34330045
3    0.47996326  0.51363837  0.34330045  0.00000000
