n=6
V=[0, 1, 2, 3, 4, 5]
total successes of this branch: 5
Matrix on 6 elements:

0    0.00000000  1.60333085  1.33474764  1.62385896  1.35468942  1.18167663
1    1.60333085  0.00000000  1.94739863  1.62364683  2.09209774  1.86534597
2    1.33474764  1.94739863  0.00000000  2.03085150  1.11442604  0.47662804
3    1.62385896  1.62364683  2.03085150  0.00000000  2.15918819  1.93948450
4    1.35468942  2.09209774  1.11442604  2.15918819  0.00000000  0.77695943
5    1.18167663  1.86534597  0.47662804  1.93948450  0.77695943  0.00000000

--------------------------------------------------------------------------------
n=5
(result of R-step: (0,1:3)0.13115406)
V=[0, 1, 2, 4, 5]
total successes of this branch: 5
Matrix on 5 elements:

0    0.00000000  0.62878847  1.07929646  1.09923824  0.92622546
1    0.62878847  0.00000000  1.22830742  1.37300654  1.14625477
2    1.07929646  1.22830742  0.00000000  1.11442604  0.47662804
4    1.09923824  1.37300654  1.11442604  0.00000000  0.77695943
5    0.92622546  1.14625477  0.47662804  0.77695943  0.00000000

--------------------------------------------------------------------------------
n=4
(result of R-step: (0,2:1)0.88437887)
V=[0, 2, 4, 5]
total successes of this branch: 1
Matrix on 4 elements:

0    0.00000000  0.94040559  0.96808024  0.79506746
2    0.94040559  0.00000000  1.10669317  0.46889517
4    0.96808024  1.10669317  0.00000000  0.77695943
5    0.79506746  0.46889517  0.77695943  0.00000000

--------------------------------------------------------------------------------
n=4
(result of R-step: (0,2:4)0.14834605)
V=[0, 1, 2, 5]
total successes of this branch: 0
reason of abort: negative delta/dxy

--------------------------------------------------------------------------------
n=4
(result of R-step: (0,5:1)0.55505720)
V=[0, 2, 4, 5]
total successes of this branch: 0
reason of abort: negative delta/dxy

--------------------------------------------------------------------------------
n=4
(result of R-step: (0,5:2)0.30415652)
V=[0, 1, 4, 5]
total successes of this branch: 0
reason of abort: negative delta/dxy

--------------------------------------------------------------------------------
n=4
(result of R-step: (0,5:4)0.36696142)
V=[0, 1, 2, 5]
total successes of this branch: 1
Matrix on 4 elements:

0    0.00000000  0.49763047  0.94813846  0.77893220
1    0.49763047  0.00000000  1.22830742  1.13011951
2    0.94813846  1.22830742  0.00000000  0.46049278
5    0.77893220  1.13011951  0.46049278  0.00000000

--------------------------------------------------------------------------------
n=4
(result of R-step: (1,2:4)0.25031775)
V=[0, 1, 2, 5]
total successes of this branch: 0
Matrix on 4 elements:

0    0.00000000 -0.00930918  0.62960797  0.92622546
1   -0.00930918  0.00000000  0.14052128  0.50815711
2    0.62960797  0.14052128  0.00000000  0.02693955
5    0.92622546  0.50815711  0.02693955  0.00000000
reason of abort: no pseudometric

--------------------------------------------------------------------------------
n=4
(result of R-step: (1,4:0)0.72194805)
V=[1, 2, 4, 5]
total successes of this branch: 1
Matrix on 4 elements:

1    0.00000000  0.97595731  0.71543562  0.89390465
2    0.97595731  0.00000000  0.70920524  0.47662804
4    0.71543562  0.70920524  0.00000000  0.37173863
5    0.89390465  0.47662804  0.37173863  0.00000000

--------------------------------------------------------------------------------
n=4
(result of R-step: (1,5:2)0.20637816)
V=[0, 1, 4, 5]
total successes of this branch: 1
Matrix on 4 elements:

0    0.00000000  0.37643835  1.09923824  0.91009020
1    0.37643835  0.00000000  1.12065643  0.87776939
4    1.09923824  1.12065643  0.00000000  0.76082417
5    0.91009020  0.87776939  0.76082417  0.00000000

--------------------------------------------------------------------------------
n=4
(result of R-step: (1,5:4)0.44302541)
V=[0, 1, 2, 5]
total successes of this branch: 0
reason of abort: negative delta/dxy

--------------------------------------------------------------------------------
n=4
(result of R-step: (2,4:5)0.43074813)
V=[0, 1, 2, 4]
total successes of this branch: 1
Matrix on 4 elements:

0    0.00000000  0.62878847  1.07156359  0.69401744
1    0.62878847  0.00000000  1.22057456  0.96778574
2    1.07156359  1.22057456  0.00000000  0.70147237
4    0.69401744  0.96778574  0.70147237  0.00000000
