n=6
V=[0, 1, 2, 3, 4, 5]
total successes of this branch: 5
Matrix on 6 elements:

0    0.00000000  2.22939318  1.87659565  2.11192099  2.00041279  2.03791986
1    2.22939318  0.00000000  1.38430700  1.48150765  1.40128002  1.18676106
2    1.87659565  1.38430700  0.00000000  0.91361063  0.72761324  0.84322458
3    2.11192099  1.48150765  0.91361063  0.00000000  0.52112426  0.69219203
4    2.00041279  1.40128002  0.72761324  0.52112426  0.00000000  0.34600519
5    2.03791986  1.18676106  0.84322458  0.69219203  0.34600519  0.00000000

--------------------------------------------------------------------------------
n=5
(result of R-step: (0,3:2)0.41521519)
V=[0, 1, 3, 4, 5]
total successes of this branch: 0
Matrix on 5 elements:

0    0.00000000  0.96581896  0.46834115  0.73683857  0.77434564
1    0.96581896  0.00000000  1.10150203  1.40128002  1.18676106
3    0.46834115  1.10150203  0.00000000  0.14111863  0.31218640
4    0.73683857  1.40128002  0.14111863  0.00000000  0.34600519
5    0.77434564  1.18676106  0.31218640  0.34600519  0.00000000
reason of abort: no pseudometric

--------------------------------------------------------------------------------
n=5
(result of R-step: (1,4:5)0.18260890)
V=[0, 1, 2, 3, 4]
total successes of this branch: 5
Matrix on 5 elements:

0    0.00000000  2.10433350  1.87659565  2.11192099  1.94265233
1    2.10433350  0.00000000  1.25924732  1.35644797  1.21845988
2    1.87659565  1.25924732  0.00000000  0.91361063  0.66985278
3    2.11192099  1.35644797  0.91361063  0.00000000  0.46336380
4    1.94265233  1.21845988  0.66985278  0.46336380  0.00000000

--------------------------------------------------------------------------------
n=4
(result of R-step: (0,3:1)0.79305949)
V=[0, 2, 3, 4]
total successes of this branch: 1
Matrix on 4 elements:

0    0.00000000  0.56183980  0.55642758  0.62789648
2    0.56183980  0.00000000  0.67287306  0.66985278
3    0.55642758  0.67287306  0.00000000  0.22262624
4    0.62789648  0.66985278  0.22262624  0.00000000

--------------------------------------------------------------------------------
n=4
(result of R-step: (0,3:2)0.41521519)
V=[0, 1, 3, 4]
total successes of this branch: 0
Matrix on 4 elements:

0    0.00000000  0.84075928  0.46834115  0.67907811
1    0.84075928  0.00000000  0.97644234  1.21845988
3    0.46834115  0.97644234  0.00000000  0.08335817
4    0.67907811  1.21845988  0.08335817  0.00000000
reason of abort: no pseudometric

--------------------------------------------------------------------------------
n=4
(result of R-step: (0,4:1)0.68736937)
V=[0, 2, 3, 4]
total successes of this branch: 0
Matrix on 4 elements:

0    0.00000000  0.61302143  0.84834677  0.48200253
2    0.61302143  0.00000000  0.91361063  0.47277720
3    0.84834677  0.91361063  0.00000000  0.26628822
4    0.48200253  0.47277720  0.26628822  0.00000000
reason of abort: no pseudometric

--------------------------------------------------------------------------------
n=4
(result of R-step: (0,4:2)0.53686667)
V=[0, 1, 3, 4]
total successes of this branch: 1
Matrix on 4 elements:

0    0.00000000  0.78957764  0.79716514  0.56126763
1    0.78957764  0.00000000  1.35644797  1.15183104
3    0.79716514  1.35644797  0.00000000  0.39673495
4    0.56126763  1.15183104  0.39673495  0.00000000

--------------------------------------------------------------------------------
n=4
(result of R-step: (0,4:3)0.32963506)
V=[0, 1, 2, 4]
total successes of this branch: 0
reason of abort: negative delta/dxy

--------------------------------------------------------------------------------
n=4
(result of R-step: (1,2:0)0.70425784)
V=[1, 2, 3, 4]
total successes of this branch: 1
Matrix on 4 elements:

1    0.00000000  0.48429975  0.75618324  0.61819516
2    0.48429975  0.00000000  0.73892778  0.49516994
3    0.75618324  0.73892778  0.00000000  0.46336380
4    0.61819516  0.49516994  0.46336380  0.00000000

--------------------------------------------------------------------------------
n=4
(result of R-step: (1,3:2)0.57928915)
V=[0, 1, 3, 4]
total successes of this branch: 0
Matrix on 4 elements:

0    0.00000000  1.31068414  1.68554143  1.94265233
1    1.31068414  0.00000000  0.13641904  0.42481052
3    1.68554143  0.13641904  0.00000000  0.03698423
4    1.94265233  0.42481052  0.03698423  0.00000000
reason of abort: no pseudometric

--------------------------------------------------------------------------------
n=4
(result of R-step: (1,4:2)0.70590837)
V=[0, 1, 3, 4]
total successes of this branch: 0
reason of abort: negative delta/dxy

--------------------------------------------------------------------------------
n=4
(result of R-step: (1,4:3)0.17415677)
V=[0, 1, 2, 4]
total successes of this branch: 1
Matrix on 4 elements:

0    0.00000000  1.50406877  1.87659565  1.87602348
1    1.50406877  0.00000000  0.65898259  0.55156631
2    1.87659565  0.65898259  0.00000000  0.60322394
4    1.87602348  0.55156631  0.60322394  0.00000000

--------------------------------------------------------------------------------
n=4
(result of R-step: (2,3:4)0.22646622)
V=[0, 1, 2, 3]
total successes of this branch: 1
Matrix on 4 elements:

0    0.00000000  2.10433350  1.70191281  1.87118343
1    2.10433350  0.00000000  1.08456448  1.11571041
2    1.70191281  1.08456448  0.00000000  0.49819022
3    1.87118343  1.11571041  0.49819022  0.00000000
