n=6
V=[0, 1, 2, 3, 4, 5]
total successes of this branch: 5
Matrix on 6 elements:

0    0.00000000  1.22530539  1.45448432  1.10572104  1.50594533  1.12535147
1    1.22530539  0.00000000  1.04990714  0.97044100  1.03457168  1.04092240
2    1.45448432  1.04990714  0.00000000  1.43887363  1.67340910  0.39754387
3    1.10572104  0.97044100  1.43887363  0.00000000  1.03966537  1.28622303
4    1.50594533  1.03457168  1.67340910  1.03966537  0.00000000  1.56756568
5    1.12535147  1.04092240  0.39754387  1.28622303  1.56756568  0.00000000

--------------------------------------------------------------------------------
n=5
(result of R-step: (0,2:5)0.28250050)
V=[0, 1, 2, 3, 4]
total successes of this branch: 5
Matrix on 5 elements:

0    0.00000000  0.97699694  1.17468724  0.85741259  1.25763688
1    0.97699694  0.00000000  1.01841851  0.97044100  1.03457168
2    1.17468724  1.01841851  0.00000000  1.40738499  1.64192047
3    0.85741259  0.97044100  1.40738499  0.00000000  1.03966537
4    1.25763688  1.03457168  1.64192047  1.03966537  0.00000000

--------------------------------------------------------------------------------
n=4
(result of R-step: (0,1:2)0.50701586)
V=[0, 1, 3, 4]
total successes of this branch: 1
Matrix on 4 elements:

0    0.00000000  0.75173124  0.66137133  1.06159562
1    0.75173124  0.00000000  0.94121655  1.00534724
3    0.66137133  0.94121655  0.00000000  1.03966537
4    1.06159562  1.00534724  1.03966537  0.00000000

--------------------------------------------------------------------------------
n=4
(result of R-step: (0,2:4)0.75483664)
V=[0, 1, 2, 3]
total successes of this branch: 0
reason of abort: negative delta/dxy

--------------------------------------------------------------------------------
n=4
(result of R-step: (0,3:1)0.85178384)
V=[0, 2, 3, 4]
total successes of this branch: 0
reason of abort: negative delta/dxy

--------------------------------------------------------------------------------
n=4
(result of R-step: (0,4:3)0.41596792)
V=[0, 1, 2, 4]
total successes of this branch: 1
Matrix on 4 elements:

0    0.00000000  0.78095568  0.97864598  0.58498635
1    0.78095568  0.00000000  1.01841851  0.55796241
2    0.97864598  1.01841851  0.00000000  1.16531120
4    0.58498635  0.55796241  1.16531120  0.00000000

--------------------------------------------------------------------------------
n=4
(result of R-step: (1,2:3)0.69565373)
V=[0, 1, 2, 4]
total successes of this branch: 0
reason of abort: negative delta/dxy

--------------------------------------------------------------------------------
n=4
(result of R-step: (1,3:4)0.32580581)
V=[0, 1, 2, 3]
total successes of this branch: 1
Matrix on 4 elements:

0    0.00000000  0.94777249  1.17468724  0.58877557
1    0.94777249  0.00000000  0.98919407  0.67257953
2    1.17468724  0.98919407  0.00000000  1.13874797
3    0.58877557  0.67257953  1.13874797  0.00000000

--------------------------------------------------------------------------------
n=4
(result of R-step: (1,4:0)0.51414753)
V=[1, 2, 3, 4]
total successes of this branch: 0
reason of abort: negative delta/dxy

--------------------------------------------------------------------------------
n=4
(result of R-step: (2,3:0)0.38142544)
V=[1, 2, 3, 4]
total successes of this branch: 1
Matrix on 4 elements:

1    0.00000000  0.60436827  0.70180398  1.03457168
2    0.60436827  0.00000000  0.72469773  1.22787023
3    0.70180398  0.72469773  0.00000000  0.77102835
4    1.03457168  1.22787023  0.77102835  0.00000000

--------------------------------------------------------------------------------
n=4
(result of R-step: (2,4:1)0.46911469)
V=[0, 2, 3, 4]
total successes of this branch: 1
Matrix on 4 elements:

0    0.00000000  0.76063700  0.85741259  0.78102761
2    0.76063700  0.00000000  0.99333475  0.75126096
3    0.85741259  0.99333475  0.00000000  0.56305610
4    0.78102761  0.75126096  0.56305610  0.00000000

--------------------------------------------------------------------------------
n=4
(result of R-step: (3,4:2)0.19874364)
V=[0, 1, 3, 4]
total successes of this branch: 0
reason of abort: negative delta/dxy
