n=6
V=[0, 1, 2, 3, 4, 5]
total successes of this branch: 1
Matrix on 6 elements:

0    0.00000000  1.23041945  1.09865991  0.98634997  1.08247654  0.54076553
1    1.23041945  0.00000000  0.79381122  0.75375365  0.40887814  1.03308893
2    1.09865991  0.79381122  0.00000000  0.89704504  0.84033101  1.01519521
3    0.98634997  0.75375365  0.89704504  0.00000000  0.78924776  0.67157623
4    1.08247654  0.40887814  0.84033101  0.78924776  0.00000000  0.96108543
5    0.54076553  1.03308893  1.01519521  0.67157623  0.96108543  0.00000000

--------------------------------------------------------------------------------
n=5
(result of R-step: (0,3:5)0.58601913)
V=[0, 1, 2, 3, 4]
total successes of this branch: 1
Matrix on 5 elements:

0    0.00000000  1.11742356  0.98566402  0.76035819  0.96948065
1    1.11742356  0.00000000  0.79381122  0.64075775  0.40887814
2    0.98566402  0.79381122  0.00000000  0.78404915  0.84033101
3    0.76035819  0.64075775  0.78404915  0.00000000  0.67625186
4    0.96948065  0.40887814  0.84033101  0.67625186  0.00000000

--------------------------------------------------------------------------------
n=4
(result of R-step: (0,1:4)0.15259961)
V=[0, 1, 2, 3]
total successes of this branch: 1
Matrix on 4 elements:

0    0.00000000  0.96948422  0.96819230  0.74288647
1    0.96948422  0.00000000  0.66334360  0.51029014
2    0.96819230  0.66334360  0.00000000  0.78404915
3    0.74288647  0.51029014  0.78404915  0.00000000

--------------------------------------------------------------------------------
n=4
(result of R-step: (1,2:4)0.33307982)
V=[0, 1, 2, 3]
total successes of this branch: 0
reason of abort: negative delta/dxy

--------------------------------------------------------------------------------
n=4
(result of R-step: (1,3:4)0.44007817)
V=[0, 1, 2, 3]
total successes of this branch: 0
reason of abort: negative delta/dxy
