n=6
V=[0, 1, 2, 3, 4, 5]
total successes of this branch: 1
Matrix on 6 elements:

0    0.00000000  1.43021185  1.42836164  1.42839482  1.42961457  0.30430832
1    1.43021185  0.00000000  1.42821974  1.42254869  0.78547689  1.24397785
2    1.42836164  1.42821974  0.00000000  1.42824694  1.12181726  1.42834150
3    1.42839482  1.42254869  1.42824694  0.00000000  1.42438819  1.42756506
4    1.42961457  0.78547689  1.12181726  1.42438819  0.00000000  1.33819096
5    0.30430832  1.24397785  1.42834150  1.42756506  1.33819096  0.00000000

--------------------------------------------------------------------------------
n=5
(result of R-step: (0,1:5)0.85806823)
V=[0, 1, 2, 3, 4]
total successes of this branch: 1
Matrix on 5 elements:

0    0.00000000  1.31213754  1.36932448  1.36935766  1.37057741
1    1.31213754  0.00000000  1.36918258  1.36351153  0.72643973
2    1.36932448  1.36918258  0.00000000  1.42824694  1.12181726
3    1.36935766  1.36351153  1.42824694  0.00000000  1.42438819
4    1.37057741  0.72643973  1.12181726  1.42438819  0.00000000

--------------------------------------------------------------------------------
n=4
(result of R-step: (1,2:4)0.67718065)
V=[0, 1, 2, 3]
total successes of this branch: 1
Matrix on 4 elements:

0    0.00000000  1.13163749  1.12978728  1.36935766
1    1.13163749  0.00000000  0.94914532  1.18301148
2    1.12978728  0.94914532  0.00000000  1.18870973
3    1.36935766  1.18301148  1.18870973  0.00000000

--------------------------------------------------------------------------------
n=4
(result of R-step: (3,4:1)0.99400541)
V=[0, 2, 3, 4]
total successes of this branch: 0
reason of abort: negative delta/dxy
