n=6
V=[0, 1, 2, 3, 4, 5]
total successes of this branch: 1
Matrix on 6 elements:

0    0.00000000  1.89361055  1.53119391  1.87946513  1.54447796  1.35094114
1    1.89361055  0.00000000  0.87014305  0.51663556  0.85124246  0.98959352
2    1.53119391  0.87014305  0.00000000  0.85578496  0.37339610  0.52706787
3    1.87946513  0.51663556  0.85578496  0.00000000  0.84335374  0.98087437
4    1.54447796  0.85124246  0.37339610  0.84335374  0.00000000  0.27986468
5    1.35094114  0.98959352  0.52706787  0.98087437  0.27986468  0.00000000

--------------------------------------------------------------------------------
n=5
(result of R-step: (0,4:5)0.13272764)
V=[0, 1, 2, 3, 4]
total successes of this branch: 1
Matrix on 5 elements:

0    0.00000000  1.85044662  1.48802998  1.83630121  1.45815011
1    1.85044662  0.00000000  0.87014305  0.51663556  0.80807853
2    1.48802998  0.87014305  0.00000000  0.85578496  0.33023217
3    1.83630121  0.51663556  0.85578496  0.00000000  0.80018982
4    1.45815011  0.80807853  0.33023217  0.80018982  0.00000000

--------------------------------------------------------------------------------
n=4
(result of R-step: (1,2:0)0.18041916)
V=[1, 2, 3, 4]
total successes of this branch: 0
Matrix on 4 elements:

1    0.00000000  0.42872210  0.25172813  0.54317110
2    0.42872210  0.00000000  0.67927144  0.15371865
3    0.25172813  0.67927144  0.00000000  0.80018982
4    0.54317110  0.15371865  0.80018982  0.00000000
reason of abort: no pseudometric

--------------------------------------------------------------------------------
n=4
(result of R-step: (1,2:4)0.03665410)
V=[0, 1, 2, 3]
total successes of this branch: 1
Matrix on 4 elements:

0    0.00000000  1.67319887  1.31078223  1.83630121
1    1.67319887  0.00000000  0.51564755  0.33938781
2    1.31078223  0.51564755  0.00000000  0.67853721
3    1.83630121  0.33938781  0.67853721  0.00000000

--------------------------------------------------------------------------------
n=4
(result of R-step: (1,4:0)0.14777361)
V=[1, 2, 3, 4]
total successes of this branch: 0
Matrix on 4 elements:

1    0.00000000  0.58671102  0.23320353  0.37167999
2    0.58671102  0.00000000  0.85578496  0.17726566
3    0.23320353  0.85578496  0.00000000  0.64722330
4    0.37167999  0.17726566  0.64722330  0.00000000
reason of abort: no pseudometric

--------------------------------------------------------------------------------
n=4
(result of R-step: (2,3:0)0.82073999)
V=[1, 2, 3, 4]
total successes of this branch: 0
Matrix on 4 elements:

1    0.00000000  0.69289530  0.26490362  0.80807853
2    0.69289530  0.00000000  0.42680527  0.15298442
3    0.26490362  0.42680527  0.00000000  0.54845788
4    0.80807853  0.15298442  0.54845788  0.00000000
reason of abort: no pseudometric

--------------------------------------------------------------------------------
n=4
(result of R-step: (2,3:4)0.95413846)
V=[0, 1, 2, 3]
total successes of this branch: 0
Matrix on 4 elements:

0    0.00000000  1.85044662  1.31151646  1.51463082
1    1.85044662  0.00000000  0.69362953  0.19496517
2    1.31151646  0.69362953  0.00000000  0.35760105
3    1.51463082  0.19496517  0.35760105  0.00000000
reason of abort: no pseudometric

--------------------------------------------------------------------------------
n=4
(result of R-step: (2,4:0)0.96712563)
V=[1, 2, 3, 4]
total successes of this branch: 0
reason of abort: negative delta/dxy

--------------------------------------------------------------------------------
n=4
(result of R-step: (3,4:0)0.14128557)
V=[1, 2, 3, 4]
total successes of this branch: 0
Matrix on 4 elements:

1    0.00000000  0.87014305  0.28440418  0.65578689
2    0.87014305  0.00000000  0.62355359  0.17794054
3    0.28440418  0.62355359  0.00000000  0.41566681
4    0.65578689  0.17794054  0.41566681  0.00000000
reason of abort: no pseudometric
