n=6
V=[0, 1, 2, 3, 4, 5]
total successes of this branch: 1
Matrix on 6 elements:

0    0.00000000  1.65169928  1.33033868  1.50304720  1.56159525  1.62477303
1    1.65169928  0.00000000  1.61834223  1.09405253  0.81124623  0.45638090
2    1.33033868  1.61834223  0.00000000  1.16708046  1.34481423  1.53660247
3    1.50304720  1.09405253  1.16708046  0.00000000  0.65882045  0.96398992
4    1.56159525  0.81124623  1.34481423  0.65882045  0.00000000  0.66000335
5    1.62477303  0.45638090  1.53660247  0.96398992  0.66000335  0.00000000

--------------------------------------------------------------------------------
n=5
(result of R-step: (0,3:2)0.46853360)
V=[0, 1, 3, 4, 5]
total successes of this branch: 1
Matrix on 5 elements:

0    0.00000000  1.36516045  1.02850130  1.27505642  1.33823421
1    1.36516045  0.00000000  0.90604546  0.81124623  0.45638090
3    1.02850130  0.90604546  0.00000000  0.47081338  0.77598285
4    1.27505642  0.81124623  0.47081338  0.00000000  0.66000335
5    1.33823421  0.45638090  0.77598285  0.66000335  0.00000000

--------------------------------------------------------------------------------
n=4
(result of R-step: (0,4:3)0.17037359)
V=[0, 1, 4, 5]
total successes of this branch: 0
reason of abort: negative delta/dxy

--------------------------------------------------------------------------------
n=4
(result of R-step: (1,4:5)0.70116494)
V=[0, 1, 3, 4]
total successes of this branch: 1
Matrix on 4 elements:

0    0.00000000  1.21259144  1.02850130  1.12248741
1    1.21259144  0.00000000  0.75347644  0.50610820
3    1.02850130  0.75347644  0.00000000  0.31824436
4    1.12248741  0.50610820  0.31824436  0.00000000

--------------------------------------------------------------------------------
n=4
(result of R-step: (1,5:3)0.96964445)
V=[0, 1, 4, 5]
total successes of this branch: 0
reason of abort: negative delta/dxy
