n=6
V=[0, 1, 2, 3, 4, 5]
total successes of this branch: 1
Matrix on 6 elements:

0    0.00000000  3.30809737  3.23409821  2.83294776  2.08327600  3.19540023
1    3.30809737  0.00000000  3.29409090  2.62942270  2.78804453  1.18271222
2    3.23409821  3.29409090  0.00000000  3.26938566  3.25197880  3.29107001
3    2.83294776  2.62942270  3.26938566  0.00000000  2.77228793  2.63967107
4    2.08327600  2.78804453  3.25197880  2.77228793  0.00000000  2.75255638
5    3.19540023  1.18271222  3.29107001  2.63967107  2.75255638  0.00000000

--------------------------------------------------------------------------------
n=5
(result of R-step: (0,1:5)0.05035433)
V=[0, 1, 2, 3, 4]
total successes of this branch: 1
Matrix on 5 elements:

0    0.00000000  2.23808228  2.69909067  2.29794022  1.54826846
1    2.23808228  0.00000000  2.75908336  2.09441516  2.25303698
2    2.69909067  2.75908336  0.00000000  3.26938566  3.25197880
3    2.29794022  2.09441516  3.26938566  0.00000000  2.77228793
4    1.54826846  2.25303698  3.25197880  2.77228793  0.00000000

--------------------------------------------------------------------------------
n=4
(result of R-step: (0,1:4)0.70195396)
V=[0, 1, 2, 3]
total successes of this branch: 1
Matrix on 4 elements:

0    0.00000000  1.74487421  2.45248663  2.05133618
1    1.74487421  0.00000000  2.51247932  1.84781112
2    2.45248663  2.51247932  0.00000000  3.26938566
3    2.05133618  1.84781112  3.26938566  0.00000000

--------------------------------------------------------------------------------
n=4
(result of R-step: (0,3:1)0.01368870)
V=[0, 2, 3, 4]
total successes of this branch: 0
reason of abort: negative delta/dxy

--------------------------------------------------------------------------------
n=4
(result of R-step: (0,3:4)0.24655187)
V=[0, 1, 2, 3]
total successes of this branch: 0
reason of abort: negative delta/dxy
