n=6
V=[0, 1, 2, 3, 4, 5]
total successes of this branch: 2
Matrix on 6 elements:

0    0.00000000  1.74284252  1.58016755  1.62877677  1.37577957  1.52647952
1    1.74284252  0.00000000  1.51139445  1.45632159  1.60910757  1.08700581
2    1.58016755  1.51139445  0.00000000  1.38216118  1.30043220  1.38704405
3    1.62877677  1.45632159  1.38216118  0.00000000  1.48627775  1.47397907
4    1.37577957  1.60910757  1.30043220  1.48627775  0.00000000  0.85951540
5    1.52647952  1.08700581  1.38704405  1.47397907  0.85951540  0.00000000

--------------------------------------------------------------------------------
n=5
(result of R-step: (1,4:5)0.41055615)
V=[0, 1, 2, 3, 4]
total successes of this branch: 2
Matrix on 5 elements:

0    0.00000000  1.57413570  1.58016755  1.62877677  1.20707275
1    1.57413570  0.00000000  1.34268763  1.28761477  1.27169394
2    1.58016755  1.34268763  0.00000000  1.38216118  1.13172538
3    1.62877677  1.28761477  1.38216118  0.00000000  1.31757094
4    1.20707275  1.27169394  1.13172538  1.31757094  0.00000000

--------------------------------------------------------------------------------
n=4
(result of R-step: (0,2:4)0.42218164)
V=[0, 1, 2, 3]
total successes of this branch: 1
Matrix on 4 elements:

0    0.00000000  1.02611359  0.48412334  1.08075466
1    1.02611359  0.00000000  0.79466553  1.28761477
2    0.48412334  0.79466553  0.00000000  0.83413908
3    1.08075466  1.28761477  0.83413908  0.00000000

--------------------------------------------------------------------------------
n=4
(result of R-step: (0,3:1)0.02075641)
V=[0, 2, 3, 4]
total successes of this branch: 1
Matrix on 4 elements:

0    0.00000000  1.03214544  0.41830934  0.65905064
2    1.03214544  0.00000000  0.71971587  1.13172538
3    0.41830934  0.71971587  0.00000000  0.65512562
4    0.65905064  1.13172538  0.65512562  0.00000000

--------------------------------------------------------------------------------
n=4
(result of R-step: (3,4:1)0.91143996)
V=[0, 2, 3, 4]
total successes of this branch: 0
Matrix on 4 elements:

0    0.00000000  1.58016755  0.97693702  0.70965833
2    1.58016755  0.00000000  0.73032144  0.63431096
3    0.97693702  0.73032144  0.00000000  0.16831677
4    0.70965833  0.63431096  0.16831677  0.00000000
reason of abort: no pseudometric
