n=6
V=[0, 1, 2, 3, 4, 5]
total successes of this branch: 1
Matrix on 6 elements:

0    0.00000000  0.75923926  0.75734810  0.75841327  0.72500635  0.46795346
1    0.75923926  0.00000000  0.73095864  0.70229980  0.70745569  0.74487436
2    0.75734810  0.73095864  0.00000000  0.70873487  0.71313682  0.45861229
3    0.75841327  0.70229980  0.70873487  0.00000000  0.42288869  0.73317955
4    0.72500635  0.70745569  0.71313682  0.42288869  0.00000000  0.71897732
5    0.46795346  0.74487436  0.45861229  0.73317955  0.71897732  0.00000000

--------------------------------------------------------------------------------
n=5
(result of R-step: (0,2:5)0.49205859)
V=[0, 1, 2, 3, 4]
total successes of this branch: 1
Matrix on 5 elements:

0    0.00000000  0.67463044  0.58813046  0.67380445  0.64039753
1    0.67463044  0.00000000  0.64634982  0.70229980  0.70745569
2    0.58813046  0.64634982  0.00000000  0.62412605  0.62852800
3    0.67380445  0.70229980  0.62412605  0.00000000  0.42288869
4    0.64039753  0.70745569  0.62852800  0.42288869  0.00000000

--------------------------------------------------------------------------------
n=4
(result of R-step: (0,3:4)0.09055046)
V=[0, 1, 2, 3]
total successes of this branch: 1
Matrix on 4 elements:

0    0.00000000  0.56449838  0.47799839  0.36893149
1    0.56449838  0.00000000  0.64634982  0.50755891
2    0.47799839  0.64634982  0.00000000  0.42938516
3    0.36893149  0.50755891  0.42938516  0.00000000

--------------------------------------------------------------------------------
n=4
(result of R-step: (1,3:0)0.96630824)
V=[1, 2, 3, 4]
total successes of this branch: 0
reason of abort: negative delta/dxy

--------------------------------------------------------------------------------
n=4
(result of R-step: (2,3:0)0.93726390)
V=[1, 2, 3, 4]
total successes of this branch: 0
reason of abort: negative delta/dxy
