n=6
V=[0, 1, 2, 3, 4, 5]
total successes of this branch: 1
Matrix on 6 elements:

0    0.00000000  0.89178836  0.88455276  0.88808322  0.86268305  0.88872005
1    0.89178836  0.00000000  0.81039386  0.63530157  0.51881968  0.54534580
2    0.88455276  0.81039386  0.00000000  0.81144988  0.81576207  0.81126838
3    0.88808322  0.63530157  0.81144988  0.00000000  0.65359991  0.20188780
4    0.86268305  0.51881968  0.81576207  0.65359991  0.00000000  0.63043414
5    0.88872005  0.54534580  0.81126838  0.20188780  0.63043414  0.00000000

--------------------------------------------------------------------------------
n=5
(result of R-step: (1,3:5)0.17187810)
V=[0, 1, 2, 3, 4]
total successes of this branch: 1
Matrix on 5 elements:

0    0.00000000  0.83582234  0.88455276  0.83211720  0.86268305
1    0.83582234  0.00000000  0.75442784  0.52336953  0.46285366
2    0.88455276  0.75442784  0.00000000  0.75548386  0.81576207
3    0.83211720  0.52336953  0.75548386  0.00000000  0.59763389
4    0.86268305  0.46285366  0.81576207  0.59763389  0.00000000

--------------------------------------------------------------------------------
n=4
(result of R-step: (0,1:4)0.07238795)
V=[0, 1, 2, 3]
total successes of this branch: 1
Matrix on 4 elements:

0    0.00000000  0.40207400  0.63969558  0.58726002
1    0.40207400  0.00000000  0.56553667  0.33447837
2    0.63969558  0.56553667  0.00000000  0.75548386
3    0.58726002  0.33447837  0.75548386  0.00000000

--------------------------------------------------------------------------------
n=4
(result of R-step: (1,2:0)0.24597522)
V=[1, 2, 3, 4]
total successes of this branch: 0
Matrix on 4 elements:

1    0.00000000  0.10876805  0.25253462  0.19201875
2    0.10876805  0.00000000  0.38065898  0.44093718
3    0.25253462  0.38065898  0.00000000  0.59763389
4    0.19201875  0.44093718  0.59763389  0.00000000
reason of abort: no pseudometric

--------------------------------------------------------------------------------
n=4
(result of R-step: (1,2:4)0.74150592)
V=[0, 1, 2, 3]
total successes of this branch: 0
Matrix on 4 elements:

0    0.00000000  0.66483629  0.41629218  0.83211720
1    0.66483629  0.00000000  0.11518120  0.35238347
2    0.41629218  0.11518120  0.00000000  0.28722328
3    0.83211720  0.35238347  0.28722328  0.00000000
reason of abort: no pseudometric
