n=6
V=[0, 1, 2, 3, 4, 5]
total successes of this branch: 2
Matrix on 6 elements:

0    0.00000000  3.07530135  3.05580130  3.06216621  3.05898175  3.06758049
1    3.07530135  0.00000000  3.06380342  2.66235605  2.86320576  1.77596686
2    3.05580130  3.06380342  0.00000000  2.23534367  1.88330131  2.21966978
3    3.06216621  2.66235605  2.23534367  0.00000000  1.88374310  2.49328449
4    3.05898175  2.86320576  1.88330131  1.88374310  0.00000000  2.47522177
5    3.06758049  1.77596686  2.21966978  2.49328449  2.47522177  0.00000000

--------------------------------------------------------------------------------
n=5
(result of R-step: (0,4:3)0.57568674)
V=[0, 1, 2, 4, 5]
total successes of this branch: 0
Matrix on 5 elements:

0    0.00000000  1.26255331  1.24305326  0.72105781  1.25483245
1    1.26255331  0.00000000  3.06380342  2.33802985  1.77596686
2    1.24305326  3.06380342  0.00000000  1.35812540  2.21966978
4    0.72105781  2.33802985  1.35812540  0.00000000  1.95004586
5    1.25483245  1.77596686  2.21966978  1.95004586  0.00000000
reason of abort: no pseudometric

--------------------------------------------------------------------------------
n=5
(result of R-step: (1,2:5)0.60405936)
V=[0, 1, 2, 3, 4]
total successes of this branch: 2
Matrix on 5 elements:

0    0.00000000  2.60938474  2.58988469  3.06216621  3.05898175
1    2.60938474  0.00000000  2.13197020  2.19643944  2.39728915
2    2.58988469  2.13197020  0.00000000  1.76942706  1.41738470
3    3.06216621  2.19643944  1.76942706  0.00000000  1.88374310
4    3.05898175  2.39728915  1.41738470  1.88374310  0.00000000

--------------------------------------------------------------------------------
n=4
(result of R-step: (0,2:3)0.34521148)
V=[0, 1, 2, 4]
total successes of this branch: 0
reason of abort: negative delta/dxy

--------------------------------------------------------------------------------
n=4
(result of R-step: (0,3:1)0.42562285)
V=[0, 2, 3, 4]
total successes of this branch: 1
Matrix on 4 elements:

0    0.00000000  1.60637450  1.31280564  2.07547156
2    1.60637450  0.00000000  1.00357670  1.41738470
3    1.31280564  1.00357670  0.00000000  1.11789273
4    2.07547156  1.41738470  1.11789273  0.00000000

--------------------------------------------------------------------------------
n=4
(result of R-step: (0,4:3)0.57568674)
V=[0, 1, 2, 4]
total successes of this branch: 0
Matrix on 4 elements:

0    0.00000000  0.79663670  0.77713665  0.72105781
1    0.79663670  0.00000000  2.13197020  1.87211325
2    0.77713665  2.13197020  0.00000000  0.89220879
4    0.72105781  1.87211325  0.89220879  0.00000000
reason of abort: no pseudometric

--------------------------------------------------------------------------------
n=4
(result of R-step: (1,4:3)0.29965912)
V=[0, 1, 2, 4]
total successes of this branch: 1
Matrix on 4 elements:

0    0.00000000  1.97598244  2.58988469  2.32543665
1    1.97598244  0.00000000  1.49856791  1.03034175
2    2.58988469  1.49856791  0.00000000  0.68383960
4    2.32543665  1.03034175  0.68383960  0.00000000
