n=6
V=[0, 1, 2, 3, 4, 5]
total successes of this branch: 1
Matrix on 6 elements:

0    0.00000000  1.01609954  0.58808262  0.70502876  0.98322627  0.39929077
1    1.01609954  0.00000000  0.70442189  0.54306610  0.17704865  0.81409828
2    0.58808262  0.70442189  0.00000000  0.65826763  0.69954441  0.24036702
3    0.70502876  0.54306610  0.65826763  0.00000000  0.49981556  0.67472243
4    0.98322627  0.17704865  0.69954441  0.49981556  0.00000000  0.79936935
5    0.39929077  0.81409828  0.24036702  0.67472243  0.79936935  0.00000000

--------------------------------------------------------------------------------
n=5
(result of R-step: (1,3:4)0.89432220)
V=[0, 1, 2, 3, 5]
total successes of this branch: 1
Matrix on 5 elements:

0    0.00000000  0.94920049  0.58808262  0.63812971  0.39929077
1    0.94920049  0.00000000  0.63752284  0.40926799  0.74719922
2    0.58808262  0.63752284  0.00000000  0.59136858  0.24036702
3    0.63812971  0.40926799  0.59136858  0.00000000  0.60782337
5    0.39929077  0.74719922  0.24036702  0.60782337  0.00000000

--------------------------------------------------------------------------------
n=4
(result of R-step: (0,1:3)0.31233338)
V=[0, 1, 2, 5]
total successes of this branch: 1
Matrix on 4 elements:

0    0.00000000  0.81906479  0.56229503  0.37350318
1    0.81906479  0.00000000  0.53317473  0.64285112
2    0.56229503  0.53317473  0.00000000  0.24036702
5    0.37350318  0.64285112  0.24036702  0.00000000

--------------------------------------------------------------------------------
n=4
(result of R-step: (2,3:1)0.54092601)
V=[0, 2, 3, 5]
total successes of this branch: 0
reason of abort: negative delta/dxy
