n=6
V=[0, 1, 2, 3, 4, 5]
total successes of this branch: 2
Matrix on 6 elements:

0    0.00000000  1.92424798  1.62444038  1.79708721  1.55876350  1.59146543
1    1.92424798  0.00000000  1.77009156  1.58465181  1.78254680  1.77634507
2    1.62444038  1.77009156  0.00000000  1.63350834  0.87724567  0.71298855
3    1.79708721  1.58465181  1.63350834  0.00000000  1.64672488  1.64014408
4    1.55876350  1.78254680  0.87724567  1.64672488  0.00000000  0.71161726
5    1.59146543  1.77634507  0.71298855  1.64014408  0.71161726  0.00000000

--------------------------------------------------------------------------------
n=5
(result of R-step: (2,4:5)0.49792156)
V=[0, 1, 2, 3, 4]
total successes of this branch: 2
Matrix on 5 elements:

0    0.00000000  1.92424798  1.35076031  1.79708721  1.28508343
1    1.92424798  0.00000000  1.49641149  1.58465181  1.50886674
2    1.35076031  1.49641149  0.00000000  1.35982827  0.32988554
3    1.79708721  1.58465181  1.35982827  0.00000000  1.37304481
4    1.28508343  1.50886674  0.32988554  1.37304481  0.00000000

--------------------------------------------------------------------------------
n=4
(result of R-step: (0,2:4)0.08079613)
V=[0, 1, 2, 3]
total successes of this branch: 1
Matrix on 4 elements:

0    0.00000000  1.51846358  0.81287158  1.39130281
1    1.51846358  0.00000000  1.36430717  1.58465181
2    0.81287158  1.36430717  0.00000000  1.22772394
3    1.39130281  1.58465181  1.22772394  0.00000000

--------------------------------------------------------------------------------
n=4
(result of R-step: (1,4:2)0.18452117)
V=[0, 1, 3, 4]
total successes of this branch: 0
Matrix on 4 elements:

0    0.00000000  1.06194821  1.79708721  1.22148264
1    1.06194821  0.00000000  0.72235204  0.58296618
3    1.79708721  0.72235204  0.00000000  1.30944403
4    1.22148264  0.58296618  1.30944403  0.00000000
reason of abort: no pseudometric

--------------------------------------------------------------------------------
n=4
(result of R-step: (3,4:2)0.17911227)
V=[0, 1, 3, 4]
total successes of this branch: 1
Matrix on 4 elements:

0    0.00000000  1.92424798  1.07479746  1.21809154
1    1.92424798  0.00000000  0.86236207  1.44187484
3    1.07479746  0.86236207  0.00000000  0.58376317
4    1.21809154  1.44187484  0.58376317  0.00000000
