n=6
V=[0, 1, 2, 3, 4, 5]
total successes of this branch: 2
Matrix on 6 elements:

0    0.00000000  0.95690257  0.71901010  0.62229175  0.44085960  0.72978342
1    0.95690257  0.00000000  0.84690862  0.77899101  0.94042190  0.57109939
2    0.71901010  0.84690862  0.00000000  0.76340743  0.72312280  0.79242841
3    0.62229175  0.77899101  0.76340743  0.00000000  0.60376912  0.70187292
4    0.44085960  0.94042190  0.72312280  0.60376912  0.00000000  0.65010240
5    0.72978342  0.57109939  0.79242841  0.70187292  0.65010240  0.00000000

--------------------------------------------------------------------------------
n=5
(result of R-step: (0,2:3)0.13112845)
V=[0, 1, 2, 4, 5]
total successes of this branch: 0
reason of abort: negative delta/dxy

--------------------------------------------------------------------------------
n=5
(result of R-step: (1,4:5)0.55988325)
V=[0, 1, 2, 3, 4]
total successes of this branch: 2
Matrix on 5 elements:

0    0.00000000  0.81651263  0.71901010  0.62229175  0.30046966
1    0.81651263  0.00000000  0.70651868  0.63860107  0.65964202
2    0.71901010  0.70651868  0.00000000  0.76340743  0.58273286
3    0.62229175  0.63860107  0.76340743  0.00000000  0.46337918
4    0.30046966  0.65964202  0.58273286  0.46337918  0.00000000

--------------------------------------------------------------------------------
n=4
(result of R-step: (0,1:2)0.58832681)
V=[0, 1, 3, 4]
total successes of this branch: 1
Matrix on 4 elements:

0    0.00000000  0.49391979  0.41112326  0.08930117
1    0.49391979  0.00000000  0.52717672  0.54821766
3    0.41112326  0.52717672  0.00000000  0.46337918
4    0.08930117  0.54821766  0.46337918  0.00000000

--------------------------------------------------------------------------------
n=4
(result of R-step: (0,1:3)0.68113064)
V=[0, 1, 2, 4]
total successes of this branch: 0
Matrix on 4 elements:

0    0.00000000  0.53292225  0.48884102  0.07030058
1    0.53292225  0.00000000  0.65309737  0.60622071
2    0.48884102  0.65309737  0.00000000  0.58273286
4    0.07030058  0.60622071  0.58273286  0.00000000
reason of abort: no pseudometric

--------------------------------------------------------------------------------
n=4
(result of R-step: (0,2:3)0.13112845)
V=[0, 1, 2, 4]
total successes of this branch: 0
reason of abort: negative delta/dxy

--------------------------------------------------------------------------------
n=4
(result of R-step: (1,4:2)0.34772552)
V=[0, 1, 3, 4]
total successes of this branch: 0
Matrix on 4 elements:

0    0.00000000  0.76309133  0.62229175  0.21288431
1    0.76309133  0.00000000  0.58517976  0.51863537
3    0.62229175  0.58517976  0.00000000  0.37579384
4    0.21288431  0.51863537  0.37579384  0.00000000
reason of abort: no pseudometric

--------------------------------------------------------------------------------
n=4
(result of R-step: (1,4:3)0.35983415)
V=[0, 1, 2, 4]
total successes of this branch: 1
Matrix on 4 elements:

0    0.00000000  0.70508828  0.71901010  0.23026500
1    0.70508828  0.00000000  0.59509433  0.47801301
2    0.71901010  0.59509433  0.00000000  0.51252820
4    0.23026500  0.47801301  0.51252820  0.00000000

--------------------------------------------------------------------------------
n=4
(result of R-step: (2,4:3)0.92250862)
V=[0, 1, 2, 4]
total successes of this branch: 0
reason of abort: negative delta/dxy
