n=6
V=[0, 1, 2, 3, 4, 5]
total successes of this branch: 1
Matrix on 6 elements:

0    0.00000000  0.58901512  0.58685354  0.54350006  0.58677563  0.58678818
1    0.58901512  0.00000000  0.58875606  0.31508133  0.58826425  0.58834343
2    0.58685354  0.58875606  0.00000000  0.58848499  0.19293547  0.16239390
3    0.54350006  0.31508133  0.58848499  0.00000000  0.58777288  0.58788754
4    0.58677563  0.58826425  0.19293547  0.58777288  0.00000000  0.03379299
5    0.58678818  0.58834343  0.16239390  0.58788754  0.03379299  0.00000000

--------------------------------------------------------------------------------
n=5
(result of R-step: (0,3:1)0.34736205)
V=[0, 2, 3, 4, 5]
total successes of this branch: 0
Matrix on 5 elements:

0    0.00000000  0.25079411  0.11132894  0.25071620  0.25072874
2    0.25079411  0.00000000  0.49237330  0.19293547  0.16239390
3    0.11132894  0.49237330  0.00000000  0.49166120  0.49177586
4    0.25071620  0.19293547  0.49166120  0.00000000  0.03379299
5    0.25072874  0.16239390  0.49177586  0.03379299  0.00000000
reason of abort: no pseudometric

--------------------------------------------------------------------------------
n=5
(result of R-step: (2,4:5)0.16101284)
V=[0, 1, 2, 3, 4]
total successes of this branch: 1
Matrix on 5 elements:

0    0.00000000  0.58901512  0.58522783  0.54350006  0.58514992
1    0.58901512  0.00000000  0.58713034  0.31508133  0.58663854
2    0.58522783  0.58713034  0.00000000  0.58685927  0.18968404
3    0.54350006  0.31508133  0.58685927  0.00000000  0.58614717
4    0.58514992  0.58663854  0.18968404  0.58614717  0.00000000

--------------------------------------------------------------------------------
n=4
(result of R-step: (0,3:1)0.34736205)
V=[0, 2, 3, 4]
total successes of this branch: 0
Matrix on 4 elements:

0    0.00000000  0.24916839  0.11132894  0.24909049
2    0.24916839  0.00000000  0.49074759  0.18968404
3    0.11132894  0.49074759  0.00000000  0.49003549
4    0.24909049  0.18968404  0.49003549  0.00000000
reason of abort: no pseudometric

--------------------------------------------------------------------------------
n=4
(result of R-step: (2,3:1)0.10274906)
V=[0, 2, 3, 4]
total successes of this branch: 1
Matrix on 4 elements:

0    0.00000000  0.49110176  0.42449516  0.58514992
2    0.49110176  0.00000000  0.37372831  0.09555798
3    0.42449516  0.37372831  0.00000000  0.46714227
4    0.58514992  0.09555798  0.46714227  0.00000000

--------------------------------------------------------------------------------
n=4
(result of R-step: (3,4:1)0.89689743)
V=[0, 2, 3, 4]
total successes of this branch: 0
Matrix on 4 elements:

0    0.00000000  0.58522783  0.42451924  0.48959562
2    0.58522783  0.00000000  0.46787845  0.09412974
3    0.42451924  0.46787845  0.00000000  0.37161205
4    0.48959562  0.09412974  0.37161205  0.00000000
reason of abort: no pseudometric
