n=6
V=[0, 1, 2, 3, 4, 5]
total successes of this branch: 2
Matrix on 6 elements:

0    0.00000000  0.91826962  0.76027490  0.79960814  0.64382980  0.68059360
1    0.91826962  0.00000000  0.91591167  0.84698604  0.91737334  0.90076189
2    0.76027490  0.91591167  0.00000000  0.70797513  0.68887173  0.69338014
3    0.79960814  0.84698604  0.70797513  0.00000000  0.76477744  0.70112067
4    0.64382980  0.91737334  0.68887173  0.76477744  0.00000000  0.55870298
5    0.68059360  0.90076189  0.69338014  0.70112067  0.55870298  0.00000000

--------------------------------------------------------------------------------
n=5
(result of R-step: (3,4:5)0.23600072)
V=[0, 1, 2, 3, 4]
total successes of this branch: 2
Matrix on 5 elements:

0    0.00000000  0.91826962  0.76027490  0.55208503  0.39630669
1    0.91826962  0.00000000  0.91591167  0.59946293  0.66985023
2    0.76027490  0.91591167  0.00000000  0.46045203  0.44134862
3    0.55208503  0.59946293  0.46045203  0.00000000  0.26973122
4    0.39630669  0.66985023  0.44134862  0.26973122  0.00000000

--------------------------------------------------------------------------------
n=4
(result of R-step: (0,2:4)0.61988913)
V=[0, 1, 2, 3]
total successes of this branch: 1
Matrix on 4 elements:

0    0.00000000  0.63205631  0.18784826  0.26587171
1    0.63205631  0.00000000  0.62969836  0.59946293
2    0.18784826  0.62969836  0.00000000  0.17423871
3    0.26587171  0.59946293  0.17423871  0.00000000

--------------------------------------------------------------------------------
n=4
(result of R-step: (1,4:0)0.25251762)
V=[1, 2, 3, 4]
total successes of this branch: 1
Matrix on 4 elements:

1    0.00000000  0.48331288  0.16686414  0.21847711
2    0.48331288  0.00000000  0.46045203  0.42257429
3    0.16686414  0.46045203  0.00000000  0.25095689
4    0.21847711  0.42257429  0.25095689  0.00000000

--------------------------------------------------------------------------------
n=4
(result of R-step: (3,4:0)0.78786825)
V=[1, 2, 3, 4]
total successes of this branch: 0
reason of abort: negative delta/dxy
