n=6
V=[0, 1, 2, 3, 4, 5]
total successes of this branch: 1
Matrix on 6 elements:

0    0.00000000  0.92887990  0.92186040  0.51958773  0.61814054  0.67021946
1    0.92887990  0.00000000  0.92862706  0.92887819  0.81571595  0.68720856
2    0.92186040  0.92862706  0.00000000  0.91911115  0.92140247  0.92261329
3    0.51958773  0.92887819  0.91911115  0.00000000  0.57207497  0.51389013
4    0.61814054  0.81571595  0.92140247  0.57207497  0.00000000  0.66174213
5    0.67021946  0.68720856  0.92261329  0.51389013  0.66174213  0.00000000

--------------------------------------------------------------------------------
n=5
(result of R-step: (0,2:4)0.58564023)
V=[0, 1, 2, 3, 5]
total successes of this branch: 0
Matrix on 5 elements:

0    0.00000000  0.63072939  0.02690589  0.22143721  0.37206895
1    0.63072939  0.00000000  0.33182307  0.92887819  0.68720856
2    0.02690589  0.33182307  0.00000000  0.32230716  0.32580930
3    0.22143721  0.92887819  0.32230716  0.00000000  0.51389013
5    0.37206895  0.68720856  0.32580930  0.51389013  0.00000000
reason of abort: no pseudometric

--------------------------------------------------------------------------------
n=5
(result of R-step: (1,3:5)0.36802985)
V=[0, 1, 2, 3, 4]
total successes of this branch: 1
Matrix on 5 elements:

0    0.00000000  0.79276965  0.92186040  0.38347748  0.61814054
1    0.79276965  0.00000000  0.79251681  0.65665769  0.67960570
2    0.92186040  0.79251681  0.00000000  0.78300090  0.92140247
3    0.38347748  0.65665769  0.78300090  0.00000000  0.43596472
4    0.61814054  0.67960570  0.92140247  0.43596472  0.00000000

--------------------------------------------------------------------------------
n=4
(result of R-step: (0,1:4)0.86846698)
V=[0, 1, 2, 3]
total successes of this branch: 0
reason of abort: negative delta/dxy

--------------------------------------------------------------------------------
n=4
(result of R-step: (0,2:4)0.58564023)
V=[0, 1, 2, 3]
total successes of this branch: 0
Matrix on 4 elements:

0    0.00000000  0.49461914  0.02690589  0.08532696
1    0.49461914  0.00000000  0.19571282  0.65665769
2    0.02690589  0.19571282  0.00000000  0.18619691
3    0.08532696  0.65665769  0.18619691  0.00000000
reason of abort: no pseudometric

--------------------------------------------------------------------------------
n=4
(result of R-step: (1,3:4)0.24078842)
V=[0, 1, 2, 3]
total successes of this branch: 1
Matrix on 4 elements:

0    0.00000000  0.69942354  0.92186040  0.29013136
1    0.69942354  0.00000000  0.69917069  0.46996545
2    0.92186040  0.69917069  0.00000000  0.68965479
3    0.29013136  0.46996545  0.68965479  0.00000000

--------------------------------------------------------------------------------
n=4
(result of R-step: (2,3:4)0.52596904)
V=[0, 1, 2, 3]
total successes of this branch: 0
Matrix on 4 elements:

0    0.00000000  0.79276965  0.35267719  0.30685783
1    0.79276965  0.00000000  0.22333361  0.58003804
2    0.35267719  0.22333361  0.00000000  0.13719805
3    0.30685783  0.58003804  0.13719805  0.00000000
reason of abort: no pseudometric
