n=6
V=[0, 1, 2, 3, 4, 5]
total successes of this branch: 2
Matrix on 6 elements:

0    0.00000000  2.33563722  2.28214955  2.31443685  2.32187092  0.82190622
1    2.33563722  0.00000000  2.10214708  1.92068458  1.59776190  2.08696453
2    2.28214955  2.10214708  0.00000000  1.98299583  2.02477713  2.19541201
3    2.31443685  1.92068458  1.98299583  0.00000000  1.32270140  1.98021030
4    2.32187092  1.59776190  2.02477713  1.32270140  0.00000000  1.55940515
5    0.82190622  2.08696453  2.19541201  1.98021030  1.55940515  0.00000000

--------------------------------------------------------------------------------
n=5
(result of R-step: (0,4:5)0.66298820)
V=[0, 1, 2, 3, 4]
total successes of this branch: 2
Matrix on 5 elements:

0    0.00000000  2.30591700  2.25242933  2.28471663  2.26243048
1    2.30591700  0.00000000  2.10214708  1.92068458  1.56804168
2    2.25242933  2.10214708  0.00000000  1.98299583  1.99505690
3    2.28471663  1.92068458  1.98299583  0.00000000  1.29298118
4    2.26243048  1.56804168  1.99505690  1.29298118  0.00000000

--------------------------------------------------------------------------------
n=4
(result of R-step: (0,4:3)0.75900476)
V=[0, 1, 2, 4]
total successes of this branch: 0
reason of abort: negative delta/dxy

--------------------------------------------------------------------------------
n=4
(result of R-step: (1,2:0)0.09417837)
V=[1, 2, 3, 4]
total successes of this branch: 1
Matrix on 4 elements:

1    0.00000000  0.63801525  1.42079522  1.06815232
2    0.63801525  0.00000000  1.01875336  1.03081443
3    1.42079522  1.01875336  0.00000000  1.29298118
4    1.06815232  1.03081443  1.29298118  0.00000000

--------------------------------------------------------------------------------
n=4
(result of R-step: (2,4:3)0.60715453)
V=[0, 1, 2, 4]
total successes of this branch: 1
Matrix on 4 elements:

0    0.00000000  2.30591700  1.28818686  2.19457306
1    2.30591700  0.00000000  1.13790461  1.50018426
2    1.28818686  1.13790461  0.00000000  0.96295701
4    2.19457306  1.50018426  0.96295701  0.00000000
