n=6
V=[0, 1, 2, 3, 4, 5]
total successes of this branch: 1
Matrix on 6 elements:

0    0.00000000  1.98604632  1.55306091  1.96989774  1.97993741  0.48367294
1    1.98604632  0.00000000  1.69527549  1.08563207  0.88626606  1.92107370
2    1.55306091  1.69527549  0.00000000  1.69276987  1.69432763  1.56314211
3    1.96989774  1.08563207  1.69276987  0.00000000  0.96432258  1.85431347
4    1.97993741  0.88626606  1.69432763  0.96432258  0.00000000  1.90665209
5    0.48367294  1.92107370  1.56314211  1.85431347  1.90665209  0.00000000

--------------------------------------------------------------------------------
n=5
(result of R-step: (2,4:1)0.09971281)
V=[0, 2, 3, 4, 5]
total successes of this branch: 1
Matrix on 5 elements:

0    0.00000000  0.94521488  1.96989774  1.60858595  0.48367294
2    0.94521488  0.00000000  1.08492384  0.71513014  0.95529608
3    1.96989774  1.08492384  0.00000000  0.59297112  1.85431347
4    1.60858595  0.71513014  0.59297112  0.00000000  1.53530063
5    0.48367294  0.95529608  1.85431347  1.53530063  0.00000000

--------------------------------------------------------------------------------
n=4
(result of R-step: (0,4:3)0.03961954)
V=[0, 2, 4, 5]
total successes of this branch: 0
Matrix on 4 elements:

0    0.00000000  0.13292156  0.70853479 -0.32862038
2    0.13292156  0.00000000  0.62737229  0.95529608
4    0.70853479  0.62737229  0.00000000  1.44754278
5   -0.32862038  0.95529608  1.44754278  0.00000000
reason of abort: no pseudometric

--------------------------------------------------------------------------------
n=4
(result of R-step: (2,3:4)0.33659958)
V=[0, 2, 3, 5]
total successes of this branch: 1
Matrix on 4 elements:

0    0.00000000  0.92769380  1.78585340  0.48367294
2    0.92769380  0.00000000  0.88335842  0.93777500
3    1.78585340  0.88335842  0.00000000  1.67026913
5    0.48367294  0.93777500  1.67026913  0.00000000

--------------------------------------------------------------------------------
n=4
(result of R-step: (4,5:3)0.99378650)
V=[0, 2, 4, 5]
total successes of this branch: 0
reason of abort: negative delta/dxy
