n=6
V=[0, 1, 2, 3, 4, 5]
total successes of this branch: 1
Matrix on 6 elements:

0    0.00000000  3.44690425  2.98212257  1.45668974  3.15671750  0.52425547
1    3.44690425  0.00000000  2.74339391  3.37469773  0.81269030  3.38605709
2    2.98212257  2.74339391  0.00000000  2.80764843  2.75276265  2.74941245
3    1.45668974  3.37469773  2.80764843  0.00000000  2.93737511  1.57353520
4    3.15671750  0.81269030  2.75276265  2.93737511  0.00000000  3.12177913
5    0.52425547  3.38605709  2.74941245  1.57353520  3.12177913  0.00000000

--------------------------------------------------------------------------------
n=5
(result of R-step: (0,2:5)0.91350922)
V=[0, 1, 2, 3, 4]
total successes of this branch: 1
Matrix on 5 elements:

0    0.00000000  3.30113157  2.69057721  1.31091706  3.01094483
1    3.30113157  0.00000000  2.59762123  3.37469773  0.81269030
2    2.69057721  2.59762123  0.00000000  2.66187576  2.60698998
3    1.31091706  3.37469773  2.66187576  0.00000000  2.93737511
4    3.01094483  0.81269030  2.60698998  2.93737511  0.00000000

--------------------------------------------------------------------------------
n=4
(result of R-step: (0,1:3)0.97868794)
V=[0, 1, 2, 4]
total successes of this branch: 0
reason of abort: negative delta/dxy

--------------------------------------------------------------------------------
n=4
(result of R-step: (0,1:4)0.20711447)
V=[0, 1, 2, 3]
total successes of this branch: 0
Matrix on 4 elements:

0    0.00000000  2.23968440  1.71669752  0.33703737
1    2.23968440  0.00000000  2.51005375  3.28713025
2    1.71669752  2.51005375  0.00000000  2.66187576
3    0.33703737  3.28713025  2.66187576  0.00000000
reason of abort: no pseudometric

--------------------------------------------------------------------------------
n=4
(result of R-step: (1,3:4)0.85419323)
V=[0, 1, 2, 3]
total successes of this branch: 1
Matrix on 4 elements:

0    0.00000000  3.11344773  2.69057721  1.12323322
1    3.11344773  0.00000000  2.40993739  2.99933005
2    2.69057721  2.40993739  0.00000000  2.47419192
3    1.12323322  2.99933005  2.47419192  0.00000000
