n=6
V=[0, 1, 2, 3, 4, 5]
total successes of this branch: 1
Matrix on 6 elements:

0    0.00000000  1.85872387  1.83449107  1.62363161  1.76852644  1.69497786
1    1.85872387  0.00000000  1.83819871  1.84772875  1.24146098  1.54920236
2    1.83449107  1.83819871  0.00000000  1.59121573  1.74343920  1.66617060
3    1.62363161  1.84772875  1.59121573  0.00000000  1.47032544  0.87532318
4    1.76852644  1.24146098  1.74343920  1.47032544  0.00000000  0.89313990
5    1.69497786  1.54920236  1.66617060  0.87532318  0.89313990  0.00000000

--------------------------------------------------------------------------------
n=5
(result of R-step: (3,4:5)0.50759977)
V=[0, 1, 2, 3, 4]
total successes of this branch: 1
Matrix on 5 elements:

0    0.00000000  1.85872387  1.83449107  1.47456279  1.61945762
1    1.85872387  0.00000000  1.83819871  1.69865993  1.09239216
2    1.83449107  1.83819871  0.00000000  1.44214691  1.59437038
3    1.47456279  1.69865993  1.44214691  0.00000000  1.17218780
4    1.61945762  1.09239216  1.59437038  1.17218780  0.00000000

--------------------------------------------------------------------------------
n=4
(result of R-step: (0,1:3)0.89651761)
V=[0, 1, 2, 4]
total successes of this branch: 0
reason of abort: negative delta/dxy

--------------------------------------------------------------------------------
n=4
(result of R-step: (1,2:3)0.11830672)
V=[0, 1, 2, 4]
total successes of this branch: 0
reason of abort: negative delta/dxy

--------------------------------------------------------------------------------
n=4
(result of R-step: (1,3:4)0.61633180)
V=[0, 1, 2, 3]
total successes of this branch: 1
Matrix on 4 elements:

0    0.00000000  1.42669503  1.83449107  1.19160278
1    1.42669503  0.00000000  1.40616988  0.98367109
2    1.83449107  1.40616988  0.00000000  1.15918690
3    1.19160278  0.98367109  1.15918690  0.00000000
