n=6
V=[0, 1, 2, 3, 4, 5]
total successes of this branch: 1
Matrix on 6 elements:

0    0.00000000  1.36925816  1.35232044  1.11089571  0.16511568  0.50656570
1    1.36925816  0.00000000  0.91183507  1.03159014  1.32952649  1.21855033
2    1.35232044  0.91183507  0.00000000  0.67158589  1.23939107  1.04849532
3    1.11089571  1.03159014  0.67158589  0.00000000  1.07273735  0.62374779
4    0.16511568  1.32952649  1.23939107  1.07273735  0.00000000  0.57020496
5    0.50656570  1.21855033  1.04849532  0.62374779  0.57020496  0.00000000

--------------------------------------------------------------------------------
n=5
(result of R-step: (0,3:5)0.55368047)
V=[0, 1, 2, 3, 4]
total successes of this branch: 1
Matrix on 5 elements:

0    0.00000000  1.35954927  1.34261155  1.09147792  0.15540679
1    1.35954927  0.00000000  0.91183507  1.02188124  1.32952649
2    1.34261155  0.91183507  0.00000000  0.66187700  1.23939107
3    1.09147792  1.02188124  0.66187700  0.00000000  1.06302846
4    0.15540679  1.32952649  1.23939107  1.06302846  0.00000000

--------------------------------------------------------------------------------
n=4
(result of R-step: (0,1:4)0.79298119)
V=[0, 1, 2, 3]
total successes of this branch: 0
reason of abort: negative delta/dxy

--------------------------------------------------------------------------------
n=4
(result of R-step: (0,2:4)0.91314022)
V=[0, 1, 2, 3]
total successes of this branch: 1
Matrix on 4 elements:

0    0.00000000  1.34316500  1.30013413  1.07509366
1    1.34316500  0.00000000  0.88574191  1.02188124
2    1.30013413  0.88574191  0.00000000  0.63578384
3    1.07509366  1.02188124  0.63578384  0.00000000

--------------------------------------------------------------------------------
n=4
(result of R-step: (0,3:4)0.78663701)
V=[0, 1, 2, 3]
total successes of this branch: 0
reason of abort: negative delta/dxy
