n=6
V=[0, 1, 2, 3, 4, 5]
total successes of this branch: 1
Matrix on 6 elements:

0    0.00000000  3.18338129  2.86652725  3.11962313  3.01635140  0.73819309
1    3.18338129  0.00000000  3.04451987  1.38837046  2.04417768  2.71835310
2    2.86652725  3.04451987  0.00000000  3.03841449  1.92929883  2.89496898
3    3.11962313  1.38837046  3.03841449  0.00000000  2.25819264  2.84298346
4    3.01635140  2.04417768  1.92929883  2.25819264  0.00000000  2.86100619
5    0.73819309  2.71835310  2.89496898  2.84298346  2.86100619  0.00000000

--------------------------------------------------------------------------------
n=5
(result of R-step: (0,1:5)0.84020838)
V=[0, 1, 2, 3, 4]
total successes of this branch: 1
Matrix on 5 elements:

0    0.00000000  2.91021638  2.72994480  2.98304068  2.87976895
1    2.91021638  0.00000000  2.90793741  1.25178801  1.90759523
2    2.72994480  2.90793741  0.00000000  3.03841449  1.92929883
3    2.98304068  1.25178801  3.03841449  0.00000000  2.25819264
4    2.87976895  1.90759523  1.92929883  2.25819264  0.00000000

--------------------------------------------------------------------------------
n=4
(result of R-step: (0,1:3)0.19138131)
V=[0, 1, 2, 4]
total successes of this branch: 1
Matrix on 4 elements:

0    0.00000000  1.36683144  1.51445573  1.66427988
1    1.36683144  0.00000000  2.58004155  1.57969936
2    1.51445573  2.58004155  0.00000000  1.92929883
4    1.66427988  1.57969936  1.92929883  0.00000000

--------------------------------------------------------------------------------
n=4
(result of R-step: (0,4:2)0.79244650)
V=[0, 1, 3, 4]
total successes of this branch: 0
reason of abort: negative delta/dxy

--------------------------------------------------------------------------------
n=4
(result of R-step: (1,3:2)0.27287717)
V=[0, 1, 3, 4]
total successes of this branch: 0
reason of abort: negative delta/dxy
