n=6
V=[0, 1, 2, 3, 4, 5]
total successes of this branch: 2
Matrix on 6 elements:

0    0.00000000  0.40825138  0.38389680  0.40795546  0.30151676  0.30864871
1    0.40825138  0.00000000  0.39736579  0.35854507  0.40707959  0.38559174
2    0.38389680  0.39736579  0.00000000  0.39728608  0.37395917  0.37552319
3    0.40795546  0.35854507  0.39728608  0.00000000  0.40680695  0.40358211
4    0.30151676  0.40707959  0.37395917  0.40680695  0.00000000  0.10698691
5    0.30864871  0.38559174  0.37552319  0.40358211  0.10698691  0.00000000

--------------------------------------------------------------------------------
n=5
(result of R-step: (0,3:2)0.46238780)
V=[0, 1, 3, 4, 5]
total successes of this branch: 0
Matrix on 5 elements:

0    0.00000000  0.24741469  0.06779312  0.14068007  0.14781202
1    0.24741469  0.00000000  0.17921942  0.40707959  0.38559174
3    0.06779312  0.17921942  0.00000000  0.22748129  0.22425645
4    0.14068007  0.40707959  0.22748129  0.00000000  0.10698691
5    0.14781202  0.38559174  0.22425645  0.10698691  0.00000000
reason of abort: no pseudometric

--------------------------------------------------------------------------------
n=5
(result of R-step: (1,4:5)0.06681950)
V=[0, 1, 2, 3, 4]
total successes of this branch: 2
Matrix on 5 elements:

0    0.00000000  0.36550185  0.38389680  0.40795546  0.25876723
1    0.36550185  0.00000000  0.35461626  0.31579554  0.32158052
2    0.38389680  0.35461626  0.00000000  0.39728608  0.33120964
3    0.40795546  0.31579554  0.39728608  0.00000000  0.36405742
4    0.25876723  0.32158052  0.33120964  0.36405742  0.00000000

--------------------------------------------------------------------------------
n=4
(result of R-step: (0,1:2)0.46370217)
V=[0, 1, 3, 4]
total successes of this branch: 0
Matrix on 4 elements:

0    0.00000000  0.06823617  0.24715918  0.09797094
1    0.06823617  0.00000000  0.17932615  0.18511113
3    0.24715918  0.17932615  0.00000000  0.36405742
4    0.09797094  0.18511113  0.36405742  0.00000000
reason of abort: no pseudometric

--------------------------------------------------------------------------------
n=4
(result of R-step: (0,2:4)0.89235398)
V=[0, 1, 2, 3]
total successes of this branch: 1
Matrix on 4 elements:

0    0.00000000  0.21971228  0.09231768  0.26216590
1    0.21971228  0.00000000  0.20882669  0.31579554
2    0.09231768  0.20882669  0.00000000  0.25149651
3    0.26216590  0.31579554  0.25149651  0.00000000

--------------------------------------------------------------------------------
n=4
(result of R-step: (0,3:2)0.46238780)
V=[0, 1, 3, 4]
total successes of this branch: 0
Matrix on 4 elements:

0    0.00000000  0.20466516  0.06779312  0.09793054
1    0.20466516  0.00000000  0.13646988  0.32158052
3    0.06779312  0.13646988  0.00000000  0.18473176
4    0.09793054  0.32158052  0.18473176  0.00000000
reason of abort: no pseudometric

--------------------------------------------------------------------------------
n=4
(result of R-step: (1,4:2)0.59292254)
V=[0, 1, 3, 4]
total successes of this branch: 1
Matrix on 4 elements:

0    0.00000000  0.22900522  0.40795546  0.16211107
1    0.22900522  0.00000000  0.17929891  0.08842774
3    0.40795546  0.17929891  0.00000000  0.26740126
4    0.16211107  0.08842774  0.26740126  0.00000000

--------------------------------------------------------------------------------
n=4
(result of R-step: (3,4:2)0.59425651)
V=[0, 1, 3, 4]
total successes of this branch: 0
Matrix on 4 elements:

0    0.00000000  0.36550185  0.22865692  0.16216351
1    0.36550185  0.00000000  0.13649700  0.22497681
3    0.22865692  0.13649700  0.00000000  0.08815516
4    0.16216351  0.22497681  0.08815516  0.00000000
reason of abort: no pseudometric
