n=6
V=[0, 1, 2, 3, 4, 5]
total successes of this branch: 1
Matrix on 6 elements:

0    0.00000000  2.96234938  2.53804486  2.94212032  2.56555008  2.54214790
1    2.96234938  0.00000000  2.61969829  2.06517464  2.58195213  2.61406758
2    2.53804486  2.61969829  0.00000000  2.59193741  1.43704328  0.37186072
3    2.94212032  2.06517464  2.59193741  0.00000000  2.50758231  2.57935390
4    2.56555008  2.58195213  1.43704328  2.50758231  0.00000000  1.25028795
5    2.54214790  2.61406758  0.37186072  2.57935390  1.25028795  0.00000000

--------------------------------------------------------------------------------
n=5
(result of R-step: (0,3:1)0.41667090)
V=[0, 2, 3, 4, 5]
total successes of this branch: 1
Matrix on 5 elements:

0    0.00000000  1.10296907  0.83070044  1.13047429  1.10707211
2    1.10296907  0.00000000  1.91559332  1.43704328  0.37186072
3    0.83070044  1.91559332  0.00000000  1.83123822  1.90300981
4    1.13047429  1.43704328  1.83123822  0.00000000  1.25028795
5    1.10707211  0.37186072  1.90300981  1.25028795  0.00000000

--------------------------------------------------------------------------------
n=4
(result of R-step: (0,4:3)0.91257109)
V=[0, 2, 4, 5]
total successes of this branch: 0
reason of abort: negative delta/dxy

--------------------------------------------------------------------------------
n=4
(result of R-step: (2,4:5)0.85082700)
V=[0, 2, 3, 4]
total successes of this branch: 1
Matrix on 4 elements:

0    0.00000000  1.01041638  0.83070044  1.03792160
2    1.01041638  0.00000000  1.82304062  1.25193789
3    0.83070044  1.82304062  0.00000000  1.73868552
4    1.03792160  1.25193789  1.73868552  0.00000000
