n=6
V=[0, 1, 2, 3, 4, 5]
total successes of this branch: 1
Matrix on 6 elements:

0    0.00000000  1.78919302  1.10902333  1.58070358  1.25342825  0.78806138
1    1.78919302  0.00000000  1.66918076  1.18319032  1.52039478  1.73151208
2    1.10902333  1.66918076  0.00000000  1.45436601  0.99120586  0.81200754
3    1.58070358  1.18319032  1.45436601  0.00000000  1.25000412  1.51998253
4    1.25342825  1.52039478  0.99120586  1.25000412  0.00000000  1.12739751
5    0.78806138  1.73151208  0.81200754  1.51998253  1.12739751  0.00000000

--------------------------------------------------------------------------------
n=5
(result of R-step: (0,2:5)0.51937461)
V=[0, 1, 2, 3, 4]
total successes of this branch: 1
Matrix on 5 elements:

0    0.00000000  1.54367022  0.61797774  1.33518078  1.00790545
1    1.54367022  0.00000000  1.42365797  1.18319032  1.52039478
2    0.61797774  1.42365797  0.00000000  1.20884321  0.74568306
3    1.33518078  1.18319032  1.20884321  0.00000000  1.25000412
4    1.00790545  1.52039478  0.74568306  1.25000412  0.00000000

--------------------------------------------------------------------------------
n=4
(result of R-step: (0,3:1)0.15934974)
V=[0, 2, 3, 4]
total successes of this branch: 1
Matrix on 4 elements:

0    0.00000000  0.26566735  0.58944841  0.65559506
2    0.26566735  0.00000000  0.81542123  0.74568306
3    0.58944841  0.81542123  0.00000000  0.85658214
4    0.65559506  0.74568306  0.85658214  0.00000000

--------------------------------------------------------------------------------
n=4
(result of R-step: (0,4:2)0.89781601)
V=[0, 1, 3, 4]
total successes of this branch: 0
reason of abort: negative delta/dxy

--------------------------------------------------------------------------------
n=4
(result of R-step: (2,3:1)0.29077714)
V=[0, 2, 3, 4]
total successes of this branch: 0
Matrix on 4 elements:

0    0.00000000  0.36128109  1.04285331  1.00790545
2    0.36128109  0.00000000  0.65981909  0.48898641
3    1.04285331  0.65981909  0.00000000  0.95767665
4    1.00790545  0.48898641  0.95767665  0.00000000
reason of abort: no pseudometric
