n=6
V=[0, 1, 2, 3, 4, 5]
total successes of this branch: 2
Matrix on 6 elements:

0    0.00000000  1.46970683  1.27937525  1.00338367  1.07065928  1.30186371
1    1.46970683  0.00000000  1.23518182  1.41543489  1.37394115  1.14208109
2    1.27937525  1.23518182  0.00000000  1.27476809  1.13532853  0.54032267
3    1.00338367  1.41543489  1.27476809  0.00000000  1.11420048  1.29138845
4    1.07065928  1.37394115  1.13532853  1.11420048  0.00000000  1.16352160
5    1.30186371  1.14208109  0.54032267  1.29138845  1.16352160  0.00000000

--------------------------------------------------------------------------------
n=5
(result of R-step: (3,4:0)0.49293613)
V=[1, 2, 3, 4, 5]
total successes of this branch: 2
Matrix on 5 elements:

1    0.00000000  1.23518182  1.04713064  0.93403830  1.14208109
2    1.23518182  0.00000000  0.90646384  0.69542568  0.54032267
3    1.04713064  0.90646384  0.00000000  0.30599337  0.92308420
4    0.93403830  0.69542568  0.30599337  0.00000000  0.72361875
5    1.14208109  0.54032267  0.92308420  0.72361875  0.00000000

--------------------------------------------------------------------------------
n=4
(result of R-step: (1,4:3)0.09541053)
V=[1, 2, 4, 5]
total successes of this branch: 1
Matrix on 4 elements:

1    0.00000000  1.01157085  0.67873531  0.91847012
2    1.01157085  0.00000000  0.66373365  0.54032267
4    0.67873531  0.66373365  0.00000000  0.69192672
5    0.91847012  0.54032267  0.69192672  0.00000000

--------------------------------------------------------------------------------
n=4
(result of R-step: (3,5:2)0.37590092)
V=[1, 3, 4, 5]
total successes of this branch: 0
Matrix on 4 elements:

1    0.00000000  0.77900793  0.93403830  1.09037314
3    0.77900793  0.00000000  0.03787067  0.60325354
4    0.93403830  0.03787067  0.00000000  0.67191079
5    1.09037314  0.60325354  0.67191079  0.00000000
reason of abort: no pseudometric

--------------------------------------------------------------------------------
n=4
(result of R-step: (4,5:2)0.26823522)
V=[1, 3, 4, 5]
total successes of this branch: 1
Matrix on 4 elements:

1    0.00000000  1.04713064  0.90234628  1.00725805
3    1.04713064  0.00000000  0.27430135  0.78826116
4    0.90234628  0.27430135  0.00000000  0.55710368
5    1.00725805  0.78826116  0.55710368  0.00000000
