n=6
V=[0, 1, 2, 3, 4, 5]
total successes of this branch: 2
Matrix on 6 elements:

0    0.00000000  0.43919023  0.42855490  0.43425792  0.42537040  0.42010160
1    0.43919023  0.00000000  0.43292654  0.42242604  0.43409611  0.42327770
2    0.42855490  0.43292654  0.00000000  0.42384511  0.41468473  0.42408438
3    0.43425792  0.42242604  0.42384511  0.00000000  0.42578942  0.16976033
4    0.42537040  0.43409611  0.41468473  0.42578942  0.00000000  0.42576813
5    0.42010160  0.42327770  0.42408438  0.16976033  0.42576813  0.00000000

--------------------------------------------------------------------------------
n=5
(result of R-step: (0,3:5)0.05080254)
V=[0, 1, 2, 3, 4]
total successes of this branch: 2
Matrix on 5 elements:

0    0.00000000  0.36138822  0.35075290  0.27865392  0.34756840
1    0.36138822  0.00000000  0.43292654  0.34462404  0.43409611
2    0.35075290  0.43292654  0.00000000  0.34604311  0.41468473
3    0.27865392  0.34462404  0.34604311  0.00000000  0.34798742
4    0.34756840  0.43409611  0.41468473  0.34798742  0.00000000

--------------------------------------------------------------------------------
n=4
(result of R-step: (0,3:1)0.15105588)
V=[0, 2, 3, 4]
total successes of this branch: 1
Matrix on 4 elements:

0    0.00000000  0.22280478  0.02327708  0.21962029
2    0.22280478  0.00000000  0.21861438  0.41468473
3    0.02327708  0.21861438  0.00000000  0.22055869
4    0.21962029  0.41468473  0.22055869  0.00000000

--------------------------------------------------------------------------------
n=4
(result of R-step: (1,2:0)0.01309921)
V=[1, 2, 3, 4]
total successes of this branch: 0
Matrix on 4 elements:

1    0.00000000  0.16658234  0.28724335  0.37671542
2    0.16658234  0.00000000  0.13707960  0.20572122
3    0.28724335  0.13707960  0.00000000  0.34798742
4    0.37671542  0.20572122  0.34798742  0.00000000
reason of abort: no pseudometric

--------------------------------------------------------------------------------
n=4
(result of R-step: (1,4:0)0.25001715)
V=[1, 2, 3, 4]
total successes of this branch: 1
Matrix on 4 elements:

1    0.00000000  0.22430849  0.13600599  0.02045369
2    0.22430849  0.00000000  0.34604311  0.20966036
3    0.13600599  0.34604311  0.00000000  0.14296305
4    0.02045369  0.20966036  0.14296305  0.00000000

--------------------------------------------------------------------------------
n=4
(result of R-step: (2,3:0)0.79532756)
V=[1, 2, 3, 4]
total successes of this branch: 0
reason of abort: negative delta/dxy

--------------------------------------------------------------------------------
n=4
(result of R-step: (3,4:0)0.42130893)
V=[1, 2, 3, 4]
total successes of this branch: 0
Matrix on 4 elements:

1    0.00000000  0.43292654  0.21136172  0.23021298
2    0.43292654  0.00000000  0.21278079  0.21080159
3    0.21136172  0.21278079  0.00000000  0.01084196
4    0.23021298  0.21080159  0.01084196  0.00000000
reason of abort: no pseudometric
