n=6
V=[0, 1, 2, 3, 4, 5]
total successes of this branch: 2
Matrix on 6 elements:

0    0.00000000  2.26122067  2.21561864  1.92103266  2.14370452  2.19235062
1    2.26122067  0.00000000  2.20709559  2.22567705  2.21163168  2.20856325
2    2.21561864  2.20709559  0.00000000  1.65211877  1.34398076  1.13495229
3    1.92103266  2.22567705  1.65211877  0.00000000  1.55260249  1.61992000
4    2.14370452  2.21163168  1.34398076  1.55260249  0.00000000  1.24399993
5    2.19235062  2.20856325  1.13495229  1.61992000  1.24399993  0.00000000

--------------------------------------------------------------------------------
n=5
(result of R-step: (2,4:5)0.67644719)
V=[0, 1, 2, 3, 4]
total successes of this branch: 2
Matrix on 5 elements:

0    0.00000000  2.26122067  1.69813291  1.92103266  1.62621879
1    2.26122067  0.00000000  1.68960985  2.22567705  1.69414595
2    1.69813291  1.68960985  0.00000000  1.13463304  0.30900929
3    1.92103266  2.22567705  1.13463304  0.00000000  1.03511676
4    1.62621879  1.69414595  0.30900929  1.03511676  0.00000000

--------------------------------------------------------------------------------
n=4
(result of R-step: (0,2:1)0.55404517)
V=[0, 2, 3, 4]
total successes of this branch: 1
Matrix on 4 elements:

0    0.00000000  0.82757610  1.15522236  0.86040849
2    0.82757610  0.00000000  1.02988654  0.20426279
3    1.15522236  1.02988654  0.00000000  1.03511676
4    0.86040849  0.20426279  1.03511676  0.00000000

--------------------------------------------------------------------------------
n=4
(result of R-step: (0,4:1)0.37765771)
V=[0, 2, 3, 4]
total successes of this branch: 0
Matrix on 4 elements:

0    0.00000000  1.17759723  1.40049698  0.92571417
2    1.17759723  0.00000000  1.13463304  0.12904035
3    1.40049698  1.13463304  0.00000000  0.85514782
4    0.92571417  0.12904035  0.85514782  0.00000000
reason of abort: no pseudometric

--------------------------------------------------------------------------------
n=4
(result of R-step: (2,3:4)0.75588070)
V=[0, 1, 2, 3]
total successes of this branch: 1
Matrix on 4 elements:

0    0.00000000  2.26122067  1.59338640  1.29880042
1    2.26122067  0.00000000  1.58486335  1.60344481
2    1.59338640  1.58486335  0.00000000  0.40765430
3    1.29880042  1.60344481  0.40765430  0.00000000
