n=6
V=[0, 1, 2, 3, 4, 5]
total successes of this branch: 2
Matrix on 6 elements:

0    0.00000000  0.90505878  0.76372411  0.76105664  0.35946835  0.37019435
1    0.90505878  0.00000000  0.88314466  0.80638935  0.89388738  0.89155040
2    0.76372411  0.88314466  0.00000000  0.81228009  0.76922164  0.77037168
3    0.76105664  0.80638935  0.81228009  0.00000000  0.70978347  0.69661217
4    0.35946835  0.89388738  0.76922164  0.70978347  0.00000000  0.22981281
5    0.37019435  0.89155040  0.77037168  0.69661217  0.22981281  0.00000000

--------------------------------------------------------------------------------
n=5
(result of R-step: (0,1:2)0.26693956)
V=[0, 1, 3, 4, 5]
total successes of this branch: 2
Matrix on 5 elements:

0    0.00000000  0.32565053  0.60695905  0.20537076  0.21609676
1    0.32565053  0.00000000  0.38107870  0.46857673  0.46623975
3    0.60695905  0.38107870  0.00000000  0.70978347  0.69661217
4    0.20537076  0.46857673  0.70978347  0.00000000  0.22981281
5    0.21609676  0.46623975  0.69661217  0.22981281  0.00000000

--------------------------------------------------------------------------------
n=4
(result of R-step: (0,3:1)0.45337009)
V=[0, 3, 4, 5]
total successes of this branch: 1
Matrix on 4 elements:

0    0.00000000  0.49159143  0.19832390  0.20904990
3    0.49159143  0.00000000  0.60146272  0.58829142
4    0.19832390  0.60146272  0.00000000  0.22981281
5    0.20904990  0.58829142  0.22981281  0.00000000

--------------------------------------------------------------------------------
n=4
(result of R-step: (1,4:5)0.05322521)
V=[0, 1, 3, 4]
total successes of this branch: 0
Matrix on 4 elements:

0    0.00000000  0.15393647  0.60695905  0.09945928
1    0.15393647  0.00000000  0.20936464  0.19095119
3    0.60695905  0.20936464  0.00000000  0.60387199
4    0.09945928  0.19095119  0.60387199  0.00000000
reason of abort: no pseudometric

--------------------------------------------------------------------------------
n=4
(result of R-step: (3,4:5)0.02670894)
V=[0, 1, 3, 4]
total successes of this branch: 1
Matrix on 4 elements:

0    0.00000000  0.32565053  0.49863829  0.09705000
1    0.32565053  0.00000000  0.27275794  0.36025597
3    0.49863829  0.27275794  0.00000000  0.49314196
4    0.09705000  0.36025597  0.49314196  0.00000000
