n=6
V=[0, 1, 2, 3, 4, 5]
total successes of this branch: 2
Matrix on 6 elements:

0    0.00000000  2.91040391  2.76909517  2.83453920  2.90142023  2.84642002
1    2.91040391  0.00000000  2.05562077  1.96000507  1.77851832  1.90791285
2    2.76909517  2.05562077  0.00000000  1.94478015  2.03680801  1.96213839
3    2.83453920  1.96000507  1.94478015  0.00000000  1.95903715  1.67946362
4    2.90142023  1.77851832  2.03680801  1.95903715  0.00000000  1.93076693
5    2.84642002  1.90791285  1.96213839  1.67946362  1.93076693  0.00000000

--------------------------------------------------------------------------------
n=5
(result of R-step: (1,3:5)0.15660536)
V=[0, 1, 2, 3, 4]
total successes of this branch: 2
Matrix on 5 elements:

0    0.00000000  2.09671821  2.76909517  2.02085350  2.90142023
1    2.09671821  0.00000000  1.24193507  0.33263367  0.96483262
2    2.76909517  1.24193507  0.00000000  1.13109445  2.03680801
3    2.02085350  0.33263367  1.13109445  0.00000000  1.14535145
4    2.90142023  0.96483262  2.03680801  1.14535145  0.00000000

--------------------------------------------------------------------------------
n=4
(result of R-step: (0,1:3)0.71162645)
V=[0, 1, 2, 4]
total successes of this branch: 0
Matrix on 4 elements:

0    0.00000000  0.19403735  0.93258138  1.06490645
1    0.19403735  0.00000000  1.17576800  0.89866555
2    0.93258138  1.17576800  0.00000000  2.03680801
4    1.06490645  0.89866555  2.03680801  0.00000000
reason of abort: no pseudometric

--------------------------------------------------------------------------------
n=4
(result of R-step: (0,1:4)0.11079643)
V=[0, 1, 2, 3]
total successes of this branch: 0
Matrix on 4 elements:

0    0.00000000  0.18033807  0.91279951  0.16455785
1    0.18033807  0.00000000  1.18185059  0.27254918
2    0.91279951  1.18185059  0.00000000  1.13109445
3    0.16455785  0.27254918  1.13109445  0.00000000
reason of abort: no pseudometric

--------------------------------------------------------------------------------
n=4
(result of R-step: (0,4:3)0.68447367)
V=[0, 1, 2, 4]
total successes of this branch: 0
Matrix on 4 elements:

0    0.00000000  0.26149506  0.93387201  0.16872755
1    0.26149506  0.00000000  1.24193507  0.06736310
2    0.93387201  1.24193507  0.00000000  1.13933848
4    0.16872755  0.06736310  1.13933848  0.00000000
reason of abort: no pseudometric

--------------------------------------------------------------------------------
n=4
(result of R-step: (1,2:3)0.35839704)
V=[0, 1, 2, 4]
total successes of this branch: 1
Matrix on 4 elements:

0    0.00000000  2.03663373  1.83919582  2.90142023
1    2.03663373  0.00000000  0.25195124  0.90474814
2    1.83919582  0.25195124  0.00000000  1.10690866
4    2.90142023  0.90474814  1.10690866  0.00000000

--------------------------------------------------------------------------------
n=4
(result of R-step: (1,2:4)0.93642515)
V=[0, 1, 2, 3]
total successes of this branch: 1
Matrix on 4 elements:

0    0.00000000  2.03055114  1.88924239  2.02085350
1    2.03055114  0.00000000  0.29591522  0.26646659
2    1.88924239  0.29591522  0.00000000  0.25124167
3    2.02085350  0.26646659  0.25124167  0.00000000

--------------------------------------------------------------------------------
n=4
(result of R-step: (1,3:4)0.71897563)
V=[0, 1, 2, 3]
total successes of this branch: 0
Matrix on 4 elements:

0    0.00000000  2.06519239  2.76909517  1.87820734
1    2.06519239  0.00000000  1.21040925  0.15846168
2    2.76909517  1.21040925  0.00000000  0.98844829
3    1.87820734  0.15846168  0.98844829  0.00000000
reason of abort: no pseudometric

--------------------------------------------------------------------------------
n=4
(result of R-step: (2,4:3)0.60662209)
V=[0, 1, 2, 4]
total successes of this branch: 0
Matrix on 4 elements:

0    0.00000000  2.09671821  1.83758063  1.99888590
1    2.09671821  0.00000000  0.31042053  0.06229829
2    1.83758063  0.31042053  0.00000000  0.20275913
4    1.99888590  0.06229829  0.20275913  0.00000000
reason of abort: no pseudometric
