n=6
V=[0, 1, 2, 3, 4, 5]
total successes of this branch: 2
Matrix on 6 elements:

0    0.00000000  1.20549588  1.17764680  0.94066913  0.71727706  1.05607434
1    1.20549588  0.00000000  1.19322204  1.19963872  1.20466541  1.19450582
2    1.17764680  1.19322204  0.00000000  0.96133290  1.14697634  0.13690106
3    0.94066913  1.19963872  0.96133290  0.00000000  0.90376215  0.95917158
4    0.71727706  1.20466541  1.14697634  0.90376215  0.00000000  1.10203202
5    1.05607434  1.19450582  0.13690106  0.95917158  1.10203202  0.00000000

--------------------------------------------------------------------------------
n=5
(result of R-step: (0,2:5)0.10459482)
V=[0, 1, 2, 3, 4]
total successes of this branch: 2
Matrix on 5 elements:

0    0.00000000  1.19783157  1.16231820  0.93300483  0.70961276
1    1.19783157  0.00000000  1.18555774  1.19963872  1.20466541
2    1.16231820  1.18555774  0.00000000  0.95366860  1.13931204
3    0.93300483  1.19963872  0.95366860  0.00000000  0.90376215
4    0.70961276  1.20466541  1.13931204  0.90376215  0.00000000

--------------------------------------------------------------------------------
n=4
(result of R-step: (0,3:4)0.85821317)
V=[0, 1, 2, 3]
total successes of this branch: 1
Matrix on 4 elements:

0    0.00000000  0.86531083  0.82979746  0.26029905
1    0.86531083  0.00000000  1.18555774  0.85945368
2    0.82979746  1.18555774  0.00000000  0.61348356
3    0.26029905  0.85945368  0.61348356  0.00000000

--------------------------------------------------------------------------------
n=4
(result of R-step: (1,3:2)0.17286911)
V=[0, 1, 3, 4]
total successes of this branch: 1
Matrix on 4 elements:

0    0.00000000  1.16958334  0.59281979  0.70961276
1    1.16958334  0.00000000  0.83120544  1.17641718
3    0.59281979  0.83120544  0.00000000  0.56357711
4    0.70961276  1.17641718  0.56357711  0.00000000
