n=6
V=[0, 1, 2, 3, 4, 5]
total successes of this branch: 1
Matrix on 6 elements:

0    0.00000000  3.10195890  3.08265837  1.53522288  3.00960666  0.87730011
1    3.10195890  0.00000000  2.94435808  3.06868536  2.95022735  2.90689408
2    3.08265837  2.94435808  0.00000000  2.66852022  0.92930922  3.07150936
3    1.53522288  3.06868536  2.66852022  0.00000000  2.58234704  1.65884220
4    3.00960666  2.95022735  0.92930922  2.58234704  0.00000000  3.00481983
5    0.87730011  2.90689408  3.07150936  1.65884220  3.00481983  0.00000000

--------------------------------------------------------------------------------
n=5
(result of R-step: (0,1:5)0.91938550)
V=[0, 1, 2, 3, 4]
total successes of this branch: 1
Matrix on 5 elements:

0    0.00000000  2.41972362  2.74154072  1.19410524  2.66848902
1    2.41972362  0.00000000  2.60324044  2.72756771  2.60910971
2    2.74154072  2.60324044  0.00000000  2.66852022  0.92930922
3    1.19410524  2.72756771  2.66852022  0.00000000  2.58234704
4    2.66848902  2.60910971  0.92930922  2.58234704  0.00000000

--------------------------------------------------------------------------------
n=4
(result of R-step: (0,2:4)0.07130109)
V=[0, 1, 2, 3]
total successes of this branch: 0
Matrix on 4 elements:

0    0.00000000  1.69414624  1.63108073  0.46852786
1    1.69414624  0.00000000  2.21835781  2.72756771
2    1.63108073  2.21835781  0.00000000  2.28363759
3    0.46852786  2.72756771  2.28363759  0.00000000
reason of abort: no pseudometric

--------------------------------------------------------------------------------
n=4
(result of R-step: (1,4:2)0.03330440)
V=[0, 1, 3, 4]
total successes of this branch: 0
reason of abort: negative delta/dxy

--------------------------------------------------------------------------------
n=4
(result of R-step: (2,3:4)0.95279176)
V=[0, 1, 2, 3]
total successes of this branch: 1
Matrix on 4 elements:

0    0.00000000  2.41972362  2.31997270  0.77253721
1    2.41972362  0.00000000  2.18167241  2.30599969
2    2.31997270  2.18167241  0.00000000  1.82538418
3    0.77253721  2.30599969  1.82538418  0.00000000
