n=6
V=[0, 1, 2, 3, 4, 5]
total successes of this branch: 1
Matrix on 6 elements:

0    0.00000000  1.72828217  1.68701883  1.70037557  1.21570955  1.54325563
1    1.72828217  0.00000000  1.70614118  1.64820874  1.72538221  1.18481573
2    1.68701883  1.70614118  0.00000000  1.58510140  1.61598430  1.67359669
3    1.70037557  1.64820874  1.58510140  0.00000000  1.68527732  1.66158961
4    1.21570955  1.72538221  1.61598430  1.68527732  0.00000000  1.42002320
5    1.54325563  1.18481573  1.67359669  1.66158961  1.42002320  0.00000000

--------------------------------------------------------------------------------
n=5
(result of R-step: (1,4:5)0.63902375)
V=[0, 1, 2, 3, 4]
total successes of this branch: 1
Matrix on 5 elements:

0    0.00000000  1.28855381  1.68701883  1.70037557  0.77598119
1    1.28855381  0.00000000  1.26641282  1.20848037  0.84592549
2    1.68701883  1.26641282  0.00000000  1.58510140  1.17625594
3    1.70037557  1.20848037  1.58510140  0.00000000  1.24554895
4    0.77598119  0.84592549  1.17625594  1.24554895  0.00000000

--------------------------------------------------------------------------------
n=4
(result of R-step: (0,2:4)0.86902306)
V=[0, 1, 2, 3]
total successes of this branch: 1
Matrix on 4 elements:

0    0.00000000  0.71621629  0.54234381  1.12803806
1    0.71621629  0.00000000  0.69407531  1.20848037
2    0.54234381  0.69407531  0.00000000  1.01276389
3    1.12803806  1.20848037  1.01276389  0.00000000

--------------------------------------------------------------------------------
n=4
(result of R-step: (1,4:0)0.43966256)
V=[1, 2, 3, 4]
total successes of this branch: 0
reason of abort: negative delta/dxy
