n=6
V=[0, 1, 2, 3, 4, 5]
total successes of this branch: 1
Matrix on 6 elements:

0    0.00000000  1.69041303  1.55369358  1.67769584  1.35954603  1.68738877
1    1.69041303  0.00000000  1.54681727  1.11915631  1.33893748  0.55594559
2    1.55369358  1.54681727  0.00000000  1.54696701  1.55015158  1.54685288
3    1.67769584  1.11915631  1.54696701  0.00000000  1.38999139  0.94343096
4    1.35954603  1.33893748  1.55015158  1.38999139  0.00000000  1.35107854
5    1.68738877  0.55594559  1.54685288  0.94343096  1.35107854  0.00000000

--------------------------------------------------------------------------------
n=5
(result of R-step: (1,3:5)0.76219141)
V=[0, 1, 2, 3, 4]
total successes of this branch: 1
Matrix on 5 elements:

0    0.00000000  1.50030290  1.55369358  1.48758571  1.35954603
1    1.50030290  0.00000000  1.35670715  0.73893606  1.14882736
2    1.55369358  1.35670715  0.00000000  1.35685689  1.55015158
3    1.48758571  0.73893606  1.35685689  0.00000000  1.19988126
4    1.35954603  1.14882736  1.55015158  1.19988126  0.00000000

--------------------------------------------------------------------------------
n=4
(result of R-step: (0,1:4)0.48489868)
V=[0, 1, 2, 3]
total successes of this branch: 1
Matrix on 4 elements:

0    0.00000000  0.68234255  1.04965834  0.98355047
1    0.68234255  0.00000000  1.04278203  0.42501094
2    1.04965834  1.04278203  0.00000000  1.35685689
3    0.98355047  0.42501094  1.35685689  0.00000000

--------------------------------------------------------------------------------
n=4
(result of R-step: (0,3:4)0.38367588)
V=[0, 1, 2, 3]
total successes of this branch: 0
Matrix on 4 elements:

0    0.00000000  1.07684930  1.13023997  0.64928764
1    1.07684930  0.00000000  1.35670715  0.32409159
2    1.13023997  1.35670715  0.00000000  0.94201242
3    0.64928764  0.32409159  0.94201242  0.00000000
reason of abort: no pseudometric

--------------------------------------------------------------------------------
n=4
(result of R-step: (2,3:4)0.97510758)
V=[0, 1, 2, 3]
total successes of this branch: 0
reason of abort: negative delta/dxy
