n=6
V=[0, 1, 2, 3, 4, 5]
total successes of this branch: 1
Matrix on 6 elements:

0    0.00000000  1.98585819  1.97649252  1.77665469  1.95964634  1.98266088
1    1.98585819  0.00000000  1.59674775  1.78044758  0.68576723  0.60644062
2    1.97649252  1.59674775  0.00000000  1.75303662  1.61632974  1.08343214
3    1.77665469  1.78044758  1.75303662  0.00000000  1.62364481  1.77108987
4    1.95964634  0.68576723  1.61632974  1.62364481  0.00000000  1.00344816
5    1.98266088  0.60644062  1.08343214  1.77108987  1.00344816  0.00000000

--------------------------------------------------------------------------------
n=5
(result of R-step: (1,2:5)0.65861409)
V=[0, 1, 2, 3, 4]
total successes of this branch: 1
Matrix on 5 elements:

0    0.00000000  1.93929568  1.92993001  1.77665469  1.95964634
1    1.93929568  0.00000000  1.50362274  1.73388508  0.63920473
2    1.92993001  1.50362274  0.00000000  1.70647412  1.56976724
3    1.77665469  1.73388508  1.70647412  0.00000000  1.62364481
4    1.95964634  0.63920473  1.56976724  1.62364481  0.00000000

--------------------------------------------------------------------------------
n=4
(result of R-step: (0,1:4)0.45988902)
V=[0, 1, 2, 3]
total successes of this branch: 0
reason of abort: negative delta/dxy

--------------------------------------------------------------------------------
n=4
(result of R-step: (1,3:4)0.87470645)
V=[0, 1, 2, 3]
total successes of this branch: 1
Matrix on 4 elements:

0    0.00000000  1.72137596  1.92993001  1.51217246
1    1.72137596  0.00000000  1.28570302  1.25148312
2    1.92993001  1.28570302  0.00000000  1.44199189
3    1.51217246  1.25148312  1.44199189  0.00000000
