n=6
V=[0, 1, 2, 3, 4, 5]
total successes of this branch: 2
Matrix on 6 elements:

0    0.00000000  1.98870037  1.61131824  1.88126722  1.73851745  1.82342792
1    1.98870037  0.00000000  1.90702380  1.56560185  1.74201475  1.63708076
2    1.61131824  1.90702380  0.00000000  1.84714315  1.58247426  1.73990472
3    1.88126722  1.56560185  1.84714315  0.00000000  1.75224774  0.78470770
4    1.73851745  1.74201475  1.58247426  1.75224774  0.00000000  1.09317909
5    1.82342792  1.63708076  1.73990472  0.78470770  1.09317909  0.00000000

--------------------------------------------------------------------------------
n=5
(result of R-step: (3,4:5)0.59482040)
V=[0, 1, 2, 3, 4]
total successes of this branch: 2
Matrix on 5 elements:

0    0.00000000  1.98870037  1.61131824  1.81844769  1.67569793
1    1.98870037  0.00000000  1.90702380  1.50278232  1.67919523
2    1.61131824  1.90702380  0.00000000  1.78432363  1.51965474
3    1.81844769  1.50278232  1.78432363  0.00000000  1.62660870
4    1.67569793  1.67919523  1.51965474  1.62660870  0.00000000

--------------------------------------------------------------------------------
n=4
(result of R-step: (0,1:3)0.23994407)
V=[0, 1, 2, 4]
total successes of this branch: 1
Matrix on 4 elements:

0    0.00000000  0.53256116  0.86391165  0.92829133
1    0.53256116  0.00000000  1.19829119  0.97046262
2    0.86391165  1.19829119  0.00000000  1.51965474
4    0.92829133  0.97046262  1.51965474  0.00000000

--------------------------------------------------------------------------------
n=4
(result of R-step: (0,4:2)0.59586926)
V=[0, 1, 3, 4]
total successes of this branch: 1
Matrix on 4 elements:

0    0.00000000  1.24129377  1.07104110  0.33720306
1    1.24129377  0.00000000  1.50278232  1.08810696
3    1.07104110  1.50278232  0.00000000  1.03552042
4    0.33720306  1.08810696  1.03552042  0.00000000

--------------------------------------------------------------------------------
n=4
(result of R-step: (1,2:3)0.45985466)
V=[0, 1, 2, 4]
total successes of this branch: 0
Matrix on 4 elements:

0    0.00000000  1.51124104  0.80247916  1.67569793
1    1.51124104  0.00000000  0.62072538  1.20173590
2    0.80247916  0.62072538  0.00000000  0.71081565
4    1.67569793  1.20173590  0.71081565  0.00000000
reason of abort: no pseudometric
