n=6
V=[0, 1, 2, 3, 4, 5]
total successes of this branch: 2
Matrix on 6 elements:

0    0.00000000  2.68947724  2.61397241  2.62409742  2.61727496  2.61725947
1    2.68947724  0.00000000  2.48472512  2.34879619  2.44038822  2.44059617
2    2.61397241  2.48472512  0.00000000  1.60699661  1.48239326  1.47624034
3    2.62409742  2.34879619  1.60699661  0.00000000  1.54667995  1.54696284
4    2.61727496  2.44038822  1.48239326  1.54667995  0.00000000  0.17665770
5    2.61725947  2.44059617  1.47624034  1.54696284  0.17665770  0.00000000

--------------------------------------------------------------------------------
n=5
(result of R-step: (2,4:5)0.00469013)
V=[0, 1, 2, 3, 4]
total successes of this branch: 2
Matrix on 5 elements:

0    0.00000000  2.68947724  2.52872003  2.62409742  2.53202257
1    2.68947724  0.00000000  2.39947273  2.34879619  2.35513583
2    2.52872003  2.39947273  0.00000000  1.52174422  1.31188849
3    2.62409742  2.34879619  1.52174422  0.00000000  1.46142756
4    2.53202257  2.35513583  1.31188849  1.46142756  0.00000000

--------------------------------------------------------------------------------
n=4
(result of R-step: (0,2:3)0.21525561)
V=[0, 1, 2, 4]
total successes of this branch: 0
Matrix on 4 elements:

0    0.00000000  0.94085800  0.08527283  0.78340334
1    0.94085800  0.00000000  1.70464477  2.35513583
2    0.08527283  1.70464477  0.00000000  0.61706053
4    0.78340334  2.35513583  0.61706053  0.00000000
reason of abort: no pseudometric

--------------------------------------------------------------------------------
n=4
(result of R-step: (0,4:3)0.24498334)
V=[0, 1, 2, 4]
total successes of this branch: 0
Matrix on 4 elements:

0    0.00000000  1.05543568  0.89467848  0.28251650
1    1.05543568  0.00000000  2.39947273  1.73967131
2    0.89467848  2.39947273  0.00000000  0.69642397
4    0.28251650  1.73967131  0.69642397  0.00000000
reason of abort: no pseudometric

--------------------------------------------------------------------------------
n=4
(result of R-step: (1,2:3)0.06137369)
V=[0, 1, 2, 4]
total successes of this branch: 0
Matrix on 4 elements:

0    0.00000000  2.59923635  1.84209502  2.53202257
1    2.59923635  0.00000000  1.62260684  2.26489495
2    1.84209502  1.62260684  0.00000000  0.62526348
4    2.53202257  2.26489495  0.62526348  0.00000000
reason of abort: no pseudometric

--------------------------------------------------------------------------------
n=4
(result of R-step: (1,4:3)0.12662847)
V=[0, 1, 2, 4]
total successes of this branch: 1
Matrix on 4 elements:

0    0.00000000  1.82177743  2.52872003  1.90739510
1    1.82177743  0.00000000  1.53177292  0.86280855
2    2.52872003  1.53177292  0.00000000  0.68726101
4    1.90739510  0.86280855  0.68726101  0.00000000

--------------------------------------------------------------------------------
n=4
(result of R-step: (2,3:4)0.67382296)
V=[0, 1, 2, 3]
total successes of this branch: 1
Matrix on 4 elements:

0    0.00000000  2.68947724  1.90293411  1.91305912
1    2.68947724  0.00000000  1.77368682  1.63775789
2    1.90293411  1.77368682  0.00000000  0.18492001
3    1.91305912  1.63775789  0.18492001  0.00000000
