n=6
V=[0, 1, 2, 3, 4, 5]
total successes of this branch: 1
Matrix on 6 elements:

0    0.00000000  1.25807882  1.08629049  1.16485897  0.46566205  1.15429217
1    1.25807882  0.00000000  1.12432327  1.02693510  1.12313322  1.04003300
2    1.08629049  1.12432327  0.00000000  1.00877425  1.09182485  0.90610977
3    1.16485897  1.02693510  1.00877425  0.00000000  1.14478891  0.34808670
4    0.46566205  1.12313322  1.09182485  1.14478891  0.00000000  1.13766569
5    1.15429217  1.04003300  0.90610977  0.34808670  1.13766569  0.00000000

--------------------------------------------------------------------------------
n=5
(result of R-step: (0,1:4)0.85448449)
V=[0, 1, 2, 3, 5]
total successes of this branch: 1
Matrix on 5 elements:

0    0.00000000  0.92736238  0.92093227  0.99950075  0.98893395
1    0.92736238  0.00000000  0.95896504  0.86157688  0.87467477
2    0.92093227  0.95896504  0.00000000  1.00877425  0.90610977
3    0.99950075  0.86157688  1.00877425  0.00000000  0.34808670
5    0.98893395  0.87467477  0.90610977  0.34808670  0.00000000

--------------------------------------------------------------------------------
n=4
(result of R-step: (0,3:2)0.80101816)
V=[0, 1, 3, 5]
total successes of this branch: 0
Matrix on 4 elements:

0    0.00000000  0.50455237  0.16594166  0.56612394
1    0.50455237  0.00000000  0.45082780  0.87467477
3    0.16594166  0.45082780  0.00000000 -0.06266238
5    0.56612394  0.87467477 -0.06266238  0.00000000
reason of abort: no pseudometric

--------------------------------------------------------------------------------
n=4
(result of R-step: (0,5:2)0.96270557)
V=[0, 1, 3, 5]
total successes of this branch: 0
reason of abort: negative delta/dxy

--------------------------------------------------------------------------------
n=4
(result of R-step: (1,2:0)0.79557520)
V=[1, 2, 3, 5]
total successes of this branch: 1
Matrix on 4 elements:

1    0.00000000  0.44440345  0.46972639  0.48282429
2    0.44440345  0.00000000  0.88606314  0.78339866
3    0.46972639  0.88606314  0.00000000  0.34808670
5    0.48282429  0.78339866  0.34808670  0.00000000
