n=6
V=[0, 1, 2, 3, 4, 5]
total successes of this branch: 2
Matrix on 6 elements:

0    0.00000000  2.02597453  2.02141856  1.84228047  1.46319858  2.02345214
1    2.02597453  0.00000000  2.02517764  2.02557352  2.02572007  1.34255861
2    2.02141856  2.02517764  0.00000000  1.83995695  1.90627032  1.17847846
3    1.84228047  2.02557352  1.83995695  0.00000000  1.18403292  1.92280786
4    1.46319858  2.02572007  1.90627032  1.18403292  0.00000000  1.95958733
5    2.02345214  1.34255861  1.17847846  1.92280786  1.95958733  0.00000000

--------------------------------------------------------------------------------
n=5
(result of R-step: (0,3:4)0.36544021)
V=[0, 1, 2, 3, 5]
total successes of this branch: 2
Matrix on 5 elements:

0    0.00000000  1.62349903  1.61894305  1.03732945  1.62097663
1    1.62349903  0.00000000  2.02517764  1.62309801  1.34255861
2    1.61894305  2.02517764  0.00000000  1.43748144  1.17847846
3    1.03732945  1.62309801  1.43748144  0.00000000  1.52033235
5    1.62097663  1.34255861  1.17847846  1.52033235  0.00000000

--------------------------------------------------------------------------------
n=4
(result of R-step: (0,3:5)0.11894589)
V=[0, 1, 2, 3]
total successes of this branch: 0
reason of abort: negative delta/dxy

--------------------------------------------------------------------------------
n=4
(result of R-step: (1,2:5)0.44635513)
V=[0, 1, 2, 3]
total successes of this branch: 1
Matrix on 4 elements:

0    0.00000000  1.37556931  1.37101333  1.03732945
1    1.37556931  0.00000000  1.52931820  1.37516829
2    1.37101333  1.52931820  0.00000000  1.18955173
3    1.03732945  1.37516829  1.18955173  0.00000000

--------------------------------------------------------------------------------
n=4
(result of R-step: (1,3:0)0.10557870)
V=[1, 2, 3, 5]
total successes of this branch: 1
Matrix on 4 elements:

1    0.00000000  1.77724792  0.95783058  1.09462889
2    1.77724792  0.00000000  1.02014374  1.17847846
3    0.95783058  1.02014374  0.00000000  1.10299464
5    1.09462889  1.17847846  1.10299464  0.00000000

--------------------------------------------------------------------------------
n=4
(result of R-step: (2,5:0)0.99800564)
V=[1, 2, 3, 5]
total successes of this branch: 0
reason of abort: negative delta/dxy
