n=6
V=[0, 1, 2, 3, 4, 5]
total successes of this branch: 1
Matrix on 6 elements:

0    0.00000000  3.30169287  3.08663579  3.14357841  2.44090734  2.82580327
1    3.30169287  0.00000000  3.03207439  2.96313744  3.28177566  3.13293755
2    3.08663579  3.03207439  0.00000000  2.84065490  3.07216474  1.32789347
3    3.14357841  2.96313744  2.84065490  0.00000000  3.09965635  2.94527473
4    2.44090734  3.28177566  3.07216474  3.09965635  0.00000000  1.89012403
5    2.82580327  3.13293755  1.32789347  2.94527473  1.89012403  0.00000000

--------------------------------------------------------------------------------
n=5
(result of R-step: (0,3:1)0.01027951)
V=[0, 2, 3, 4, 5]
total successes of this branch: 1
Matrix on 5 elements:

0    0.00000000  3.01182846  1.68356582  2.36610001  2.75099595
2    3.01182846  0.00000000  1.45544963  3.07216474  1.32789347
3    1.68356582  1.45544963  0.00000000  1.71445108  1.56006946
4    2.36610001  3.07216474  1.71445108  0.00000000  1.89012403
5    2.75099595  1.32789347  1.56006946  1.89012403  0.00000000

--------------------------------------------------------------------------------
n=4
(result of R-step: (2,4:5)0.59606470)
V=[0, 2, 3, 4]
total successes of this branch: 1
Matrix on 4 elements:

0    0.00000000  2.93890208  1.68356582  2.29317363
2    2.93890208  0.00000000  1.38252325  2.92631198
3    1.68356582  1.38252325  0.00000000  1.64152470
4    2.29317363  2.92631198  1.64152470  0.00000000
