n=6
V=[0, 1, 2, 3, 4, 5]
total successes of this branch: 2
Matrix on 6 elements:

0    0.00000000  3.21573888  3.07101980  3.08441073  2.73312237  2.92464719
1    3.21573888  0.00000000  3.11988694  2.28868901  2.60761682  2.89797843
2    3.07101980  3.11988694  0.00000000  3.11382329  3.09909785  1.89621724
3    3.08441073  2.28868901  3.11382329  0.00000000  2.41458454  2.81092249
4    2.73312237  2.60761682  3.09909785  2.41458454  0.00000000  2.17979780
5    2.92464719  2.89797843  1.89621724  2.81092249  2.17979780  0.00000000

--------------------------------------------------------------------------------
n=5
(result of R-step: (2,4:5)0.56681348)
V=[0, 1, 2, 3, 4]
total successes of this branch: 2
Matrix on 5 elements:

0    0.00000000  3.21573888  2.58256121  3.08441073  2.24466378
1    3.21573888  0.00000000  2.63142834  2.28868901  2.11915822
2    2.58256121  2.63142834  0.00000000  2.62536470  2.12218065
3    3.08441073  2.28868901  2.62536470  0.00000000  1.92612594
4    2.24466378  2.11915822  2.12218065  1.92612594  0.00000000

--------------------------------------------------------------------------------
n=4
(result of R-step: (0,1:2)0.49782932)
V=[0, 1, 3, 4]
total successes of this branch: 1
Matrix on 4 elements:

0    0.00000000  1.09880523  2.05276263  1.21301568
1    1.09880523  0.00000000  1.20340347  1.03387268
3    2.05276263  1.20340347  0.00000000  1.92612594
4    1.21301568  1.03387268  1.92612594  0.00000000

--------------------------------------------------------------------------------
n=4
(result of R-step: (0,3:2)0.24105459)
V=[0, 1, 3, 4]
total successes of this branch: 0
Matrix on 4 elements:

0    0.00000000  2.96187075  1.66933680  1.99079565
1    2.96187075  0.00000000  1.12748321  2.11915822
3    1.66933680  1.12748321  0.00000000  0.76492014
4    1.99079565  2.11915822  0.76492014  0.00000000
reason of abort: no pseudometric

--------------------------------------------------------------------------------
n=4
(result of R-step: (2,4:0)0.33002397)
V=[1, 2, 3, 4]
total successes of this branch: 1
Matrix on 4 elements:

1    0.00000000  2.27807249  2.28868901  1.65886261
2    2.27807249  0.00000000  2.27200885  1.30852919
3    2.28868901  2.27200885  0.00000000  1.46583033
4    1.65886261  1.30852919  1.46583033  0.00000000
