n=6
V=[0, 1, 2, 3, 4, 5]
total successes of this branch: 2
Matrix on 6 elements:

0    0.00000000  1.58169318  1.44453099  1.32256023  1.52645407  1.48548935
1    1.58169318  0.00000000  1.42555117  1.48219358  1.15605551  1.22158055
2    1.44453099  1.42555117  0.00000000  1.23027383  1.24383557  1.24111085
3    1.32256023  1.48219358  1.23027383  0.00000000  1.38073833  1.22578289
4    1.52645407  1.15605551  1.24383557  1.38073833  0.00000000  0.76443340
5    1.48548935  1.22158055  1.24111085  1.22578289  0.76443340  0.00000000

--------------------------------------------------------------------------------
n=5
(result of R-step: (3,4:5)0.20091197)
V=[0, 1, 2, 3, 4]
total successes of this branch: 2
Matrix on 5 elements:

0    0.00000000  1.58169318  1.44453099  1.01782124  1.22171509
1    1.58169318  0.00000000  1.42555117  1.17745460  0.85131653
2    1.44453099  1.42555117  0.00000000  0.92553485  0.93909659
3    1.01782124  1.17745460  0.92553485  0.00000000  0.77126037
4    1.22171509  0.85131653  0.93909659  0.77126037  0.00000000

--------------------------------------------------------------------------------
n=4
(result of R-step: (0,4:1)0.31003693)
V=[0, 2, 3, 4]
total successes of this branch: 1
Matrix on 4 elements:

0    0.00000000  0.78492628  0.35821654  0.45863492
2    0.78492628  0.00000000  0.92553485  0.83562113
3    0.35821654  0.92553485  0.00000000  0.66778491
4    0.45863492  0.83562113  0.66778491  0.00000000

--------------------------------------------------------------------------------
n=4
(result of R-step: (1,3:0)0.16320936)
V=[1, 2, 3, 4]
total successes of this branch: 1
Matrix on 4 elements:

1    0.00000000  0.93838121  0.45829063  0.36414657
2    0.93838121  0.00000000  0.69354083  0.93909659
3    0.45829063  0.69354083  0.00000000  0.53926636
4    0.36414657  0.93909659  0.53926636  0.00000000

--------------------------------------------------------------------------------
n=4
(result of R-step: (3,4:0)0.66217950)
V=[1, 2, 3, 4]
total successes of this branch: 0
Matrix on 4 elements:

1    0.00000000  1.42555117  0.99407610  0.56035199
2    1.42555117  0.00000000  0.74215634  0.64813205
3    0.99407610  0.74215634  0.00000000  0.29691733
4    0.56035199  0.64813205  0.29691733  0.00000000
reason of abort: no pseudometric

--------------------------------------------------------------------------------
n=4
(result of R-step: (3,4:1)0.66450424)
V=[0, 2, 3, 4]
total successes of this branch: 0
reason of abort: negative delta/dxy
