n=6
V=[0, 1, 2, 3, 4, 5]
total successes of this branch: 1
Matrix on 6 elements:

0    0.00000000  1.86950063  1.72321646  1.63837410  1.64985337  1.80413556
1    1.86950063  0.00000000  1.80478502  1.85678476  1.84974914  1.15459499
2    1.72321646  1.80478502  0.00000000  1.70246936  1.63673573  1.79795184
3    1.63837410  1.85678476  1.70246936  0.00000000  1.28237093  1.83848800
4    1.64985337  1.84974914  1.63673573  1.28237093  0.00000000  1.83300341
5    1.80413556  1.15459499  1.79795184  1.83848800  1.83300341  0.00000000

--------------------------------------------------------------------------------
n=5
(result of R-step: (0,1:5)0.08377229)
V=[0, 1, 2, 3, 4]
total successes of this branch: 1
Matrix on 5 elements:

0    0.00000000  0.78027070  1.17860149  1.09375913  1.10523840
1    0.78027070  0.00000000  1.26017006  1.31216980  1.30513417
2    1.17860149  1.26017006  0.00000000  1.70246936  1.63673573
3    1.09375913  1.31216980  1.70246936  0.00000000  1.28237093
4    1.10523840  1.30513417  1.63673573  1.28237093  0.00000000

--------------------------------------------------------------------------------
n=4
(result of R-step: (1,3:2)0.80154971)
V=[0, 1, 3, 4]
total successes of this branch: 0
Matrix on 4 elements:

0    0.00000000  0.36629097  0.30116490  1.10523840
1    0.36629097  0.00000000  0.10559584  0.89115445
3    0.30116490  0.10559584  0.00000000  0.48977669
4    1.10523840  0.89115445  0.48977669  0.00000000
reason of abort: no pseudometric

--------------------------------------------------------------------------------
n=4
(result of R-step: (1,3:4)0.59942848)
V=[0, 1, 2, 3]
total successes of this branch: 0
Matrix on 4 elements:

0    0.00000000  0.29637380  1.17860149  0.72375553
1    0.29637380  0.00000000  0.77627316  0.45826930
2    1.17860149  0.77627316  0.00000000  1.33246575
3    0.72375553  0.45826930  1.33246575  0.00000000
reason of abort: no pseudometric

--------------------------------------------------------------------------------
n=4
(result of R-step: (1,4:2)0.97736192)
V=[0, 1, 3, 4]
total successes of this branch: 0
reason of abort: negative delta/dxy

--------------------------------------------------------------------------------
n=4
(result of R-step: (2,3:4)0.13530114)
V=[0, 1, 2, 3]
total successes of this branch: 1
Matrix on 4 elements:

0    0.00000000  0.78027070  0.57028284  0.48544049
1    0.78027070  0.00000000  0.65185141  0.70385115
2    0.57028284  0.65185141  0.00000000  0.48583206
3    0.48544049  0.70385115  0.48583206  0.00000000
