n=6
V=[0, 1, 2, 3, 4, 5]
total successes of this branch: 2
Matrix on 6 elements:

0    0.00000000  1.18006966  0.90666342  1.02181017  0.92197251  0.94679912
1    1.18006966  0.00000000  1.10790916  0.94153277  1.08578895  1.04991679
2    0.90666342  1.10790916  0.00000000  0.87923886  0.45005386  0.55677923
3    1.02181017  0.94153277  0.87923886  0.00000000  0.81342773  0.66559061
4    0.92197251  1.08578895  0.45005386  0.81342773  0.00000000  0.36675321
5    0.94679912  1.04991679  0.55677923  0.66559061  0.36675321  0.00000000

--------------------------------------------------------------------------------
n=5
(result of R-step: (1,2:0)0.57433499)
V=[1, 2, 3, 4, 5]
total successes of this branch: 2
Matrix on 5 elements:

1    0.00000000  0.39198395  0.41772892  0.56198510  0.52611294
2    0.39198395  0.00000000  0.68711750  0.25793249  0.36465787
3    0.41772892  0.68711750  0.00000000  0.81342773  0.66559061
4    0.56198510  0.25793249  0.81342773  0.00000000  0.36675321
5    0.52611294  0.36465787  0.66559061  0.36675321  0.00000000

--------------------------------------------------------------------------------
n=4
(result of R-step: (1,2:5)0.22730771)
V=[1, 2, 3, 4]
total successes of this branch: 0
reason of abort: negative delta/dxy

--------------------------------------------------------------------------------
n=4
(result of R-step: (1,4:5)0.48053302)
V=[1, 2, 3, 4]
total successes of this branch: 0
Matrix on 4 elements:

1    0.00000000  0.19234000  0.21808498  0.30998789
2    0.19234000  0.00000000  0.68711750  0.20557922
3    0.21808498  0.68711750  0.00000000  0.76107446
4    0.30998789  0.20557922  0.76107446  0.00000000
reason of abort: no pseudometric

--------------------------------------------------------------------------------
n=4
(result of R-step: (2,3:1)0.43983290)
V=[2, 3, 4, 5]
total successes of this branch: 1
Matrix on 4 elements:

2    0.00000000  0.56151596  0.24178900  0.34851437
3    0.56151596  0.00000000  0.70396969  0.55613257
4    0.24178900  0.70396969  0.00000000  0.36675321
5    0.34851437  0.55613257  0.36675321  0.00000000

--------------------------------------------------------------------------------
n=4
(result of R-step: (3,4:5)0.24866985)
V=[1, 2, 3, 4]
total successes of this branch: 1
Matrix on 4 elements:

1    0.00000000  0.39198395  0.30827088  0.45252706
2    0.39198395  0.00000000  0.57765945  0.14847445
3    0.30827088  0.57765945  0.00000000  0.59451164
4    0.45252706  0.14847445  0.59451164  0.00000000
