n=6
V=[0, 1, 2, 3, 4, 5]
total successes of this branch: 2
Matrix on 6 elements:

0    0.00000000  2.60120398  2.21230591  2.30874480  1.11076217  2.49936728
1    2.60120398  0.00000000  1.90549184  1.48459197  2.28170686  0.21187045
2    2.21230591  1.90549184  0.00000000  0.62907694  1.27683009  1.86253757
3    2.30874480  1.48459197  0.62907694  0.00000000  1.53737829  1.48819868
4    1.11076217  2.28170686  1.27683009  1.53737829  0.00000000  2.12991042
5    2.49936728  0.21187045  1.86253757  1.48819868  2.12991042  0.00000000

--------------------------------------------------------------------------------
n=5
(result of R-step: (1,4:5)0.93167348)
V=[0, 1, 2, 3, 4]
total successes of this branch: 2
Matrix on 5 elements:

0    0.00000000  2.57116698  2.21230591  2.30874480  1.08072517
1    2.57116698  0.00000000  1.87545484  1.45455497  2.22163286
2    2.21230591  1.87545484  0.00000000  0.62907694  1.24679309
3    2.30874480  1.45455497  0.62907694  0.00000000  1.50734129
4    1.08072517  2.22163286  1.24679309  1.50734129  0.00000000

--------------------------------------------------------------------------------
n=4
(result of R-step: (0,2:4)0.54076248)
V=[0, 1, 2, 3]
total successes of this branch: 1
Matrix on 4 elements:

0    0.00000000  2.48352380  2.03701956  2.22110162
1    2.48352380  0.00000000  1.78781167  1.45455497
2    2.03701956  1.78781167  0.00000000  0.54143377
3    2.22110162  1.45455497  0.54143377  0.00000000

--------------------------------------------------------------------------------
n=4
(result of R-step: (0,3:1)0.26473997)
V=[0, 2, 3, 4]
total successes of this branch: 1
Matrix on 4 elements:

0    0.00000000  2.12466274  2.21015037  0.99308199
2    2.12466274  0.00000000  0.61812570  1.24679309
3    2.21015037  0.61812570  0.00000000  1.49639004
4    0.99308199  1.24679309  1.49639004  0.00000000

--------------------------------------------------------------------------------
n=4
(result of R-step: (2,4:1)0.76783437)
V=[0, 2, 3, 4]
total successes of this branch: 0
reason of abort: negative delta/dxy

--------------------------------------------------------------------------------
n=4
(result of R-step: (3,4:1)0.46690326)
V=[0, 2, 3, 4]
total successes of this branch: 0
reason of abort: negative delta/dxy
