n=6
V=[0, 1, 2, 3, 4, 5]
total successes of this branch: 2
Matrix on 6 elements:

0    0.00000000  0.60427936  0.60337875  0.57005390  0.37266133  0.53631079
1    0.60427936  0.00000000  0.59822669  0.49137625  0.60398509  0.19234682
2    0.60337875  0.59822669  0.00000000  0.59942517  0.59158847  0.59627870
3    0.57005390  0.49137625  0.59942517  0.00000000  0.57148187  0.51488334
4    0.37266133  0.60398509  0.59158847  0.57148187  0.00000000  0.43301925
5    0.53631079  0.19234682  0.59627870  0.51488334  0.43301925  0.00000000

--------------------------------------------------------------------------------
n=5
(result of R-step: (0,3:2)0.27827160)
V=[0, 1, 3, 4, 5]
total successes of this branch: 0
Matrix on 5 elements:

0    0.00000000  0.39491205  0.10757014  0.16329402  0.32694348
1    0.39491205  0.00000000  0.23825980  0.60398509  0.19234682
3    0.10757014  0.23825980  0.00000000  0.31836543  0.26176689
4    0.16329402  0.60398509  0.31836543  0.00000000  0.43301925
5    0.32694348  0.19234682  0.26176689  0.43301925  0.00000000
reason of abort: no pseudometric

--------------------------------------------------------------------------------
n=5
(result of R-step: (1,4:5)0.70654886)
V=[0, 1, 2, 3, 4]
total successes of this branch: 2
Matrix on 5 elements:

0    0.00000000  0.59358887  0.60337875  0.57005390  0.36197084
1    0.59358887  0.00000000  0.58753620  0.48068576  0.58260411
2    0.60337875  0.58753620  0.00000000  0.59942517  0.58089798
3    0.57005390  0.48068576  0.59942517  0.00000000  0.56079138
4    0.36197084  0.58260411  0.58089798  0.56079138  0.00000000

--------------------------------------------------------------------------------
n=4
(result of R-step: (0,1:2)0.38853224)
V=[0, 1, 3, 4]
total successes of this branch: 0
Matrix on 4 elements:

0    0.00000000  0.16917288  0.36878195  0.16069889
1    0.16917288  0.00000000  0.25754172  0.35946007
3    0.36878195  0.25754172  0.00000000  0.56079138
4    0.16069889  0.35946007  0.56079138  0.00000000
reason of abort: no pseudometric

--------------------------------------------------------------------------------
n=4
(result of R-step: (0,3:2)0.27827160)
V=[0, 1, 3, 4]
total successes of this branch: 0
Matrix on 4 elements:

0    0.00000000  0.38422156  0.10757014  0.15260353
1    0.38422156  0.00000000  0.22756931  0.58260411
3    0.10757014  0.22756931  0.00000000  0.30767494
4    0.15260353  0.58260411  0.30767494  0.00000000
reason of abort: no pseudometric

--------------------------------------------------------------------------------
n=4
(result of R-step: (1,4:2)0.65049320)
V=[0, 1, 3, 4]
total successes of this branch: 1
Matrix on 4 elements:

0    0.00000000  0.36824436  0.57005390  0.20292384
1    0.36824436  0.00000000  0.25534125  0.19821260
3    0.57005390  0.25534125  0.00000000  0.40174438
4    0.20292384  0.19821260  0.40174438  0.00000000

--------------------------------------------------------------------------------
n=4
(result of R-step: (2,3:1)0.13029308)
V=[0, 2, 3, 4]
total successes of this branch: 1
Matrix on 4 elements:

0    0.00000000  0.42294322  0.34963951  0.36197084
2    0.42294322  0.00000000  0.19857526  0.40046246
3    0.34963951  0.19857526  0.00000000  0.34037700
4    0.36197084  0.40046246  0.34037700  0.00000000

--------------------------------------------------------------------------------
n=4
(result of R-step: (3,4:2)0.76282176)
V=[0, 1, 3, 4]
total successes of this branch: 0
Matrix on 4 elements:

0    0.00000000  0.59358887  0.31852723  0.21348233
1    0.59358887  0.00000000  0.22915909  0.43411560
3    0.31852723  0.22915909  0.00000000  0.16077620
4    0.21348233  0.43411560  0.16077620  0.00000000
reason of abort: no pseudometric
