n=6
V=[0, 1, 2, 3, 4, 5]
total successes of this branch: 2
Matrix on 6 elements:

0    0.00000000  2.33549636  2.14083975  2.27799989  1.81594816  1.93035010
1    2.33549636  0.00000000  2.05192097  1.37145942  2.14791793  1.95567028
2    2.14083975  2.05192097  0.00000000  2.05692572  1.50600035  1.64240700
3    2.27799989  1.37145942  2.05692572  0.00000000  2.13176454  1.81377019
4    1.81594816  2.14791793  1.50600035  2.13176454  0.00000000  1.16542889
5    1.93035010  1.95567028  1.64240700  1.81377019  1.16542889  0.00000000

--------------------------------------------------------------------------------
n=5
(result of R-step: (1,2:0)0.06695399)
V=[1, 2, 3, 4, 5]
total successes of this branch: 0
reason of abort: negative delta/dxy

--------------------------------------------------------------------------------
n=5
(result of R-step: (3,4:5)0.24759552)
V=[0, 1, 2, 3, 4]
total successes of this branch: 2
Matrix on 5 elements:

0    0.00000000  2.33549636  2.14083975  1.85428263  1.39223090
1    2.33549636  0.00000000  2.05192097  0.94774215  1.72420067
2    2.14083975  2.05192097  0.00000000  1.63320845  1.08228308
3    1.85428263  0.94774215  1.63320845  0.00000000  1.28433001
4    1.39223090  1.72420067  1.08228308  1.28433001  0.00000000

--------------------------------------------------------------------------------
n=4
(result of R-step: (1,2:0)0.06695399)
V=[1, 2, 3, 4]
total successes of this branch: 0
reason of abort: negative delta/dxy

--------------------------------------------------------------------------------
n=4
(result of R-step: (1,4:0)0.37405789)
V=[1, 2, 3, 4]
total successes of this branch: 0
Matrix on 4 elements:

1    0.00000000  1.30285163  0.19867281  0.93405399
2    1.30285163  0.00000000  1.63320845  1.04120575
3    0.19867281  1.63320845  0.00000000  1.24325267
4    0.93405399  1.04120575  1.24325267  0.00000000
reason of abort: no pseudometric

--------------------------------------------------------------------------------
n=4
(result of R-step: (1,4:2)0.31232517)
V=[0, 1, 3, 4]
total successes of this branch: 1
Matrix on 4 elements:

0    0.00000000  1.67556192  1.85428263  1.32696131
1    1.67556192  0.00000000  0.28780771  0.99899664
3    1.85428263  0.28780771  0.00000000  1.21906042
4    1.32696131  0.99899664  1.21906042  0.00000000

--------------------------------------------------------------------------------
n=4
(result of R-step: (2,3:0)0.97981021)
V=[1, 2, 3, 4]
total successes of this branch: 0
reason of abort: negative delta/dxy

--------------------------------------------------------------------------------
n=4
(result of R-step: (3,4:0)0.33694923)
V=[1, 2, 3, 4]
total successes of this branch: 1
Matrix on 4 elements:

1    0.00000000  2.05192097  0.75515552  1.65893108
2    2.05192097  0.00000000  1.44062183  1.01701349
3    0.75515552  1.44062183  0.00000000  1.02647380
4    1.65893108  1.01701349  1.02647380  0.00000000

--------------------------------------------------------------------------------
n=4
(result of R-step: (3,4:2)0.33983453)
V=[0, 1, 3, 4]
total successes of this branch: 0
Matrix on 4 elements:

0    0.00000000  2.33549636  1.56921682  1.35115356
1    2.33549636  0.00000000  0.66267635  1.68312333
3    1.56921682  0.66267635  0.00000000  0.95818687
4    1.35115356  1.68312333  0.95818687  0.00000000
reason of abort: no pseudometric
