n=6
V=[0, 1, 2, 3, 4, 5]
total successes of this branch: 1
Matrix on 6 elements:

0    0.00000000  1.66209822  1.48097299  1.29583404  1.37119990  1.14239253
1    1.66209822  0.00000000  1.66038654  1.66186783  1.34330746  0.61646489
2    1.48097299  1.66038654  0.00000000  1.45217805  1.49502093  1.60081974
3    1.29583404  1.66186783  1.45217805  0.00000000  0.43228352  1.54034154
4    1.37119990  1.34330746  1.49502093  0.43228352  0.00000000  1.35256798
5    1.14239253  0.61646489  1.60081974  1.54034154  1.35256798  0.00000000

--------------------------------------------------------------------------------
n=5
(result of R-step: (0,1:5)0.33200839)
V=[0, 1, 2, 3, 4]
total successes of this branch: 1
Matrix on 5 elements:

0    0.00000000  1.56533903  1.43259339  1.24745444  1.32282030
1    1.56533903  0.00000000  1.61200695  1.61348824  1.29492786
2    1.43259339  1.61200695  0.00000000  1.45217805  1.49502093
3    1.24745444  1.61348824  1.45217805  0.00000000  0.43228352
4    1.32282030  1.29492786  1.49502093  0.43228352  0.00000000

--------------------------------------------------------------------------------
n=4
(result of R-step: (1,3:4)0.20576912)
V=[0, 1, 2, 3]
total successes of this branch: 1
Matrix on 4 elements:

0    0.00000000  1.55685705  1.43259339  1.19059287
1    1.55685705  0.00000000  1.60352498  1.54814470
2    1.43259339  1.60352498  0.00000000  1.39531648
3    1.19059287  1.54814470  1.39531648  0.00000000
