n=6
V=[0, 1, 2, 3, 4, 5]
total successes of this branch: 2
Matrix on 6 elements:

0    0.00000000  1.89560447  1.88595103  1.55250694  1.89029272  1.88839351
1    1.89560447  0.00000000  1.80949401  1.70386074  1.43628782  1.43779226
2    1.88595103  1.80949401  0.00000000  1.85854074  1.35290172  1.35574469
3    1.55250694  1.70386074  1.85854074  0.00000000  1.78897260  1.78119280
4    1.89029272  1.43628782  1.35290172  1.78897260  0.00000000  0.41306813
5    1.88839351  1.43779226  1.35574469  1.78119280  0.41306813  0.00000000

--------------------------------------------------------------------------------
n=5
(result of R-step: (3,4:5)0.00562253)
V=[0, 1, 2, 3, 4]
total successes of this branch: 2
Matrix on 5 elements:

0    0.00000000  1.89560447  1.88595103  1.34986278  1.68764855
1    1.89560447  0.00000000  1.80949401  1.50121658  1.23364366
2    1.88595103  1.80949401  0.00000000  1.65589658  1.15025756
3    1.34986278  1.50121658  1.65589658  0.00000000  1.38368428
4    1.68764855  1.23364366  1.15025756  1.38368428  0.00000000

--------------------------------------------------------------------------------
n=4
(result of R-step: (0,1:3)0.80423722)
V=[0, 1, 2, 4]
total successes of this branch: 1
Matrix on 4 elements:

0    0.00000000  0.66352484  1.14371916  0.94541668
1    0.66352484  0.00000000  1.31964625  0.74379590
2    1.14371916  1.31964625  0.00000000  1.15025756
4    0.94541668  0.74379590  1.15025756  0.00000000

--------------------------------------------------------------------------------
n=4
(result of R-step: (2,3:0)0.16692436)
V=[1, 2, 3, 4]
total successes of this branch: 1
Matrix on 4 elements:

1    0.00000000  1.31964625  1.06276634  1.23364366
2    1.31964625  0.00000000  0.72759858  0.66040979
3    1.06276634  0.72759858  0.00000000  0.94523404
4    1.23364366  0.66040979  0.94523404  0.00000000

--------------------------------------------------------------------------------
n=4
(result of R-step: (3,4:0)0.30971508)
V=[1, 2, 3, 4]
total successes of this branch: 0
reason of abort: negative delta/dxy
