n=6
V=[0, 1, 2, 3, 4, 5]
total successes of this branch: 1
Matrix on 6 elements:

0    0.00000000  1.14165752  0.80396342  0.91198976  0.83177751  0.55449878
1    1.14165752  0.00000000  1.04413374  0.92147277  0.99264160  0.87936847
2    0.80396342  1.04413374  0.00000000  0.78335227  0.47045381  0.87812224
3    0.91198976  0.92147277  0.78335227  0.00000000  0.79472853  0.91491789
4    0.83177751  0.99264160  0.47045381  0.79472853  0.00000000  0.88144847
5    0.55449878  0.87936847  0.87812224  0.91491789  0.88144847  0.00000000

--------------------------------------------------------------------------------
n=5
(result of R-step: (0,1:5)0.69122405)
V=[0, 1, 2, 3, 4]
total successes of this branch: 1
Matrix on 5 elements:

0    0.00000000  0.84944778  0.65785855  0.76588489  0.68567264
1    0.84944778  0.00000000  0.89802888  0.77536790  0.84653673
2    0.65785855  0.89802888  0.00000000  0.78335227  0.47045381
3    0.76588489  0.77536790  0.78335227  0.00000000  0.79472853
4    0.68567264  0.84653673  0.47045381  0.79472853  0.00000000

--------------------------------------------------------------------------------
n=4
(result of R-step: (0,1:3)0.79272966)
V=[0, 1, 2, 4]
total successes of this branch: 0
Matrix on 4 elements:

0    0.00000000  0.46180867  0.33359540  0.36140950
1    0.46180867  0.00000000  0.83465291  0.78316076
2    0.33359540  0.83465291  0.00000000  0.47045381
4    0.36140950  0.78316076  0.47045381  0.00000000
reason of abort: no pseudometric

--------------------------------------------------------------------------------
n=4
(result of R-step: (1,2:4)0.08236475)
V=[0, 1, 2, 3]
total successes of this branch: 1
Matrix on 4 elements:

0    0.00000000  0.78607182  0.44837771  0.76588489
1    0.78607182  0.00000000  0.62517208  0.71199194
2    0.44837771  0.62517208  0.00000000  0.57387144
3    0.76588489  0.71199194  0.57387144  0.00000000

--------------------------------------------------------------------------------
n=4
(result of R-step: (1,4:3)0.88205563)
V=[0, 1, 2, 4]
total successes of this branch: 0
reason of abort: negative delta/dxy

--------------------------------------------------------------------------------
n=4
(result of R-step: (2,3:4)0.65621761)
V=[0, 1, 2, 3]
total successes of this branch: 0
Matrix on 4 elements:

0    0.00000000  0.84944778  0.49748906  0.34410290
1    0.84944778  0.00000000  0.73765939  0.35358591
2    0.49748906  0.73765939  0.00000000  0.20120080
3    0.34410290  0.35358591  0.20120080  0.00000000
reason of abort: no pseudometric
