n=6
V=[0, 1, 2, 3, 4, 5]
total successes of this branch: 1
Matrix on 6 elements:

0    0.00000000  3.41385211  1.71211966  2.83218046  3.31458313  1.04110571
1    3.41385211  0.00000000  2.93809692  1.27172762  0.18361303  2.65590728
2    1.71211966  2.93809692  0.00000000  2.07271553  2.90154452  1.83970878
3    2.83218046  1.27172762  2.07271553  0.00000000  1.31825238  1.85142927
4    3.31458313  0.18361303  2.90154452  1.31825238  0.00000000  2.60822429
5    1.04110571  2.65590728  1.83970878  1.85142927  2.60822429  0.00000000

--------------------------------------------------------------------------------
n=5
(result of R-step: (0,3:5)0.64617144)
V=[0, 1, 2, 3, 4]
total successes of this branch: 1
Matrix on 5 elements:

0    0.00000000  3.38367485  1.68194240  2.77182594  3.28440587
1    3.38367485  0.00000000  2.93809692  1.24155036  0.18361303
2    1.68194240  2.93809692  0.00000000  2.04253828  2.90154452
3    2.77182594  1.24155036  2.04253828  0.00000000  1.28807512
4    3.28440587  0.18361303  2.90154452  1.28807512  0.00000000

--------------------------------------------------------------------------------
n=4
(result of R-step: (0,1:4)0.02981491)
V=[0, 1, 2, 3]
total successes of this branch: 1
Matrix on 4 elements:

0    0.00000000  3.32950805  1.66994763  2.75983117
1    3.32950805  0.00000000  2.89592489  1.19937834
2    1.66994763  2.89592489  0.00000000  2.04253828
3    2.75983117  1.19937834  2.04253828  0.00000000

--------------------------------------------------------------------------------
n=4
(result of R-step: (1,2:4)0.94174590)
V=[0, 1, 2, 3]
total successes of this branch: 0
Matrix on 4 elements:

0    0.00000000  3.37698891  0.52545838  2.77182594
1    3.37698891  0.00000000  1.77492697  1.23486443
2    0.52545838  1.77492697  0.00000000  0.88605425
3    2.77182594  1.23486443  0.88605425  0.00000000
reason of abort: no pseudometric

--------------------------------------------------------------------------------
n=4
(result of R-step: (3,4:1)0.18103872)
V=[0, 2, 3, 4]
total successes of this branch: 0
reason of abort: negative delta/dxy
