n=6
V=[0, 1, 2, 3, 4, 5]
total successes of this branch: 1
Matrix on 6 elements:

0    0.00000000  0.62641639  0.61517698  0.50819577  0.59985552  0.51724567
1    0.62641639  0.00000000  0.61163148  0.62356074  0.61222475  0.62255160
2    0.61517698  0.61163148  0.00000000  0.58956754  0.24867400  0.54813290
3    0.50819577  0.62356074  0.58956754  0.00000000  0.58630234  0.14119234
4    0.59985552  0.61222475  0.24867400  0.58630234  0.00000000  0.55774124
5    0.51724567  0.62255160  0.54813290  0.14119234  0.55774124  0.00000000

--------------------------------------------------------------------------------
n=5
(result of R-step: (2,3:5)0.08459332)
V=[0, 1, 2, 3, 4]
total successes of this branch: 1
Matrix on 5 elements:

0    0.00000000  0.62641639  0.56529813  0.45831692  0.59985552
1    0.62641639  0.00000000  0.56175263  0.57368189  0.61222475
2    0.56529813  0.56175263  0.00000000  0.48980984  0.19879515
3    0.45831692  0.57368189  0.48980984  0.00000000  0.53642349
4    0.59985552  0.61222475  0.19879515  0.53642349  0.00000000

--------------------------------------------------------------------------------
n=4
(result of R-step: (0,2:4)0.04012698)
V=[0, 1, 2, 3]
total successes of this branch: 1
Matrix on 4 elements:

0    0.00000000  0.50974013  0.38182444  0.34164065
1    0.50974013  0.00000000  0.49495521  0.57368189
2    0.38182444  0.49495521  0.00000000  0.42301243
3    0.34164065  0.57368189  0.42301243  0.00000000

--------------------------------------------------------------------------------
n=4
(result of R-step: (1,2:4)0.52985735)
V=[0, 1, 2, 3]
total successes of this branch: 0
reason of abort: negative delta/dxy

--------------------------------------------------------------------------------
n=4
(result of R-step: (2,3:4)0.86616204)
V=[0, 1, 2, 3]
total successes of this branch: 0
Matrix on 4 elements:

0    0.00000000  0.62641639  0.51659797  0.22186210
1    0.62641639  0.00000000  0.51305247  0.33722707
2    0.51659797  0.51305247  0.00000000  0.20465487
3    0.22186210  0.33722707  0.20465487  0.00000000
reason of abort: no pseudometric
