n=6
V=[0, 1, 2, 3, 4, 5]
total successes of this branch: 1
Matrix on 6 elements:

0    0.00000000  2.68542328  2.07221368  1.02016198  2.42123335  0.92346296
1    2.68542328  0.00000000  2.45024498  2.68132037  0.61136052  2.60055975
2    2.07221368  2.45024498  0.00000000  2.05353374  2.40753271  1.42366104
3    1.02016198  2.68132037  2.05353374  0.00000000  2.49363265  1.39305172
4    2.42123335  0.61136052  2.40753271  2.49363265  0.00000000  2.41628950
5    0.92346296  2.60055975  1.42366104  1.39305172  2.41628950  0.00000000

--------------------------------------------------------------------------------
n=5
(result of R-step: (0,2:5)0.63915238)
V=[0, 1, 2, 3, 4]
total successes of this branch: 1
Matrix on 5 elements:

0    0.00000000  2.54796812  1.79730336  0.88270682  2.28377818
1    2.54796812  0.00000000  2.31278981  2.68132037  0.61136052
2    1.79730336  2.31278981  0.00000000  1.91607858  2.27007755
3    0.88270682  2.68132037  1.91607858  0.00000000  2.49363265
4    2.28377818  0.61136052  2.27007755  2.49363265  0.00000000

--------------------------------------------------------------------------------
n=4
(result of R-step: (0,2:3)0.65458274)
V=[0, 1, 2, 4]
total successes of this branch: 1
Matrix on 4 elements:

0    0.00000000  2.51183799  1.00121131  2.24764805
1    2.51183799  0.00000000  1.55282790  0.61136052
2    1.00121131  1.55282790  0.00000000  1.51011564
4    2.24764805  0.61136052  1.51011564  0.00000000

--------------------------------------------------------------------------------
n=4
(result of R-step: (2,4:1)0.83995223)
V=[0, 2, 3, 4]
total successes of this branch: 0
reason of abort: negative delta/dxy
