n=6
V=[0, 1, 2, 3, 4, 5]
total successes of this branch: 2
Matrix on 6 elements:

0    0.00000000  1.51559932  1.44747681  1.05786144  1.12981927  1.08351066
1    1.51559932  0.00000000  0.74849712  1.11268360  1.02960573  1.08307067
2    1.44747681  0.74849712  0.00000000  1.01642799  0.97430842  1.00141456
3    1.05786144  1.11268360  1.01642799  0.00000000  0.66728685  0.25704218
4    1.12981927  1.02960573  0.97430842  0.66728685  0.00000000  0.44006227
5    1.08351066  1.08307067  1.00141456  0.25704218  0.44006227  0.00000000

--------------------------------------------------------------------------------
n=5
(result of R-step: (0,1:2)0.26418622)
V=[0, 1, 3, 4, 5]
total successes of this branch: 0
Matrix on 5 elements:

0    0.00000000  0.43986141  0.27422802  0.34618585  0.29987724
1    0.43986141  0.00000000  0.82057912  0.73750125  0.79096618
3    0.27422802  0.82057912  0.00000000  0.66728685  0.25704218
4    0.34618585  0.73750125  0.66728685  0.00000000  0.44006227
5    0.29987724  0.79096618  0.25704218  0.44006227  0.00000000
reason of abort: no pseudometric

--------------------------------------------------------------------------------
n=5
(result of R-step: (3,4:5)0.64355209)
V=[0, 1, 2, 3, 4]
total successes of this branch: 2
Matrix on 5 elements:

0    0.00000000  1.51559932  1.44747681  1.04295264  1.11491047
1    1.51559932  0.00000000  0.74849712  1.09777480  1.01469693
2    1.44747681  0.74849712  0.00000000  1.00151919  0.95939962
3    1.04295264  1.09777480  1.00151919  0.00000000  0.63746924
4    1.11491047  1.01469693  0.95939962  0.63746924  0.00000000

--------------------------------------------------------------------------------
n=4
(result of R-step: (0,1:2)0.26418622)
V=[0, 1, 3, 4]
total successes of this branch: 0
Matrix on 4 elements:

0    0.00000000  0.43986141  0.25931922  0.33127705
1    0.43986141  0.00000000  0.80567031  0.72259244
3    0.25931922  0.80567031  0.00000000  0.63746924
4    0.33127705  0.72259244  0.63746924  0.00000000
reason of abort: no pseudometric

--------------------------------------------------------------------------------
n=4
(result of R-step: (0,1:4)0.89043036)
V=[0, 1, 2, 3]
total successes of this branch: 0
Matrix on 4 elements:

0    0.00000000  0.40194987  0.68361189  0.27908771
1    0.40194987  0.00000000  0.39871259  0.74799028
2    0.68361189  0.39871259  0.00000000  1.00151919
3    0.27908771  0.74799028  1.00151919  0.00000000
reason of abort: no pseudometric

--------------------------------------------------------------------------------
n=4
(result of R-step: (0,2:4)0.86850889)
V=[0, 1, 2, 3]
total successes of this branch: 0
Matrix on 4 elements:

0    0.00000000  0.75301909  0.29594101  0.28037242
1    0.75301909  0.00000000  0.35954153  1.09777480
2    0.29594101  0.35954153  0.00000000  0.61256361
3    0.28037242  1.09777480  0.61256361  0.00000000
reason of abort: no pseudometric

--------------------------------------------------------------------------------
n=4
(result of R-step: (1,3:2)0.86559081)
V=[0, 1, 3, 4]
total successes of this branch: 1
Matrix on 4 elements:

0    0.00000000  1.16581479  0.83504327  1.11491047
1    1.16581479  0.00000000  0.54008091  0.66491241
3    0.83504327  0.54008091  0.00000000  0.42955988
4    1.11491047  0.66491241  0.42955988  0.00000000

--------------------------------------------------------------------------------
n=4
(result of R-step: (1,3:4)0.15720314)
V=[0, 1, 2, 3]
total successes of this branch: 1
Matrix on 4 elements:

0    0.00000000  1.22349483  1.44747681  0.76575695
1    1.22349483  0.00000000  0.45639263  0.52847463
2    1.44747681  0.45639263  0.00000000  0.72432351
3    0.76575695  0.52847463  0.72432351  0.00000000

--------------------------------------------------------------------------------
n=4
(result of R-step: (1,4:2)0.52810035)
V=[0, 1, 3, 4]
total successes of this branch: 0
Matrix on 4 elements:

0    0.00000000  1.37481209  1.04295264  0.79431753
1    1.37481209  0.00000000  0.95698758  0.55331677
3    1.04295264  0.95698758  0.00000000  0.31687630
4    0.79431753  0.55331677  0.31687630  0.00000000
reason of abort: no pseudometric

--------------------------------------------------------------------------------
n=4
(result of R-step: (2,3:4)0.20567169)
V=[0, 1, 2, 3]
total successes of this branch: 0
Matrix on 4 elements:

0    0.00000000  1.51559932  1.02178403  0.76427289
1    1.51559932  0.00000000  0.32280433  0.81909505
2    1.02178403  0.32280433  0.00000000  0.29714665
3    0.76427289  0.81909505  0.29714665  0.00000000
reason of abort: no pseudometric
