n=6
V=[0, 1, 2, 3, 4, 5]
total successes of this branch: 2
Matrix on 6 elements:

0    0.00000000  1.67918076  1.23211373  0.90913685  0.54793333  0.69041360
1    1.67918076  0.00000000  1.39681127  1.54703912  1.63916941  1.58869843
2    1.23211373  1.39681127  0.00000000  0.94802064  1.14609279  0.94979415
3    0.90913685  1.54703912  0.94802064  0.00000000  0.75226943  0.79303454
4    0.54793333  1.63916941  1.14609279  0.75226943  0.00000000  0.39977894
5    0.69041360  1.58869843  0.94979415  0.79303454  0.39977894  0.00000000

--------------------------------------------------------------------------------
n=5
(result of R-step: (0,1:3)0.47284525)
V=[0, 1, 2, 4, 5]
total successes of this branch: 0
Matrix on 5 elements:

0    0.00000000  0.19557821  0.81457447  0.13039407  0.27287434
1    0.19557821  0.00000000  0.33074798  0.57310612  0.52263514
2    0.81457447  0.33074798  0.00000000  1.14609279  0.94979415
4    0.13039407  0.57310612  1.14609279  0.00000000  0.39977894
5    0.27287434  0.52263514  0.94979415  0.39977894  0.00000000
reason of abort: no pseudometric

--------------------------------------------------------------------------------
n=5
(result of R-step: (2,4:5)0.20824957)
V=[0, 1, 2, 3, 4]
total successes of this branch: 2
Matrix on 5 elements:

0    0.00000000  1.67918076  1.13037358  0.90913685  0.44619318
1    1.67918076  0.00000000  1.29507112  1.54703912  1.53742926
2    1.13037358  1.29507112  0.00000000  0.84628049  0.94261249
3    0.90913685  1.54703912  0.84628049  0.00000000  0.65052928
4    0.44619318  1.53742926  0.94261249  0.65052928  0.00000000

--------------------------------------------------------------------------------
n=4
(result of R-step: (0,1:3)0.47284525)
V=[0, 1, 2, 4]
total successes of this branch: 0
Matrix on 4 elements:

0    0.00000000  0.19557821  0.71283432  0.02865392
1    0.19557821  0.00000000  0.22900783  0.47136597
2    0.71283432  0.22900783  0.00000000  0.94261249
4    0.02865392  0.47136597  0.94261249  0.00000000
reason of abort: no pseudometric

--------------------------------------------------------------------------------
n=4
(result of R-step: (0,2:3)0.61786862)
V=[0, 1, 2, 4]
total successes of this branch: 0
Matrix on 4 elements:

0    0.00000000  1.30487228  0.58175409  0.07188470
1    1.30487228  0.00000000  1.12076011  1.53742926
2    0.58175409  1.12076011  0.00000000  0.76830148
4    0.07188470  1.53742926  0.76830148  0.00000000
reason of abort: no pseudometric

--------------------------------------------------------------------------------
n=4
(result of R-step: (1,3:2)0.60627126)
V=[0, 1, 3, 4]
total successes of this branch: 1
Matrix on 4 elements:

0    0.00000000  0.91089750  0.71360389  0.44619318
1    0.91089750  0.00000000  0.58322290  0.76914600
3    0.71360389  0.58322290  0.00000000  0.45499633
4    0.44619318  0.76914600  0.45499633  0.00000000

--------------------------------------------------------------------------------
n=4
(result of R-step: (1,4:3)0.63515875)
V=[0, 1, 2, 4]
total successes of this branch: 0
reason of abort: negative delta/dxy

--------------------------------------------------------------------------------
n=4
(result of R-step: (2,4:3)0.48927679)
V=[0, 1, 2, 4]
total successes of this branch: 1
Matrix on 4 elements:

0    0.00000000  1.67918076  0.88851013  0.38633611
1    1.67918076  0.00000000  1.05320768  1.47757219
2    0.88851013  1.05320768  0.00000000  0.64089197
4    0.38633611  1.47757219  0.64089197  0.00000000
