n=6
V=[0, 1, 2, 3, 4, 5]
total successes of this branch: 2
Matrix on 6 elements:

0    0.00000000  1.88491001  1.63975300  1.62538004  1.63323751  1.36513925
1    1.88491001  0.00000000  1.87074368  1.88153388  1.87563504  1.88378401
2    1.63975300  1.87074368  0.00000000  1.63525587  1.46797430  1.63825313
3    1.62538004  1.88153388  1.63525587  0.00000000  1.49654468  1.49515207
4    1.63323751  1.87563504  1.46797430  1.49654468  0.00000000  1.58764813
5    1.36513925  1.88378401  1.63825313  1.49515207  1.58764813  0.00000000

--------------------------------------------------------------------------------
n=5
(result of R-step: (0,3:5)0.66648300)
V=[0, 1, 2, 3, 4]
total successes of this branch: 2
Matrix on 5 elements:

0    0.00000000  1.26745437  1.02229736  0.39046876  1.01578188
1    1.26745437  0.00000000  1.87074368  1.26407825  1.87563504
2    1.02229736  1.87074368  0.00000000  1.01780023  1.46797430
3    0.39046876  1.26407825  1.01780023  0.00000000  0.87908905
4    1.01578188  1.87563504  1.46797430  0.87908905  0.00000000

--------------------------------------------------------------------------------
n=4
(result of R-step: (1,3:0)0.92056656)
V=[1, 2, 3, 4]
total successes of this branch: 1
Matrix on 4 elements:

1    0.00000000  0.81284170  0.15900035  0.81773306
2    0.81284170  0.00000000  0.97062432  1.46797430
3    0.15900035  0.97062432  0.00000000  0.83191313
4    0.81773306  1.46797430  0.83191313  0.00000000

--------------------------------------------------------------------------------
n=4
(result of R-step: (2,3:4)0.54668474)
V=[0, 1, 2, 3]
total successes of this branch: 1
Matrix on 4 elements:

0    0.00000000  1.26745437  0.35766580  0.34329284
1    1.26745437  0.00000000  1.20611213  1.21690233
2    0.35766580  1.20611213  0.00000000  0.30599276
3    0.34329284  1.21690233  0.30599276  0.00000000

--------------------------------------------------------------------------------
n=4
(result of R-step: (2,4:0)0.83257846)
V=[1, 2, 3, 4]
total successes of this branch: 0
reason of abort: negative delta/dxy
