n=6
V=[0, 1, 2, 3, 4, 5]
total successes of this branch: 1
Matrix on 6 elements:

0    0.00000000  2.50104537  2.49312438  2.39888786  2.46645696  2.29640748
1    2.50104537  0.00000000  2.50059816  2.50076629  2.50061376  2.50068060
2    2.49312438  2.50059816  0.00000000  2.33669417  1.75503965  1.86934336
3    2.39888786  2.50076629  2.33669417  0.00000000  2.33886290  2.34815869
4    2.46645696  2.50061376  1.75503965  2.33886290  0.00000000  1.53845874
5    2.29640748  2.50068060  1.86934336  2.34815869  1.53845874  0.00000000

--------------------------------------------------------------------------------
n=5
(result of R-step: (0,4:5)0.15486529)
V=[0, 1, 2, 3, 4]
total successes of this branch: 1
Matrix on 5 elements:

0    0.00000000  1.81684074  1.80891975  1.71468323  1.09804769
1    1.81684074  0.00000000  2.50059816  2.50076629  1.81640912
2    1.80891975  2.50059816  0.00000000  2.33669417  1.07083502
3    1.71468323  2.50076629  2.33669417  0.00000000  1.65465827
4    1.09804769  1.81640912  1.07083502  1.65465827  0.00000000

--------------------------------------------------------------------------------
n=4
(result of R-step: (0,2:1)0.89568829)
V=[0, 2, 3, 4]
total successes of this branch: 1
Matrix on 4 elements:

0    0.00000000  0.53968041  1.20839706  0.59176152
2    0.53968041  0.00000000  1.57374100  0.30788186
3    1.20839706  1.57374100  0.00000000  1.65465827
4    0.59176152  0.30788186  1.65465827  0.00000000

--------------------------------------------------------------------------------
n=4
(result of R-step: (0,3:1)0.07466812)
V=[0, 2, 3, 4]
total successes of this branch: 0
Matrix on 4 elements:

0    0.00000000  1.62893826  0.36246169  0.91806621
2    1.62893826  0.00000000  1.16445411  1.07083502
3    0.36246169  1.16445411  0.00000000  0.48241821
4    0.91806621  1.07083502  0.48241821  0.00000000
reason of abort: no pseudometric

--------------------------------------------------------------------------------
n=4
(result of R-step: (0,4:1)0.86077239)
V=[0, 2, 3, 4]
total successes of this branch: 0
Matrix on 4 elements:

0    0.00000000  1.30383733  1.20960082  0.31715865
2    1.30383733  0.00000000  2.33669417  0.79502838
3    1.20960082  2.33669417  0.00000000  1.37885163
4    0.31715865  0.79502838  1.37885163  0.00000000
reason of abort: no pseudometric
