n=6
V=[0, 1, 2, 3, 4, 5]
total successes of this branch: 2
Matrix on 6 elements:

0    0.00000000  2.63294823  2.54514869  2.54568966  2.57549338  2.55567168
1    2.63294823  0.00000000  2.59263618  2.23625247  2.36453663  2.27921808
2    2.54514869  2.59263618  0.00000000  2.58407403  2.16075073  2.44229233
3    2.54568966  2.23625247  2.58407403  0.00000000  2.46386229  0.99861172
4    2.57549338  2.36453663  2.16075073  2.46386229  0.00000000  1.72597585
5    2.55567168  2.27921808  2.44229233  0.99861172  1.72597585  0.00000000

--------------------------------------------------------------------------------
n=5
(result of R-step: (3,4:5)0.66507465)
V=[0, 1, 2, 3, 4]
total successes of this branch: 2
Matrix on 5 elements:

0    0.00000000  2.63294823  2.54514869  2.41532702  2.44513074
1    2.63294823  0.00000000  2.59263618  2.10588983  2.23417399
2    2.54514869  2.59263618  0.00000000  2.45371139  2.03038810
3    2.41532702  2.10588983  2.45371139  0.00000000  2.20313702
4    2.44513074  2.23417399  2.03038810  2.20313702  0.00000000

--------------------------------------------------------------------------------
n=4
(result of R-step: (0,4:2)0.57822577)
V=[0, 1, 3, 4]
total successes of this branch: 1
Matrix on 4 elements:

0    0.00000000  1.43447613  1.21685492  0.66735601
1    1.43447613  0.00000000  2.10588983  1.65487136
3    1.21685492  2.10588983  0.00000000  1.62383439
4    0.66735601  1.65487136  1.62383439  0.00000000

--------------------------------------------------------------------------------
n=4
(result of R-step: (1,2:4)0.34561324)
V=[0, 1, 2, 3]
total successes of this branch: 1
Matrix on 4 elements:

0    0.00000000  1.66662265  1.57882310  2.41532702
1    1.66662265  0.00000000  0.65998500  1.13956424
2    1.57882310  0.65998500  0.00000000  1.48738580
3    2.41532702  1.13956424  1.48738580  0.00000000

--------------------------------------------------------------------------------
n=4
(result of R-step: (2,3:4)0.27591379)
V=[0, 1, 2, 3]
total successes of this branch: 0
Matrix on 4 elements:

0    0.00000000  2.63294823  2.07452092  1.35734521
1    2.63294823  0.00000000  2.12200841  1.04790802
2    2.07452092  2.12200841  0.00000000  0.92510181
3    1.35734521  1.04790802  0.92510181  0.00000000
reason of abort: no pseudometric
