n=6
V=[0, 1, 2, 3, 4, 5]
total successes of this branch: 2
Matrix on 6 elements:

0    0.00000000  1.34861863  1.20695345  0.88780332  0.87716602  0.35958591
1    1.34861863  0.00000000  1.33371868  1.06180650  1.07239890  1.34470488
2    1.20695345  1.33371868  0.00000000  1.25558437  1.25378835  1.20761706
3    0.88780332  1.06180650  1.25558437  0.00000000  0.61041278  0.88387298
4    0.87716602  1.07239890  1.25378835  0.61041278  0.00000000  0.86972704
5    0.35958591  1.34470488  1.20761706  0.88387298  0.86972704  0.00000000

--------------------------------------------------------------------------------
n=5
(result of R-step: (0,4:5)0.98583104)
V=[0, 1, 2, 3, 4]
total successes of this branch: 2
Matrix on 5 elements:

0    0.00000000  1.17254516  1.03087999  0.71172985  0.52501908
1    1.17254516  0.00000000  1.33371868  1.06180650  0.89632544
2    1.03087999  1.33371868  0.00000000  1.25558437  1.07771489
3    0.71172985  1.06180650  1.25558437  0.00000000  0.43433931
4    0.52501908  0.89632544  1.07771489  0.43433931  0.00000000

--------------------------------------------------------------------------------
n=4
(result of R-step: (0,1:2)0.58354161)
V=[0, 1, 3, 4]
total successes of this branch: 1
Matrix on 4 elements:

0    0.00000000  0.74686685  0.58791558  0.40120481
1    0.74686685  0.00000000  0.75994246  0.59446139
3    0.58791558  0.75994246  0.00000000  0.43433931
4    0.40120481  0.59446139  0.43433931  0.00000000

--------------------------------------------------------------------------------
n=4
(result of R-step: (0,3:4)0.03693151)
V=[0, 1, 2, 3]
total successes of this branch: 1
Matrix on 4 elements:

0    0.00000000  1.04873089  0.90706572  0.28802784
1    1.04873089  0.00000000  1.33371868  0.76191876
2    0.90706572  1.33371868  0.00000000  0.95569663
3    0.28802784  0.76191876  0.95569663  0.00000000

--------------------------------------------------------------------------------
n=4
(result of R-step: (1,2:4)0.94020178)
V=[0, 1, 2, 3]
total successes of this branch: 0
reason of abort: negative delta/dxy
