n=6
V=[0, 1, 2, 3, 4, 5]
total successes of this branch: 2
Matrix on 6 elements:

0    0.00000000  1.78346093  1.76136791  1.54951243  1.57442195  1.69151508
1    1.78346093  0.00000000  1.67326366  1.69753196  1.69467854  1.68126539
2    1.76136791  1.67326366  0.00000000  1.01123190  0.96740942  0.64743330
3    1.54951243  1.69753196  1.01123190  0.00000000  0.68234409  0.83227495
4    1.57442195  1.69467854  0.96740942  0.68234409  0.00000000  0.87341789
5    1.69151508  1.68126539  0.64743330  0.83227495  0.87341789  0.00000000

--------------------------------------------------------------------------------
n=5
(result of R-step: (2,3:5)0.67028076)
V=[0, 1, 2, 3, 4]
total successes of this branch: 2
Matrix on 5 elements:

0    0.00000000  1.78346093  1.52712974  1.31527426  1.57442195
1    1.78346093  0.00000000  1.43902549  1.46329379  1.69467854
2    1.52712974  1.43902549  0.00000000  0.54275556  0.73317124
3    1.31527426  1.46329379  0.54275556  0.00000000  0.44810592
4    1.57442195  1.69467854  0.73317124  0.44810592  0.00000000

--------------------------------------------------------------------------------
n=4
(result of R-step: (0,3:2)0.38371773)
V=[0, 1, 3, 4]
total successes of this branch: 0
Matrix on 4 elements:

0    0.00000000  0.65806123  0.03963203  0.44902225
1    0.65806123  0.00000000  1.31305126  1.69467854
3    0.03963203  1.31305126  0.00000000  0.29786339
4    0.44902225  1.69467854  0.29786339  0.00000000
reason of abort: no pseudometric

--------------------------------------------------------------------------------
n=4
(result of R-step: (0,4:2)0.45003727)
V=[0, 1, 3, 4]
total successes of this branch: 0
Matrix on 4 elements:

0    0.00000000  0.72036589  0.25217922  0.22018798
1    0.72036589  0.00000000  1.46329379  1.40353962
3    0.25217922  1.46329379  0.00000000  0.15696699
4    0.22018798  1.40353962  0.15696699  0.00000000
reason of abort: no pseudometric

--------------------------------------------------------------------------------
n=4
(result of R-step: (1,3:2)0.09405340)
V=[0, 1, 3, 4]
total successes of this branch: 0
reason of abort: negative delta/dxy

--------------------------------------------------------------------------------
n=4
(result of R-step: (1,4:2)0.17607399)
V=[0, 1, 3, 4]
total successes of this branch: 1
Matrix on 4 elements:

0    0.00000000  1.42328763  1.31527426  1.25953872
1    1.42328763  0.00000000  1.10312049  1.01962202
3    1.31527426  1.10312049  0.00000000  0.13322269
4    1.25953872  1.01962202  0.13322269  0.00000000

--------------------------------------------------------------------------------
n=4
(result of R-step: (2,3:4)0.11757788)
V=[0, 1, 2, 3]
total successes of this branch: 1
Matrix on 4 elements:

0    0.00000000  1.78346093  1.44210711  1.23025163
1    1.78346093  0.00000000  1.35400286  1.37827116
2    1.44210711  1.35400286  0.00000000  0.37271030
3    1.23025163  1.37827116  0.37271030  0.00000000
