n=6
V=[0, 1, 2, 3, 4, 5]
total successes of this branch: 1
Matrix on 6 elements:

0    0.00000000  1.02463777  1.02123730  0.84685168  1.02136613  0.28192746
1    1.02463777  0.00000000  1.02278045  0.99239162  1.01325021  1.02458056
2    1.02123730  1.02278045  0.00000000  1.02147422  0.78076424  0.99773753
3    0.84685168  0.99239162  1.02147422  0.00000000  1.02037238  0.85223125
4    1.02136613  1.01325021  0.78076424  1.02037238  0.00000000  1.01395394
5    0.28192746  1.02458056  0.99773753  0.85223125  1.01395394  0.00000000

--------------------------------------------------------------------------------
n=5
(result of R-step: (3,4:1)0.57497716)
V=[0, 2, 3, 4, 5]
total successes of this branch: 1
Matrix on 5 elements:

0    0.00000000  1.02123730  0.45109980  0.64145016  0.28192746
2    1.02123730  0.00000000  0.62572233  0.40084827  0.99773753
3    0.45109980  0.62572233  0.00000000  0.24470453  0.45647937
4    0.64145016  0.40084827  0.24470453  0.00000000  0.63403797
5    0.28192746  0.99773753  0.45647937  0.63403797  0.00000000

--------------------------------------------------------------------------------
n=4
(result of R-step: (0,4:2)0.03100819)
V=[0, 3, 4, 5]
total successes of this branch: 0
Matrix on 4 elements:

0    0.00000000  0.04702141  0.23410023 -0.12215093
3    0.04702141  0.00000000  0.24143298  0.45647937
4    0.23410023  0.24143298  0.00000000  0.63076643
5   -0.12215093  0.45647937  0.63076643  0.00000000
reason of abort: no pseudometric

--------------------------------------------------------------------------------
n=4
(result of R-step: (2,3:4)0.44293812)
V=[0, 2, 3, 5]
total successes of this branch: 1
Matrix on 4 elements:

0    0.00000000  0.89202345  0.42441199  0.28192746
2    0.89202345  0.00000000  0.46982068  0.86852368
3    0.42441199  0.46982068  0.00000000  0.42979156
5    0.28192746  0.86852368  0.42979156  0.00000000

--------------------------------------------------------------------------------
n=4
(result of R-step: (4,5:2)0.99784583)
V=[0, 3, 4, 5]
total successes of this branch: 0
reason of abort: negative delta/dxy
