n=6
V=[0, 1, 2, 3, 4, 5]
total successes of this branch: 2
Matrix on 6 elements:

0    0.00000000  0.80645558  0.79079758  0.80109116  0.72317667  0.59714039
1    0.80645558  0.00000000  0.80457939  0.73692879  0.80577458  0.80515147
2    0.79079758  0.80457939  0.00000000  0.76932375  0.75226782  0.34934266
3    0.80109116  0.73692879  0.76932375  0.00000000  0.78956047  0.77901021
4    0.72317667  0.80577458  0.75226782  0.78956047  0.00000000  0.74339740
5    0.59714039  0.80515147  0.34934266  0.77901021  0.74339740  0.00000000

--------------------------------------------------------------------------------
n=5
(result of R-step: (0,2:5)0.30491812)
V=[0, 1, 2, 3, 4]
total successes of this branch: 2
Matrix on 5 elements:

0    0.00000000  0.72861285  0.63511212  0.72324842  0.64533393
1    0.72861285  0.00000000  0.72673666  0.73692879  0.80577458
2    0.63511212  0.72673666  0.00000000  0.69148102  0.67442508
3    0.72324842  0.73692879  0.69148102  0.00000000  0.78956047
4    0.64533393  0.80577458  0.67442508  0.78956047  0.00000000

--------------------------------------------------------------------------------
n=4
(result of R-step: (0,2:4)0.63702761)
V=[0, 1, 2, 3]
total successes of this branch: 1
Matrix on 4 elements:

0    0.00000000  0.46413213  0.10615069  0.45876771
1    0.46413213  0.00000000  0.46225594  0.73692879
2    0.10615069  0.46225594  0.00000000  0.42700031
3    0.45876771  0.73692879  0.42700031  0.00000000

--------------------------------------------------------------------------------
n=4
(result of R-step: (0,3:1)0.21673163)
V=[0, 2, 3, 4]
total successes of this branch: 1
Matrix on 4 elements:

0    0.00000000  0.37063140  0.11871477  0.38085322
2    0.37063140  0.00000000  0.35142809  0.67442508
3    0.11871477  0.35142809  0.00000000  0.44950753
4    0.38085322  0.67442508  0.44950753  0.00000000

--------------------------------------------------------------------------------
n=4
(result of R-step: (3,4:1)0.50884123)
V=[0, 2, 3, 4]
total successes of this branch: 0
Matrix on 4 elements:

0    0.00000000  0.63511212  0.42306006  0.27846596
2    0.63511212  0.00000000  0.39129266  0.30755711
3    0.42306006  0.39129266  0.00000000  0.12250413
4    0.27846596  0.30755711  0.12250413  0.00000000
reason of abort: no pseudometric
