n=6
V=[0, 1, 2, 3, 4, 5]
total successes of this branch: 2
Matrix on 6 elements:

0    0.00000000  0.99271715  0.96704070  0.72883647  0.97152709  0.87972123
1    0.99271715  0.00000000  0.89895720  0.96496687  0.77958793  0.84971372
2    0.96704070  0.89895720  0.00000000  0.86690031  0.33515352  0.53630456
3    0.72883647  0.96496687  0.86690031  0.00000000  0.88403526  0.55146265
4    0.97152709  0.77958793  0.33515352  0.88403526  0.00000000  0.33744552
5    0.87972123  0.84971372  0.53630456  0.55146265  0.33744552  0.00000000

--------------------------------------------------------------------------------
n=5
(result of R-step: (0,2:1)0.44725093)
V=[0, 2, 3, 4, 5]
total successes of this branch: 0
Matrix on 5 elements:

0    0.00000000  0.35611049  0.39527589  0.63796650  0.54616065
2    0.35611049  0.00000000  0.58953069  0.05778389  0.25893493
3    0.39527589  0.58953069  0.00000000  0.88403526  0.55146265
4    0.63796650  0.05778389  0.88403526  0.00000000  0.33744552
5    0.54616065  0.25893493  0.55146265  0.33744552  0.00000000
reason of abort: no pseudometric

--------------------------------------------------------------------------------
n=5
(result of R-step: (3,4:5)0.37828350)
V=[0, 1, 2, 3, 4]
total successes of this branch: 2
Matrix on 5 elements:

0    0.00000000  0.99271715  0.96704070  0.72640002  0.96909064
1    0.99271715  0.00000000  0.89895720  0.96253042  0.77715148
2    0.96704070  0.89895720  0.00000000  0.86446386  0.33271707
3    0.72640002  0.96253042  0.86446386  0.00000000  0.87916236
4    0.96909064  0.77715148  0.33271707  0.87916236  0.00000000

--------------------------------------------------------------------------------
n=4
(result of R-step: (0,2:1)0.44725093)
V=[0, 2, 3, 4]
total successes of this branch: 0
Matrix on 4 elements:

0    0.00000000  0.35611049  0.39283944  0.63553005
2    0.35611049  0.00000000  0.58709423  0.05534744
3    0.39283944  0.58709423  0.00000000  0.87916236
4    0.63553005  0.05534744  0.87916236  0.00000000
reason of abort: no pseudometric

--------------------------------------------------------------------------------
n=4
(result of R-step: (0,4:1)0.61349343)
V=[0, 2, 3, 4]
total successes of this branch: 1
Matrix on 4 elements:

0    0.00000000  0.60756619  0.36692551  0.60245714
2    0.60756619  0.00000000  0.86446386  0.32555809
3    0.36692551  0.86446386  0.00000000  0.87200338
4    0.60245714  0.32555809  0.87200338  0.00000000

--------------------------------------------------------------------------------
n=4
(result of R-step: (0,4:2)0.37060505)
V=[0, 1, 3, 4]
total successes of this branch: 0
reason of abort: negative delta/dxy

--------------------------------------------------------------------------------
n=4
(result of R-step: (2,3:1)0.46796414)
V=[0, 2, 3, 4]
total successes of this branch: 0
Matrix on 4 elements:

0    0.00000000  0.66218240  0.34645720  0.96909064
2    0.66218240  0.00000000  0.17966274  0.02785877
3    0.34645720  0.17966274  0.00000000  0.49921954
4    0.96909064  0.02785877  0.49921954  0.00000000
reason of abort: no pseudometric

--------------------------------------------------------------------------------
n=4
(result of R-step: (3,4:1)0.70065523)
V=[0, 2, 3, 4]
total successes of this branch: 0
reason of abort: negative delta/dxy

--------------------------------------------------------------------------------
n=4
(result of R-step: (3,4:2)0.28933536)
V=[0, 1, 3, 4]
total successes of this branch: 1
Matrix on 4 elements:

0    0.00000000  0.99271715  0.43002211  0.96193166
1    0.99271715  0.00000000  0.66615250  0.76999249
3    0.43002211  0.66615250  0.00000000  0.57562546
4    0.96193166  0.76999249  0.57562546  0.00000000
