n=6
V=[0, 1, 2, 3, 4, 5]
total successes of this branch: 1
Matrix on 6 elements:

0    0.00000000  1.41404837  1.17773013  1.38135791  1.33574151  0.62313713
1    1.41404837  0.00000000  1.39408118  1.17109152  1.18959005  1.30366241
2    1.17773013  1.39408118  0.00000000  1.35828236  1.29274002  1.20422762
3    1.38135791  1.17109152  1.35828236  0.00000000  1.23311943  1.35560563
4    1.33574151  1.18959005  1.29274002  1.23311943  0.00000000  1.31784168
5    0.62313713  1.30366241  1.20422762  1.35560563  1.31784168  0.00000000

--------------------------------------------------------------------------------
n=5
(result of R-step: (0,1:5)0.87752546)
V=[0, 1, 2, 3, 4]
total successes of this branch: 1
Matrix on 5 elements:

0    0.00000000  0.90129720  0.92135454  1.12498233  1.07936593
1    0.90129720  0.00000000  1.13770559  0.91471593  0.93321447
2    0.92135454  1.13770559  0.00000000  1.35828236  1.29274002
3    1.12498233  0.91471593  1.35828236  0.00000000  1.23311943
4    1.07936593  0.93321447  1.29274002  1.23311943  0.00000000

--------------------------------------------------------------------------------
n=4
(result of R-step: (0,1:4)0.38294043)
V=[0, 1, 2, 3]
total successes of this branch: 0
Matrix on 4 elements:

0    0.00000000  0.24499367  0.54880590  0.75243368
1    0.24499367  0.00000000  0.85395070  0.63096104
2    0.54880590  0.85395070  0.00000000  1.35828236
3    0.75243368  0.63096104  1.35828236  0.00000000
reason of abort: no pseudometric

--------------------------------------------------------------------------------
n=4
(result of R-step: (0,3:4)0.19843937)
V=[0, 1, 2, 3]
total successes of this branch: 0
Matrix on 4 elements:

0    0.00000000  0.50706332  0.52712066  0.11400327
1    0.50706332  0.00000000  1.13770559  0.29797076
2    0.52712066  1.13770559  0.00000000  0.74153718
3    0.11400327  0.29797076  0.74153718  0.00000000
reason of abort: no pseudometric

--------------------------------------------------------------------------------
n=4
(result of R-step: (1,2:4)0.66863812)
V=[0, 1, 2, 3]
total successes of this branch: 1
Matrix on 4 elements:

0    0.00000000  0.61354834  0.37723009  1.12498233
1    0.61354834  0.00000000  0.30583228  0.62696707
2    0.37723009  0.30583228  0.00000000  0.81415791
3    1.12498233  0.62696707  0.81415791  0.00000000

--------------------------------------------------------------------------------
n=4
(result of R-step: (2,3:4)0.15028671)
V=[0, 1, 2, 3]
total successes of this branch: 0
Matrix on 4 elements:

0    0.00000000  0.90129720  0.41032035  0.51065659
1    0.90129720  0.00000000  0.62667140  0.30039019
2    0.41032035  0.62667140  0.00000000  0.23292243
3    0.51065659  0.30039019  0.23292243  0.00000000
reason of abort: no pseudometric
