n=6
V=[0, 1, 2, 3, 4, 5]
total successes of this branch: 2
Matrix on 6 elements:

0    0.00000000  2.16738252  2.02306829  2.07254295  1.25926949  1.39192508
1    2.16738252  0.00000000  1.73378689  1.50284344  1.70940549  1.71364002
2    2.02306829  1.73378689  0.00000000  1.29108402  1.92608769  1.70199782
3    2.07254295  1.50284344  1.29108402  0.00000000  1.88155313  1.77900122
4    1.25926949  1.70940549  1.92608769  1.88155313  0.00000000  0.85992226
5    1.39192508  1.71364002  1.70199782  1.77900122  0.85992226  0.00000000

--------------------------------------------------------------------------------
n=5
(result of R-step: (2,4:5)0.17367871)
V=[0, 1, 2, 3, 4]
total successes of this branch: 2
Matrix on 5 elements:

0    0.00000000  2.16738252  1.70515209  2.07254295  0.94135330
1    2.16738252  0.00000000  1.41587070  1.50284344  1.39148929
2    1.70515209  1.41587070  0.00000000  0.97316783  1.29025530
3    2.07254295  1.50284344  0.97316783  0.00000000  1.56363694
4    0.94135330  1.39148929  1.29025530  1.56363694  0.00000000

--------------------------------------------------------------------------------
n=4
(result of R-step: (0,3:2)0.14485982)
V=[0, 1, 3, 4]
total successes of this branch: 1
Matrix on 4 elements:

0    0.00000000  1.76673629  1.17129028  0.54070707
1    1.76673629  0.00000000  1.00223699  1.39148929
3    1.17129028  1.00223699  0.00000000  1.06303049
4    0.54070707  1.39148929  1.06303049  0.00000000

--------------------------------------------------------------------------------
n=4
(result of R-step: (1,2:3)0.26041592)
V=[0, 1, 2, 4]
total successes of this branch: 1
Matrix on 4 elements:

0    0.00000000  1.76673629  1.46350691  0.94135330
1    1.76673629  0.00000000  0.77357929  0.99084306
2    1.46350691  0.77357929  0.00000000  1.04861012
4    0.94135330  0.99084306  1.04861012  0.00000000

--------------------------------------------------------------------------------
n=4
(result of R-step: (3,4:2)0.72503593)
V=[0, 1, 3, 4]
total successes of this branch: 0
Matrix on 4 elements:

0    0.00000000  2.16738252  1.65906124  0.55418147
1    2.16738252  0.00000000  1.08936172  1.00431746
3    1.65906124  1.08936172  0.00000000  0.76298340
4    0.55418147  1.00431746  0.76298340  0.00000000
reason of abort: no pseudometric
