n=6
V=[0, 1, 2, 3, 4, 5]
total successes of this branch: 2
Matrix on 6 elements:

0    0.00000000  1.78248477  1.32652689  1.42567451  1.41102638  1.52322473
1    1.78248477  0.00000000  1.15540325  0.96127995  0.98995985  0.72394060
2    1.32652689  1.15540325  0.00000000  0.45679662  0.41511509  0.64779234
3    1.42567451  0.96127995  0.45679662  0.00000000  0.21635172  0.33050121
4    1.41102638  0.98995985  0.41511509  0.21635172  0.00000000  0.42785249
5    1.52322473  0.72394060  0.64779234  0.33050121  0.42785249  0.00000000

--------------------------------------------------------------------------------
n=5
(result of R-step: (1,3:5)0.27339524)
V=[0, 1, 2, 3, 4]
total successes of this branch: 2
Matrix on 5 elements:

0    0.00000000  1.73590384  1.32652689  1.37909358  1.41102638
1    1.73590384  0.00000000  1.10882232  0.86811810  0.94337892
2    1.32652689  1.10882232  0.00000000  0.41021569  0.41511509
3    1.37909358  0.86811810  0.41021569  0.00000000  0.16977079
4    1.41102638  0.94337892  0.41511509  0.16977079  0.00000000

--------------------------------------------------------------------------------
n=4
(result of R-step: (0,3:1)0.23081334)
V=[0, 2, 3, 4]
total successes of this branch: 1
Matrix on 4 elements:

0    0.00000000  0.91924179  0.93105432  1.00374128
2    0.91924179  0.00000000  0.36946152  0.41511509
3    0.93105432  0.36946152  0.00000000  0.12901662
4    1.00374128  0.41511509  0.12901662  0.00000000

--------------------------------------------------------------------------------
n=4
(result of R-step: (0,4:1)0.01557539)
V=[0, 2, 3, 4]
total successes of this branch: 0
reason of abort: negative delta/dxy

--------------------------------------------------------------------------------
n=4
(result of R-step: (2,3:4)0.14774060)
V=[0, 1, 2, 3]
total successes of this branch: 1
Matrix on 4 elements:

0    0.00000000  1.73590384  1.23919180  1.33833941
1    1.73590384  0.00000000  1.02148723  0.82736393
2    1.23919180  1.02148723  0.00000000  0.28212643
3    1.33833941  0.82736393  0.28212643  0.00000000
