n=6
V=[0, 1, 2, 3, 4, 5]
total successes of this branch: 2
Matrix on 6 elements:

0    0.00000000  2.28351547  2.25850285  2.10913481  1.27862749  2.26125419
1    2.28351547  0.00000000  1.67308238  1.76167147  2.16276437  1.60075085
2    2.25850285  1.67308238  0.00000000  1.37863360  2.05490719  1.08784269
3    2.10913481  1.76167147  1.37863360  0.00000000  1.85910628  1.42076701
4    1.27862749  2.16276437  2.05490719  1.85910628  0.00000000  2.06677126
5    2.26125419  1.60075085  1.08784269  1.42076701  2.06677126  0.00000000

--------------------------------------------------------------------------------
n=5
(result of R-step: (0,3:4)0.76860691)
V=[0, 1, 2, 3, 5]
total successes of this branch: 2
Matrix on 5 elements:

0    0.00000000  1.76921599  1.74420337  1.08053585  1.74695471
1    1.76921599  0.00000000  1.67308238  1.24737199  1.60075085
2    1.74420337  1.67308238  0.00000000  0.86433412  1.08784269
3    1.08053585  1.24737199  0.86433412  0.00000000  0.90646753
5    1.74695471  1.60075085  1.08784269  0.90646753  0.00000000

--------------------------------------------------------------------------------
n=4
(result of R-step: (0,2:5)0.95333320)
V=[0, 1, 2, 3]
total successes of this branch: 0
reason of abort: negative delta/dxy

--------------------------------------------------------------------------------
n=4
(result of R-step: (1,2:5)0.10999801)
V=[0, 1, 2, 3]
total successes of this branch: 1
Matrix on 4 elements:

0    0.00000000  1.26146040  1.23644779  1.08053585
1    1.26146040  0.00000000  0.65757122  0.73961641
2    1.23644779  0.65757122  0.00000000  0.35657854
3    1.08053585  0.73961641  0.35657854  0.00000000

--------------------------------------------------------------------------------
n=4
(result of R-step: (3,5:2)0.23985071)
V=[0, 1, 3, 5]
total successes of this branch: 1
Matrix on 4 elements:

0    0.00000000  1.76921599  1.04260856  1.27774681
1    1.76921599  0.00000000  1.20944470  1.13154295
3    1.04260856  1.20944470  0.00000000  0.39933233
5    1.27774681  1.13154295  0.39933233  0.00000000
