n=6
V=[0, 1, 2, 3, 4, 5]
total successes of this branch: 1
Matrix on 6 elements:

0    0.00000000  1.09092717  1.09060442  1.09072781  1.09066288  1.09068776
1    1.09092717  0.00000000  1.09047143  0.90509212  0.94507368  0.92975531
2    1.09060442  1.09047143  0.00000000  0.79098843  0.43318574  0.57027274
3    1.09072781  0.90509212  0.79098843  0.00000000  0.81165713  0.56039182
4    1.09066288  0.94507368  0.43318574  0.81165713  0.00000000  0.40710969
5    1.09068776  0.92975531  0.57027274  0.56039182  0.40710969  0.00000000

--------------------------------------------------------------------------------
n=5
(result of R-step: (3,4:5)0.38313575)
V=[0, 1, 2, 3, 4]
total successes of this branch: 1
Matrix on 5 elements:

0    0.00000000  1.09092717  1.09060442  1.01280562  1.01274069
1    1.09092717  0.00000000  1.09047143  0.82716993  0.86715148
2    1.09060442  1.09047143  0.00000000  0.71306624  0.35526355
3    1.01280562  0.82716993  0.71306624  0.00000000  0.65581274
4    1.01274069  0.86715148  0.35526355  0.65581274  0.00000000

--------------------------------------------------------------------------------
n=4
(result of R-step: (0,2:4)0.55487980)
V=[0, 1, 2, 3]
total successes of this branch: 0
reason of abort: negative delta/dxy

--------------------------------------------------------------------------------
n=4
(result of R-step: (1,2:4)0.18113959)
V=[0, 1, 2, 3]
total successes of this branch: 1
Matrix on 4 elements:

0    0.00000000  0.94703317  0.94671042  1.01280562
1    0.94703317  0.00000000  0.80268343  0.68327594
2    0.94671042  0.80268343  0.00000000  0.56917224
3    1.01280562  0.68327594  0.56917224  0.00000000

--------------------------------------------------------------------------------
n=4
(result of R-step: (2,3:4)0.21588088)
V=[0, 1, 2, 3]
total successes of this branch: 0
reason of abort: negative delta/dxy
