n=6
V=[0, 1, 2, 3, 4, 5]
total successes of this branch: 2
Matrix on 6 elements:

0    0.00000000  1.27251983  1.22214953  1.14570625  1.09853840  1.12964427
1    1.27251983  0.00000000  1.21676414  1.07463342  1.23391553  1.11928718
2    1.22214953  1.21676414  0.00000000  1.21886744  0.94392582  0.99270616
3    1.14570625  1.07463342  1.21886744  0.00000000  1.19636183  1.17459820
4    1.09853840  1.23391553  0.94392582  1.19636183  0.00000000  0.70740438
5    1.12964427  1.11928718  0.99270616  1.17459820  0.70740438  0.00000000

--------------------------------------------------------------------------------
n=5
(result of R-step: (1,4:5)0.17878847)
V=[0, 1, 2, 3, 4]
total successes of this branch: 2
Matrix on 5 elements:

0    0.00000000  0.97613181  1.22214953  1.14570625  0.80215038
1    0.97613181  0.00000000  0.92037612  0.77824540  0.64113949
2    1.22214953  0.92037612  0.00000000  1.21886744  0.64753780
3    1.14570625  0.77824540  1.21886744  0.00000000  0.89997381
4    0.80215038  0.64113949  0.64753780  0.89997381  0.00000000

--------------------------------------------------------------------------------
n=4
(result of R-step: (0,1:3)0.28172977)
V=[0, 1, 2, 4]
total successes of this branch: 1
Matrix on 4 elements:

0    0.00000000  0.36426260  0.81199219  0.39199304
1    0.36426260  0.00000000  0.71866426  0.43942763
2    0.81199219  0.71866426  0.00000000  0.64753780
4    0.39199304  0.43942763  0.64753780  0.00000000

--------------------------------------------------------------------------------
n=4
(result of R-step: (2,3:1)0.27140621)
V=[0, 2, 3, 4]
total successes of this branch: 1
Matrix on 4 elements:

0    0.00000000  0.81199219  0.70804206  0.80215038
2    0.81199219  0.00000000  0.37104590  0.23738046
3    0.70804206  0.37104590  0.00000000  0.46230962
4    0.80215038  0.23738046  0.46230962  0.00000000

--------------------------------------------------------------------------------
n=4
(result of R-step: (3,4:1)0.43401352)
V=[0, 2, 3, 4]
total successes of this branch: 0
Matrix on 4 elements:

0    0.00000000  1.22214953  0.86461034  0.60279478
2    1.22214953  0.00000000  0.93777152  0.44818220
3    0.86461034  0.93777152  0.00000000  0.41952229
4    0.60279478  0.44818220  0.41952229  0.00000000
reason of abort: no pseudometric
