n=6
V=[0, 1, 2, 3, 4, 5]
total successes of this branch: 2
Matrix on 6 elements:

0    0.00000000  2.67237324  1.71039856  2.52614954  2.01750917  2.56262119
1    2.67237324  0.00000000  2.54820867  1.71440856  2.11651707  1.40015753
2    1.71039856  2.54820867  0.00000000  2.43726049  1.62769563  2.46493359
3    2.52614954  1.71440856  2.43726049  0.00000000  2.20648987  0.76875092
4    2.01750917  2.11651707  1.62769563  2.20648987  0.00000000  2.18404852
5    2.56262119  1.40015753  2.46493359  0.76875092  2.18404852  0.00000000

--------------------------------------------------------------------------------
n=5
(result of R-step: (1,3:5)0.24942366)
V=[0, 1, 2, 3, 4]
total successes of this branch: 2
Matrix on 5 elements:

0    0.00000000  2.44512329  1.71039856  2.29889959  2.01750917
1    2.44512329  0.00000000  2.32095873  1.25990866  1.88926713
2    1.71039856  2.32095873  0.00000000  2.21001054  1.62769563
3    2.29889959  1.25990866  2.21001054  0.00000000  1.97923992
4    2.01750917  1.88926713  1.62769563  1.97923992  0.00000000

--------------------------------------------------------------------------------
n=4
(result of R-step: (0,1:3)0.27195503)
V=[0, 1, 2, 4]
total successes of this branch: 1
Matrix on 4 elements:

0    0.00000000  1.22194509  0.85797243  1.16508303
1    1.22194509  0.00000000  1.95020666  1.51851506
2    0.85797243  1.95020666  0.00000000  1.62769563
4    1.16508303  1.51851506  1.62769563  0.00000000

--------------------------------------------------------------------------------
n=4
(result of R-step: (1,2:0)0.24835447)
V=[1, 2, 3, 4]
total successes of this branch: 0
Matrix on 4 elements:

1    0.00000000  1.02627473  0.50346175  1.13282021
2    1.02627473  0.00000000  1.67177346  1.08945854
3    0.50346175  1.67177346  0.00000000  1.97923992
4    1.13282021  1.08945854  1.97923992  0.00000000
reason of abort: no pseudometric

--------------------------------------------------------------------------------
n=4
(result of R-step: (1,2:3)0.50080337)
V=[0, 1, 2, 4]
total successes of this branch: 0
reason of abort: negative delta/dxy

--------------------------------------------------------------------------------
n=4
(result of R-step: (2,3:0)0.81194249)
V=[1, 2, 3, 4]
total successes of this branch: 1
Matrix on 4 elements:

1    0.00000000  1.72295672  0.77921760  1.88926713
2    1.72295672  0.00000000  1.13131747  1.02969361
3    0.77921760  1.13131747  0.00000000  1.49854886
4    1.88926713  1.02969361  1.49854886  0.00000000
