n=6
V=[0, 1, 2, 3, 4, 5]
total successes of this branch: 2
Matrix on 6 elements:

0    0.00000000  2.66600922  2.34288880  2.46005851  2.16076089  2.58128333
1    2.66600922  0.00000000  2.57797812  2.39270368  2.61482178  1.44674862
2    2.34288880  2.57797812  0.00000000  2.25231883  2.08985582  2.44400541
3    2.46005851  2.39270368  2.25231883  0.00000000  2.33926413  1.73156108
4    2.16076089  2.61482178  2.08985582  2.33926413  0.00000000  2.50146034
5    2.58128333  1.44674862  2.44400541  1.73156108  2.50146034  0.00000000

--------------------------------------------------------------------------------
n=5
(result of R-step: (1,3:5)0.58861081)
V=[0, 1, 2, 3, 4]
total successes of this branch: 2
Matrix on 5 elements:

0    0.00000000  2.27320621  2.34288880  2.06725549  2.16076089
1    2.27320621  0.00000000  2.18517510  1.60709766  2.22201877
2    2.34288880  2.18517510  0.00000000  1.85951582  2.08985582
3    2.06725549  1.60709766  1.85951582  0.00000000  1.94646112
4    2.16076089  2.22201877  2.08985582  1.94646112  0.00000000

--------------------------------------------------------------------------------
n=4
(result of R-step: (0,3:1)0.18620075)
V=[0, 2, 3, 4]
total successes of this branch: 1
Matrix on 4 elements:

0    0.00000000  1.38902485  0.50727261  1.20689693
2    1.38902485  0.00000000  1.25339689  2.08985582
3    0.50727261  1.25339689  0.00000000  1.34034219
4    1.20689693  2.08985582  1.34034219  0.00000000

--------------------------------------------------------------------------------
n=4
(result of R-step: (1,4:0)0.30421866)
V=[1, 2, 3, 4]
total successes of this branch: 1
Matrix on 4 elements:

1    0.00000000  1.35825025  0.78017280  0.48910078
2    1.35825025  0.00000000  1.85951582  1.18386268
3    0.78017280  1.85951582  0.00000000  1.04046798
4    0.48910078  1.18386268  1.04046798  0.00000000

--------------------------------------------------------------------------------
n=4
(result of R-step: (3,4:0)0.52484516)
V=[1, 2, 3, 4]
total successes of this branch: 0
Matrix on 4 elements:

1    0.00000000  2.18517510  0.87501578  1.41676087
2    2.18517510  0.00000000  1.12743394  1.28459792
3    0.87501578  1.12743394  0.00000000  0.40912134
4    1.41676087  1.28459792  0.40912134  0.00000000
reason of abort: no pseudometric

--------------------------------------------------------------------------------
n=4
(result of R-step: (3,4:1)0.12515867)
V=[0, 2, 3, 4]
total successes of this branch: 0
reason of abort: negative delta/dxy
