n=6
V=[0, 1, 2, 3, 4, 5]
total successes of this branch: 2
Matrix on 6 elements:

0    0.00000000  1.48137749  1.31781665  1.23941562  1.15384327  0.56786939
1    1.48137749  0.00000000  1.28353459  0.62506134  1.31795010  1.13067535
2    1.31781665  1.28353459  0.00000000  1.29108728  0.53916358  1.30686970
3    1.23941562  0.62506134  1.29108728  0.00000000  1.28209880  0.77362018
4    1.15384327  1.31795010  0.53916358  1.28209880  0.00000000  1.20637000
5    0.56786939  1.13067535  1.30686970  0.77362018  1.20637000  0.00000000

--------------------------------------------------------------------------------
n=5
(result of R-step: (0,3:5)0.59045250)
V=[0, 1, 2, 3, 4]
total successes of this branch: 2
Matrix on 5 elements:

0    0.00000000  1.43034052  1.26677968  1.13734168  1.10280630
1    1.43034052  0.00000000  1.28353459  0.57402436  1.31795010
2    1.26677968  1.28353459  0.00000000  1.24005030  0.53916358
3    1.13734168  0.57402436  1.24005030  0.00000000  1.23106183
4    1.10280630  1.31795010  0.53916358  1.23106183  0.00000000

--------------------------------------------------------------------------------
n=4
(result of R-step: (1,2:0)0.46120266)
V=[1, 2, 3, 4]
total successes of this branch: 0
Matrix on 4 elements:

1    0.00000000  0.26779854 -0.00523421  0.73869152
2    0.26779854  0.00000000  0.80357282  0.10268610
3   -0.00523421  0.80357282  0.00000000  1.23106183
4    0.73869152  0.10268610  1.23106183  0.00000000
reason of abort: no pseudometric

--------------------------------------------------------------------------------
n=4
(result of R-step: (1,4:0)0.58607913)
V=[1, 2, 3, 4]
total successes of this branch: 0
Matrix on 4 elements:

1    0.00000000  0.77723975  0.06772953  0.76451162
2    0.77723975  0.00000000  1.24005030  0.49201994
3    0.06772953  1.24005030  0.00000000  1.18391819
4    0.76451162  0.49201994  1.18391819  0.00000000
reason of abort: no pseudometric

--------------------------------------------------------------------------------
n=4
(result of R-step: (1,4:2)0.15741353)
V=[0, 1, 3, 4]
total successes of this branch: 1
Matrix on 4 elements:

0    0.00000000  1.23775032  1.13734168  0.97267999
1    1.23775032  0.00000000  0.38143417  0.99523358
3    1.13734168  0.38143417  0.00000000  1.10093551
4    0.97267999  0.99523358  1.10093551  0.00000000

--------------------------------------------------------------------------------
n=4
(result of R-step: (2,3:0)0.70255868)
V=[1, 2, 3, 4]
total successes of this branch: 0
reason of abort: negative delta/dxy

--------------------------------------------------------------------------------
n=4
(result of R-step: (3,4:0)0.42581698)
V=[1, 2, 3, 4]
total successes of this branch: 1
Matrix on 4 elements:

1    0.00000000  1.28353459  0.57247411  1.18782378
2    1.28353459  0.00000000  1.23850004  0.40903727
3    0.57247411  1.23850004  0.00000000  1.09938525
4    1.18782378  0.40903727  1.09938525  0.00000000

--------------------------------------------------------------------------------
n=4
(result of R-step: (3,4:2)0.25484753)
V=[0, 1, 3, 4]
total successes of this branch: 0
Matrix on 4 elements:

0    0.00000000  1.43034052  0.80861686  1.05566266
1    1.43034052  0.00000000  0.24529955  1.27080646
3    0.80861686  0.24529955  0.00000000  0.85519337
4    1.05566266  1.27080646  0.85519337  0.00000000
reason of abort: no pseudometric
