n=6
V=[0, 1, 2, 3, 4, 5]
total successes of this branch: 2
Matrix on 6 elements:

0    0.00000000  1.83096593  1.72437218  1.81344731  1.82357825  1.05557534
1    1.83096593  0.00000000  1.78220943  1.66303995  1.28176615  1.80689969
2    1.72437218  1.78220943  0.00000000  1.75877208  1.77232579  1.07247836
3    1.81344731  1.66303995  1.75877208  0.00000000  1.38500733  1.78645958
4    1.82357825  1.28176615  1.77232579  1.38500733  0.00000000  1.79828000
5    1.05557534  1.80689969  1.07247836  1.78645958  1.79828000  0.00000000

--------------------------------------------------------------------------------
n=5
(result of R-step: (0,2:5)0.50639931)
V=[0, 1, 2, 3, 4]
total successes of this branch: 2
Matrix on 5 elements:

0    0.00000000  1.62912517  1.32069066  1.61160655  1.62173749
1    1.62912517  0.00000000  1.58036867  1.66303995  1.28176615
2    1.32069066  1.58036867  0.00000000  1.55693132  1.57048503
3    1.61160655  1.66303995  1.55693132  0.00000000  1.38500733
4    1.62173749  1.28176615  1.57048503  1.38500733  0.00000000

--------------------------------------------------------------------------------
n=4
(result of R-step: (1,2:0)0.00866904)
V=[1, 2, 3, 4]
total successes of this branch: 1
Matrix on 4 elements:

1    0.00000000  0.44640473  1.16117318  0.77989938
2    0.44640473  0.00000000  0.92483414  0.93838785
3    1.16117318  0.92483414  0.00000000  1.38500733
4    0.77989938  0.93838785  1.38500733  0.00000000

--------------------------------------------------------------------------------
n=4
(result of R-step: (1,3:4)0.57829529)
V=[0, 1, 2, 3]
total successes of this branch: 1
Matrix on 4 elements:

0    0.00000000  1.12725841  1.32069066  1.10973978
1    1.12725841  0.00000000  1.07850191  0.65930641
2    1.32069066  1.07850191  0.00000000  1.05506455
3    1.10973978  0.65930641  1.05506455  0.00000000

--------------------------------------------------------------------------------
n=4
(result of R-step: (2,4:0)0.95327755)
V=[1, 2, 3, 4]
total successes of this branch: 0
Matrix on 4 elements:

1    0.00000000  0.95903556  1.66303995  0.61911443
2    0.95903556  0.00000000  0.93559821  0.28650020
3    1.66303995  0.93559821  0.00000000  0.72235561
4    0.61911443  0.28650020  0.72235561  0.00000000
reason of abort: no pseudometric
