n=6
V=[0, 1, 2, 3, 4, 5]
total successes of this branch: 1
Matrix on 6 elements:

0    0.00000000  2.93645308  2.93177055  2.93630339  2.93370414  2.32911598
1    2.93645308  0.00000000  2.89501255  2.22473418  2.60908973  2.69231704
2    2.93177055  2.89501255  0.00000000  2.87287724  1.76138397  2.05893750
3    2.93630339  2.22473418  2.87287724  0.00000000  2.04603533  2.27237286
4    2.93370414  2.60908973  1.76138397  2.04603533  0.00000000  1.16022655
5    2.32911598  2.69231704  2.05893750  2.27237286  1.16022655  0.00000000

--------------------------------------------------------------------------------
n=5
(result of R-step: (0,4:5)0.25423526)
V=[0, 1, 2, 3, 4]
total successes of this branch: 1
Matrix on 5 elements:

0    0.00000000  2.65863388  2.65395135  2.65848419  2.37806574
1    2.65863388  0.00000000  2.89501255  2.22473418  2.33127054
2    2.65395135  2.89501255  0.00000000  2.87287724  1.48356477
3    2.65848419  2.22473418  2.87287724  0.00000000  1.76821613
4    2.37806574  2.33127054  1.48356477  1.76821613  0.00000000

--------------------------------------------------------------------------------
n=4
(result of R-step: (0,4:2)0.96094255)
V=[0, 1, 3, 4]
total successes of this branch: 0
reason of abort: negative delta/dxy

--------------------------------------------------------------------------------
n=4
(result of R-step: (2,3:4)0.57342676)
V=[0, 1, 2, 3]
total successes of this branch: 1
Matrix on 4 elements:

0    0.00000000  2.65863388  2.18668032  2.19121316
1    2.65863388  0.00000000  2.42774152  1.75746315
2    2.18668032  2.42774152  0.00000000  1.93833518
3    2.19121316  1.75746315  1.93833518  0.00000000
