n=6
V=[0, 1, 2, 3, 4, 5]
total successes of this branch: 1
Matrix on 6 elements:

0    0.00000000  1.72688099  1.53859860  1.53002577  0.64381724  1.02911353
1    1.72688099  0.00000000  1.29119620  0.89022173  1.70724776  1.17102928
2    1.53859860  1.29119620  0.00000000  1.33831935  1.53389881  1.42890098
3    1.53002577  0.89022173  1.33831935  0.00000000  1.50873007  1.24633820
4    0.64381724  1.70724776  1.53389881  1.50873007  0.00000000  1.11533977
5    1.02911353  1.17102928  1.42890098  1.24633820  1.11533977  0.00000000

--------------------------------------------------------------------------------
n=5
(result of R-step: (0,1:5)0.55660241)
V=[0, 1, 2, 3, 4]
total successes of this branch: 1
Matrix on 5 elements:

0    0.00000000  1.25361916  1.30196769  1.29339486  0.40718633
1    1.25361916  0.00000000  1.05456529  0.65359081  1.47061684
2    1.30196769  1.05456529  0.00000000  1.33831935  1.53389881
3    1.29339486  0.65359081  1.33831935  0.00000000  1.50873007
4    0.40718633  1.47061684  1.53389881  1.50873007  0.00000000

--------------------------------------------------------------------------------
n=4
(result of R-step: (0,1:2)0.36486259)
V=[0, 1, 3, 4]
total successes of this branch: 1
Matrix on 4 elements:

0    0.00000000  1.06414912  1.21876499  0.33255647
1    1.06414912  0.00000000  0.53875064  1.35577667
3    1.21876499  0.53875064  0.00000000  1.50873007
4    0.33255647  1.35577667  1.50873007  0.00000000

--------------------------------------------------------------------------------
n=4
(result of R-step: (0,3:2)0.22085796)
V=[0, 1, 3, 4]
total successes of this branch: 0
Matrix on 4 elements:

0    0.00000000  1.19526503  0.73178886  0.34883220
1    1.19526503  0.00000000  0.15033895  1.47061684
3    0.73178886  0.15033895  0.00000000  1.00547821
4    0.34883220  1.47061684  1.00547821  0.00000000
reason of abort: no pseudometric

--------------------------------------------------------------------------------
n=4
(result of R-step: (1,4:2)0.62600468)
V=[0, 1, 3, 4]
total successes of this branch: 0
Matrix on 4 elements:

0    0.00000000  1.14207765  1.29339486  0.07512959
1    1.14207765  0.00000000  0.54204930  1.02701859
3    1.29339486  0.54204930  0.00000000  1.17667333
4    0.07512959  1.02701859  1.17667333  0.00000000
reason of abort: no pseudometric

--------------------------------------------------------------------------------
n=4
(result of R-step: (2,4:0)0.00676786)
V=[1, 2, 3, 4]
total successes of this branch: 0
reason of abort: negative delta/dxy

--------------------------------------------------------------------------------
n=4
(result of R-step: (3,4:2)0.76961386)
V=[0, 1, 3, 4]
total successes of this branch: 0
Matrix on 4 elements:

0    0.00000000  1.25361916  0.78795577  0.05990799
1    1.25361916  0.00000000  0.14815173  1.12333850
3    0.78795577  0.14815173  0.00000000  0.65601265
4    0.05990799  1.12333850  0.65601265  0.00000000
reason of abort: no pseudometric
