n=6
V=[0, 1, 2, 3, 4, 5]
total successes of this branch: 2
Matrix on 6 elements:

0    0.00000000  1.34239799  1.18278527  1.08989756  0.83173088  1.12513750
1    1.34239799  0.00000000  1.27639599  1.31149238  1.32900646  1.29817744
2    1.18278527  1.27639599  0.00000000  1.10098904  1.14734261  0.72495939
3    1.08989756  1.31149238  1.10098904  0.00000000  0.89249931  0.48585526
4    0.83173088  1.32900646  1.14734261  0.89249931  0.00000000  0.98918229
5    1.12513750  1.29817744  0.72495939  0.48585526  0.98918229  0.00000000

--------------------------------------------------------------------------------
n=5
(result of R-step: (1,4:0)0.55858374)
V=[1, 2, 3, 4, 5]
total successes of this branch: 2
Matrix on 5 elements:

1    0.00000000  0.56710450  0.60220088  0.47697673  0.58888594
2    0.56710450  0.00000000  1.10098904  1.00460439  0.72495939
3    0.60220088  1.10098904  0.00000000  0.74976108  0.48585526
4    0.47697673  1.00460439  0.74976108  0.00000000  0.84644407
5    0.58888594  0.72495939  0.48585526  0.84644407  0.00000000

--------------------------------------------------------------------------------
n=4
(result of R-step: (1,4:5)0.05428429)
V=[1, 2, 3, 4]
total successes of this branch: 0
reason of abort: negative delta/dxy

--------------------------------------------------------------------------------
n=4
(result of R-step: (2,3:5)0.37938208)
V=[1, 2, 3, 4]
total successes of this branch: 1
Matrix on 4 elements:

1    0.00000000  0.51219169  0.54728807  0.47697673
2    0.51219169  0.00000000  0.99116343  0.94969158
3    0.54728807  0.99116343  0.00000000  0.69484828
4    0.47697673  0.94969158  0.69484828  0.00000000

--------------------------------------------------------------------------------
n=4
(result of R-step: (2,4:1)0.23269512)
V=[2, 3, 4, 5]
total successes of this branch: 1
Matrix on 4 elements:

2    0.00000000  1.04607624  0.64179609  0.67004659
3    1.04607624  0.00000000  0.44186559  0.48585526
4    0.64179609  0.44186559  0.00000000  0.53854857
5    0.67004659  0.48585526  0.53854857  0.00000000

--------------------------------------------------------------------------------
n=4
(result of R-step: (3,5:1)0.44765556)
V=[2, 3, 4, 5]
total successes of this branch: 0
reason of abort: negative delta/dxy
