n=6
V=[0, 1, 2, 3, 4, 5]
total successes of this branch: 2
Matrix on 6 elements:

0    0.00000000  2.14405913  2.10935538  0.76620471  1.58558684  1.76678734
1    2.14405913  0.00000000  2.12507659  2.14358183  2.13229280  1.47337781
2    2.10935538  2.12507659  0.00000000  2.07471184  1.22869679  1.51953390
3    0.76620471  2.14358183  2.07471184  0.00000000  1.53391891  1.73172859
4    1.58558684  2.13229280  1.22869679  1.53391891  0.00000000  0.76038690
5    1.76678734  1.47337781  1.51953390  1.73172859  0.76038690  0.00000000

--------------------------------------------------------------------------------
n=5
(result of R-step: (1,4:5)0.32445746)
V=[0, 1, 2, 3, 4]
total successes of this branch: 2
Matrix on 5 elements:

0    0.00000000  2.09332317  2.10935538  0.76620471  1.53485088
1    2.09332317  0.00000000  2.07434063  2.09284587  2.03082089
2    2.10935538  2.07434063  0.00000000  2.07471184  1.17796083
3    0.76620471  2.09284587  2.07471184  0.00000000  1.48318295
4    1.53485088  2.03082089  1.17796083  1.48318295  0.00000000

--------------------------------------------------------------------------------
n=4
(result of R-step: (0,2:1)0.50121739)
V=[0, 2, 3, 4]
total successes of this branch: 1
Matrix on 4 elements:

0    0.00000000  1.39906258  0.39986384  1.16851001
2    1.39906258  0.00000000  1.73075991  0.83400890
3    0.39986384  1.73075991  0.00000000  1.48318295
4    1.16851001  0.83400890  1.48318295  0.00000000

--------------------------------------------------------------------------------
n=4
(result of R-step: (0,2:4)0.41281613)
V=[0, 1, 2, 3]
total successes of this branch: 0
Matrix on 4 elements:

0    0.00000000  1.67227922  1.38300591  0.34516076
1    1.67227922  0.00000000  1.76903511  2.09284587
2    1.38300591  1.76903511  0.00000000  1.76940633
3    0.34516076  2.09284587  1.76940633  0.00000000
reason of abort: no pseudometric

--------------------------------------------------------------------------------
n=4
(result of R-step: (0,4:1)0.17393934)
V=[0, 2, 3, 4]
total successes of this branch: 0
Matrix on 4 elements:

0    0.00000000  1.84756988  0.50441921  0.64994148
2    1.84756988  0.00000000  2.07471184  0.55483692
3    0.50441921  2.07471184  0.00000000  0.86005904
4    0.64994148  0.55483692  0.86005904  0.00000000
reason of abort: no pseudometric

--------------------------------------------------------------------------------
n=4
(result of R-step: (2,3:1)0.47287879)
V=[0, 2, 3, 4]
total successes of this branch: 0
Matrix on 4 elements:

0    0.00000000  1.80404986  0.36801579  1.53485088
2    1.80404986  0.00000000  1.37121741  0.87265532
3    0.36801579  1.37121741  0.00000000  1.08499403
4    1.53485088  0.87265532  1.08499403  0.00000000
reason of abort: no pseudometric

--------------------------------------------------------------------------------
n=4
(result of R-step: (2,3:4)0.61004484)
V=[0, 1, 2, 3]
total successes of this branch: 1
Matrix on 4 elements:

0    0.00000000  2.09332317  1.76540345  0.42225279
1    2.09332317  0.00000000  1.73038870  1.74889395
2    1.76540345  1.73038870  0.00000000  1.38680799
3    0.42225279  1.74889395  1.38680799  0.00000000

--------------------------------------------------------------------------------
n=4
(result of R-step: (3,4:1)0.20289905)
V=[0, 2, 3, 4]
total successes of this branch: 0
Matrix on 4 elements:

0    0.00000000  2.10935538  0.28278828  0.89788350
2    2.10935538  0.00000000  1.59129541  0.54099345
3    0.28278828  1.59129541  0.00000000  0.36279914
4    0.89788350  0.54099345  0.36279914  0.00000000
reason of abort: no pseudometric
