n=6
V=[0, 1, 2, 3, 4, 5]
total successes of this branch: 2
Matrix on 6 elements:

0    0.00000000  1.03190553  0.77290123  0.50067068  0.53171409  0.22952874
1    1.03190553  0.00000000  0.77933023  0.96351207  0.89055983  0.95996929
2    0.77290123  0.77933023  0.00000000  0.67181208  0.77431769  0.77343019
3    0.50067068  0.96351207  0.67181208  0.00000000  0.60264550  0.53875208
4    0.53171409  0.89055983  0.77431769  0.60264550  0.00000000  0.56123899
5    0.22952874  0.95996929  0.77343019  0.53875208  0.56123899  0.00000000

--------------------------------------------------------------------------------
n=5
(result of R-step: (0,1:5)0.91772257)
V=[0, 1, 2, 3, 4]
total successes of this branch: 2
Matrix on 5 elements:

0    0.00000000  0.87431302  0.69410498  0.42187443  0.45291783
1    0.87431302  0.00000000  0.70053398  0.88471582  0.81176358
2    0.69410498  0.70053398  0.00000000  0.67181208  0.77431769
3    0.42187443  0.88471582  0.67181208  0.00000000  0.60264550
4    0.45291783  0.81176358  0.77431769  0.60264550  0.00000000

--------------------------------------------------------------------------------
n=4
(result of R-step: (0,1:3)0.51188310)
V=[0, 1, 2, 4]
total successes of this branch: 0
Matrix on 4 elements:

0    0.00000000  0.38038866  0.67404330  0.43285615
1    0.38038866  0.00000000  0.22667129  0.33790090
2    0.67404330  0.22667129  0.00000000  0.77431769
4    0.43285615  0.33790090  0.77431769  0.00000000
reason of abort: no pseudometric

--------------------------------------------------------------------------------
n=4
(result of R-step: (0,2:3)0.71863731)
V=[0, 1, 2, 4]
total successes of this branch: 1
Matrix on 4 elements:

0    0.00000000  0.75792507  0.37565648  0.33652989
1    0.75792507  0.00000000  0.49847342  0.81176358
2    0.37565648  0.49847342  0.00000000  0.57225714
4    0.33652989  0.81176358  0.57225714  0.00000000

--------------------------------------------------------------------------------
n=4
(result of R-step: (1,3:2)0.41327533)
V=[0, 1, 3, 4]
total successes of this branch: 1
Matrix on 4 elements:

0    0.00000000  0.75792507  0.23359871  0.45291783
1    0.75792507  0.00000000  0.58005216  0.69537564
3    0.23359871  0.58005216  0.00000000  0.41436979
4    0.45291783  0.69537564  0.41436979  0.00000000

--------------------------------------------------------------------------------
n=4
(result of R-step: (1,4:3)0.14431593)
V=[0, 1, 2, 4]
total successes of this branch: 0
reason of abort: negative delta/dxy
