n=20
V=[0, 1, 2, 3, 4, 5, 6, 7, 8, 9, 10, 11, 12, 13, 14, 15, 16, 17, 18, 19]
total successes of this branch: 3
Matrix on 20 elements:

0    0.00000000  1.81912680  1.80592768  1.73140465  1.57835608  1.64794086  1.57672457  1.60734644  1.51997312  1.61692790  1.73283640  1.77268433  1.67874444  1.73033974  1.73010282  1.65870421  1.63341863  1.73062886  1.79415174  1.68144386
1    1.81912680  0.00000000  1.80248152  1.75616936  1.80646205  1.81136079  1.81397659  1.81244083  1.81065920  1.81249991  1.75705912  1.24301423  1.78208186  1.80464317  1.48736531  1.63940506  1.81113325  1.75652126  0.50141166  1.76659144
2    1.80592768  1.80248152  0.00000000  1.80448779  1.80563802  1.66774882  1.71429109  1.66288835  1.50983525  1.68801685  1.79236126  1.78558489  1.75091023  1.17221276  1.76986740  1.74399625  1.49212796  1.80360230  1.79333186  1.75190663
3    1.73140465  1.75616936  1.80448779  0.00000000  1.69286380  1.76550227  1.75401730  1.76076023  1.76858269  1.76050085  1.18542423  1.75575704  1.38846820  1.79499680  1.58927065  1.66596133  1.76650132  0.34089048  1.70934709  1.39902246
4    1.57835608  1.80646205  1.80563802  1.69286380  0.00000000  1.68439659  1.64867936  1.66964927  1.69397641  1.66884261  1.69503044  1.77623205  1.68181386  1.77612189  1.73343373  1.69398000  1.68750355  1.69271863  1.78597446  1.68452702
5    1.64794086  1.81136079  1.66774882  1.76550227  1.68439659  0.00000000  1.50772385  1.52910341  1.65801734  1.32129147  1.76362422  1.75318620  1.56116178  1.66517645  1.66614448  1.59239861  1.54730649  1.76402396  1.77062137  1.56667971
6    1.57672457  1.81397659  1.71429109  1.75401730  1.64867936  1.50772385  0.00000000  1.38094691  1.64670587  1.36390938  1.75325407  1.67865847  1.57456456  1.69642592  1.63147430  1.19007647  1.42471245  1.75168431  1.76277684  1.57755576
7    1.60734644  1.81244083  1.66288835  1.76076023  1.66964927  1.52910341  1.38094691  0.00000000  1.63560109  1.46458486  1.75887990  1.72976978  1.62451721  1.65567536  1.68206041  1.54189005  0.53303667  1.75182523  1.77586351  1.62754170
8    1.51997312  1.81065920  1.50983525  1.76858269  1.69397641  1.65801734  1.64670587  1.63560109  0.00000000  1.65309147  1.76361159  1.77924695  1.71545581  1.38852233  1.75033141  1.70209302  1.61908900  1.76775109  1.79373466  1.71728889
9    1.61692790  1.81249991  1.68801685  1.76050085  1.66884261  1.32129147  1.36390938  1.46458486  1.65309147  0.00000000  1.75910827  1.72655328  1.44357402  1.67878483  1.59828312  1.48918057  1.49391977  1.75865034  1.75240288  1.45170559
10    1.73283640  1.75705912  1.79236126  1.18542423  1.69503044  1.76362422  1.75325407  1.75887990  1.76361159  1.75910827  0.00000000  1.75633010  1.44932344  1.78476170  1.61716870  1.68051736  1.76327574  1.18901032  1.71781384  1.45814545
11    1.77268433  1.24301423  1.78558489  1.75575704  1.77623205  1.75318620  1.67865847  1.72976978  1.77924695  1.72655328  1.75633010  0.00000000  1.74232308  1.78390955  1.18178141  1.41308103  1.73709788  1.75559453  1.22583579  1.69255616
12    1.67874444  1.78208186  1.75091023  1.38846820  1.68181386  1.56116178  1.57456456  1.62451721  1.71545581  1.44357402  1.44932344  1.74232308  0.00000000  1.74153837  1.27757497  1.41582562  1.64111164  1.38994433  1.64054597  0.06019788
13    1.73033974  1.80464317  1.17221276  1.79499680  1.77612189  1.66517645  1.69642592  1.65567536  1.38852233  1.67878483  1.78476170  1.78390955  1.74153837  0.00000000  1.76470334  1.73291974  1.59220043  1.79412556  1.79343833  1.74275593
14    1.73010282  1.48736531  1.76986740  1.58927065  1.73343373  1.66614448  1.63147430  1.68206041  1.75033141  1.59828312  1.61716870  1.18178141  1.27757497  1.76470334  0.00000000  1.12466279  1.69358879  1.58985091  1.10290532  1.27482228
15    1.65870421  1.63940506  1.74399625  1.66596133  1.69398000  1.59239861  1.19007647  1.54189005  1.70209302  1.48918057  1.68051736  1.41308103  1.41582562  1.73291974  1.12466279  0.00000000  1.56842504  1.66518545  1.49499771  1.41574675
16    1.63341863  1.81113325  1.49212796  1.76650132  1.68750355  1.54730649  1.42471245  0.53303667  1.61908900  1.49391977  1.76327574  1.73709788  1.64111164  1.59220043  1.69358879  1.56842504  0.00000000  1.75878788  1.77815697  1.64386986
17    1.73062886  1.75652126  1.80360230  0.34089048  1.69271863  1.76402396  1.75168431  1.75182523  1.76775109  1.75865034  1.18901032  1.75559453  1.38994433  1.79412556  1.58985091  1.66518545  1.75878788  0.00000000  1.70976305  1.40045150
18    1.79415174  0.50141166  1.79333186  1.70934709  1.78597446  1.77062137  1.76277684  1.77586351  1.79373466  1.75240288  1.71781384  1.22583579  1.64054597  1.79343833  1.10290532  1.49499771  1.77815697  1.70976305  0.00000000  1.62862903
19    1.68144386  1.76659144  1.75190663  1.39902246  1.68452702  1.56667971  1.57755576  1.62754170  1.71728889  1.45170559  1.45814545  1.69255616  0.06019788  1.74275593  1.27482228  1.41574675  1.64386986  1.40045150  1.62862903  0.00000000

--------------------------------------------------------------------------------
n=19
(result of R-step: (1,14:18)0.71945697)
V=[0, 1, 2, 3, 4, 5, 6, 7, 8, 9, 10, 11, 12, 13, 14, 15, 16, 17, 19]
total successes of this branch: 3
Matrix on 19 elements:

0    0.00000000  1.76065097  1.80592768  1.73140465  1.57835608  1.64794086  1.57672457  1.60734644  1.51997312  1.61692790  1.73283640  1.77268433  1.67874444  1.73033974  1.67162699  1.65870421  1.63341863  1.73062886  1.68144386
1    1.76065097  0.00000000  1.74400569  1.69769353  1.74798621  1.75288496  1.75550076  1.75396500  1.75218337  1.75402408  1.69858329  1.18453840  1.72360603  1.74616734  1.37041365  1.58092923  1.75265742  1.69804543  1.70811561
2    1.80592768  1.74400569  0.00000000  1.80448779  1.80563802  1.66774882  1.71429109  1.66288835  1.50983525  1.68801685  1.79236126  1.78558489  1.75091023  1.17221276  1.71139157  1.74399625  1.49212796  1.80360230  1.75190663
3    1.73140465  1.69769353  1.80448779  0.00000000  1.69286380  1.76550227  1.75401730  1.76076023  1.76858269  1.76050085  1.18542423  1.75575704  1.38846820  1.79499680  1.53079482  1.66596133  1.76650132  0.34089048  1.39902246
4    1.57835608  1.74798621  1.80563802  1.69286380  0.00000000  1.68439659  1.64867936  1.66964927  1.69397641  1.66884261  1.69503044  1.77623205  1.68181386  1.77612189  1.67495790  1.69398000  1.68750355  1.69271863  1.68452702
5    1.64794086  1.75288496  1.66774882  1.76550227  1.68439659  0.00000000  1.50772385  1.52910341  1.65801734  1.32129147  1.76362422  1.75318620  1.56116178  1.66517645  1.60766864  1.59239861  1.54730649  1.76402396  1.56667971
6    1.57672457  1.75550076  1.71429109  1.75401730  1.64867936  1.50772385  0.00000000  1.38094691  1.64670587  1.36390938  1.75325407  1.67865847  1.57456456  1.69642592  1.57299847  1.19007647  1.42471245  1.75168431  1.57755576
7    1.60734644  1.75396500  1.66288835  1.76076023  1.66964927  1.52910341  1.38094691  0.00000000  1.63560109  1.46458486  1.75887990  1.72976978  1.62451721  1.65567536  1.62358458  1.54189005  0.53303667  1.75182523  1.62754170
8    1.51997312  1.75218337  1.50983525  1.76858269  1.69397641  1.65801734  1.64670587  1.63560109  0.00000000  1.65309147  1.76361159  1.77924695  1.71545581  1.38852233  1.69185558  1.70209302  1.61908900  1.76775109  1.71728889
9    1.61692790  1.75402408  1.68801685  1.76050085  1.66884261  1.32129147  1.36390938  1.46458486  1.65309147  0.00000000  1.75910827  1.72655328  1.44357402  1.67878483  1.53980729  1.48918057  1.49391977  1.75865034  1.45170559
10    1.73283640  1.69858329  1.79236126  1.18542423  1.69503044  1.76362422  1.75325407  1.75887990  1.76361159  1.75910827  0.00000000  1.75633010  1.44932344  1.78476170  1.55869287  1.68051736  1.76327574  1.18901032  1.45814545
11    1.77268433  1.18453840  1.78558489  1.75575704  1.77623205  1.75318620  1.67865847  1.72976978  1.77924695  1.72655328  1.75633010  0.00000000  1.74232308  1.78390955  1.12330558  1.41308103  1.73709788  1.75559453  1.69255616
12    1.67874444  1.72360603  1.75091023  1.38846820  1.68181386  1.56116178  1.57456456  1.62451721  1.71545581  1.44357402  1.44932344  1.74232308  0.00000000  1.74153837  1.21909913  1.41582562  1.64111164  1.38994433  0.06019788
13    1.73033974  1.74616734  1.17221276  1.79499680  1.77612189  1.66517645  1.69642592  1.65567536  1.38852233  1.67878483  1.78476170  1.78390955  1.74153837  0.00000000  1.70622751  1.73291974  1.59220043  1.79412556  1.74275593
14    1.67162699  1.37041365  1.71139157  1.53079482  1.67495790  1.60766864  1.57299847  1.62358458  1.69185558  1.53980729  1.55869287  1.12330558  1.21909913  1.70622751  0.00000000  1.06618696  1.63511296  1.53137508  1.21634645
15    1.65870421  1.58092923  1.74399625  1.66596133  1.69398000  1.59239861  1.19007647  1.54189005  1.70209302  1.48918057  1.68051736  1.41308103  1.41582562  1.73291974  1.06618696  0.00000000  1.56842504  1.66518545  1.41574675
16    1.63341863  1.75265742  1.49212796  1.76650132  1.68750355  1.54730649  1.42471245  0.53303667  1.61908900  1.49391977  1.76327574  1.73709788  1.64111164  1.59220043  1.63511296  1.56842504  0.00000000  1.75878788  1.64386986
17    1.73062886  1.69804543  1.80360230  0.34089048  1.69271863  1.76402396  1.75168431  1.75182523  1.76775109  1.75865034  1.18901032  1.75559453  1.38994433  1.79412556  1.53137508  1.66518545  1.75878788  0.00000000  1.40045150
19    1.68144386  1.70811561  1.75190663  1.39902246  1.68452702  1.56667971  1.57755576  1.62754170  1.71728889  1.45170559  1.45814545  1.69255616  0.06019788  1.74275593  1.21634645  1.41574675  1.64386986  1.40045150  0.00000000

--------------------------------------------------------------------------------
n=18
(result of R-step: (3,7:17)0.99374652)
V=[0, 1, 2, 3, 4, 5, 6, 7, 8, 9, 10, 11, 12, 13, 14, 15, 16, 19]
total successes of this branch: 3
Matrix on 18 elements:

0    0.00000000  1.76065097  1.80592768  1.56542691  1.57835608  1.64794086  1.57672457  1.44136869  1.51997312  1.61692790  1.73283640  1.77268433  1.67874444  1.73033974  1.67162699  1.65870421  1.63341863  1.68144386
1    1.76065097  0.00000000  1.74400569  1.53171579  1.74798621  1.75288496  1.75550076  1.58798726  1.75218337  1.75402408  1.69858329  1.18453840  1.72360603  1.74616734  1.37041365  1.58092923  1.75265742  1.70811561
2    1.80592768  1.74400569  0.00000000  1.63851005  1.80563802  1.66774882  1.71429109  1.49691060  1.50983525  1.68801685  1.79236126  1.78558489  1.75091023  1.17221276  1.71139157  1.74399625  1.49212796  1.75190663
3    1.56542691  1.53171579  1.63851005  0.00000000  1.52688606  1.59952453  1.58803956  1.42880475  1.60260495  1.59452311  1.01944648  1.58977930  1.22249046  1.62901906  1.36481708  1.49998358  1.60052358  1.23304471
4    1.57835608  1.74798621  1.80563802  1.52688606  0.00000000  1.68439659  1.64867936  1.50367152  1.69397641  1.66884261  1.69503044  1.77623205  1.68181386  1.77612189  1.67495790  1.69398000  1.68750355  1.68452702
5    1.64794086  1.75288496  1.66774882  1.59952453  1.68439659  0.00000000  1.50772385  1.36312567  1.65801734  1.32129147  1.76362422  1.75318620  1.56116178  1.66517645  1.60766864  1.59239861  1.54730649  1.56667971
6    1.57672457  1.75550076  1.71429109  1.58803956  1.64867936  1.50772385  0.00000000  1.21496917  1.64670587  1.36390938  1.75325407  1.67865847  1.57456456  1.69642592  1.57299847  1.19007647  1.42471245  1.57755576
7    1.44136869  1.58798726  1.49691060  1.42880475  1.50367152  1.36312567  1.21496917  0.00000000  1.46962335  1.29860712  1.59290216  1.56379204  1.45853947  1.48969761  1.45760683  1.37591231  0.36705892  1.46156396
8    1.51997312  1.75218337  1.50983525  1.60260495  1.69397641  1.65801734  1.64670587  1.46962335  0.00000000  1.65309147  1.76361159  1.77924695  1.71545581  1.38852233  1.69185558  1.70209302  1.61908900  1.71728889
9    1.61692790  1.75402408  1.68801685  1.59452311  1.66884261  1.32129147  1.36390938  1.29860712  1.65309147  0.00000000  1.75910827  1.72655328  1.44357402  1.67878483  1.53980729  1.48918057  1.49391977  1.45170559
10    1.73283640  1.69858329  1.79236126  1.01944648  1.69503044  1.76362422  1.75325407  1.59290216  1.76361159  1.75910827  0.00000000  1.75633010  1.44932344  1.78476170  1.55869287  1.68051736  1.76327574  1.45814545
11    1.77268433  1.18453840  1.78558489  1.58977930  1.77623205  1.75318620  1.67865847  1.56379204  1.77924695  1.72655328  1.75633010  0.00000000  1.74232308  1.78390955  1.12330558  1.41308103  1.73709788  1.69255616
12    1.67874444  1.72360603  1.75091023  1.22249046  1.68181386  1.56116178  1.57456456  1.45853947  1.71545581  1.44357402  1.44932344  1.74232308  0.00000000  1.74153837  1.21909913  1.41582562  1.64111164  0.06019788
13    1.73033974  1.74616734  1.17221276  1.62901906  1.77612189  1.66517645  1.69642592  1.48969761  1.38852233  1.67878483  1.78476170  1.78390955  1.74153837  0.00000000  1.70622751  1.73291974  1.59220043  1.74275593
14    1.67162699  1.37041365  1.71139157  1.36481708  1.67495790  1.60766864  1.57299847  1.45760683  1.69185558  1.53980729  1.55869287  1.12330558  1.21909913  1.70622751  0.00000000  1.06618696  1.63511296  1.21634645
15    1.65870421  1.58092923  1.74399625  1.49998358  1.69398000  1.59239861  1.19007647  1.37591231  1.70209302  1.48918057  1.68051736  1.41308103  1.41582562  1.73291974  1.06618696  0.00000000  1.56842504  1.41574675
16    1.63341863  1.75265742  1.49212796  1.60052358  1.68750355  1.54730649  1.42471245  0.36705892  1.61908900  1.49391977  1.76327574  1.73709788  1.64111164  1.59220043  1.63511296  1.56842504  0.00000000  1.64386986
19    1.68144386  1.70811561  1.75190663  1.23304471  1.68452702  1.56667971  1.57755576  1.46156396  1.71728889  1.45170559  1.45814545  1.69255616  0.06019788  1.74275593  1.21634645  1.41574675  1.64386986  0.00000000

--------------------------------------------------------------------------------
n=17
(result of R-step: (2,7:16)0.13129233)
V=[0, 1, 2, 3, 4, 5, 6, 7, 8, 9, 10, 11, 12, 13, 14, 15, 19]
total successes of this branch: 3
Matrix on 17 elements:

0    0.00000000  1.76065097  1.62478954  1.56542691  1.57835608  1.64794086  1.57672457  1.42620830  1.51997312  1.61692790  1.73283640  1.77268433  1.67874444  1.73033974  1.67162699  1.65870421  1.68144386
1    1.76065097  0.00000000  1.56286755  1.53171579  1.74798621  1.75288496  1.75550076  1.57282686  1.75218337  1.75402408  1.69858329  1.18453840  1.72360603  1.74616734  1.37041365  1.58092923  1.70811561
2    1.62478954  1.56286755  0.00000000  1.45737191  1.62449988  1.48661068  1.53315295  1.30061207  1.32869711  1.50687871  1.61122312  1.60444675  1.56977209  0.99107462  1.53025343  1.56285811  1.57076849
3    1.56542691  1.53171579  1.45737191  0.00000000  1.52688606  1.59952453  1.58803956  1.41364435  1.60260495  1.59452311  1.01944648  1.58977930  1.22249046  1.62901906  1.36481708  1.49998358  1.23304471
4    1.57835608  1.74798621  1.62449988  1.52688606  0.00000000  1.68439659  1.64867936  1.48851113  1.69397641  1.66884261  1.69503044  1.77623205  1.68181386  1.77612189  1.67495790  1.69398000  1.68452702
5    1.64794086  1.75288496  1.48661068  1.59952453  1.68439659  0.00000000  1.50772385  1.34796527  1.65801734  1.32129147  1.76362422  1.75318620  1.56116178  1.66517645  1.60766864  1.59239861  1.56667971
6    1.57672457  1.75550076  1.53315295  1.58803956  1.64867936  1.50772385  0.00000000  1.19980878  1.64670587  1.36390938  1.75325407  1.67865847  1.57456456  1.69642592  1.57299847  1.19007647  1.57755576
7    1.42620830  1.57282686  1.30061207  1.41364435  1.48851113  1.34796527  1.19980878  0.00000000  1.45446296  1.28344672  1.57774176  1.54863165  1.44337907  1.47453722  1.44244644  1.36075191  1.44640356
8    1.51997312  1.75218337  1.32869711  1.60260495  1.69397641  1.65801734  1.64670587  1.45446296  0.00000000  1.65309147  1.76361159  1.77924695  1.71545581  1.38852233  1.69185558  1.70209302  1.71728889
9    1.61692790  1.75402408  1.50687871  1.59452311  1.66884261  1.32129147  1.36390938  1.28344672  1.65309147  0.00000000  1.75910827  1.72655328  1.44357402  1.67878483  1.53980729  1.48918057  1.45170559
10    1.73283640  1.69858329  1.61122312  1.01944648  1.69503044  1.76362422  1.75325407  1.57774176  1.76361159  1.75910827  0.00000000  1.75633010  1.44932344  1.78476170  1.55869287  1.68051736  1.45814545
11    1.77268433  1.18453840  1.60444675  1.58977930  1.77623205  1.75318620  1.67865847  1.54863165  1.77924695  1.72655328  1.75633010  0.00000000  1.74232308  1.78390955  1.12330558  1.41308103  1.69255616
12    1.67874444  1.72360603  1.56977209  1.22249046  1.68181386  1.56116178  1.57456456  1.44337907  1.71545581  1.44357402  1.44932344  1.74232308  0.00000000  1.74153837  1.21909913  1.41582562  0.06019788
13    1.73033974  1.74616734  0.99107462  1.62901906  1.77612189  1.66517645  1.69642592  1.47453722  1.38852233  1.67878483  1.78476170  1.78390955  1.74153837  0.00000000  1.70622751  1.73291974  1.74275593
14    1.67162699  1.37041365  1.53025343  1.36481708  1.67495790  1.60766864  1.57299847  1.44244644  1.69185558  1.53980729  1.55869287  1.12330558  1.21909913  1.70622751  0.00000000  1.06618696  1.21634645
15    1.65870421  1.58092923  1.56285811  1.49998358  1.69398000  1.59239861  1.19007647  1.36075191  1.70209302  1.48918057  1.68051736  1.41308103  1.41582562  1.73291974  1.06618696  0.00000000  1.41574675
19    1.68144386  1.70811561  1.57076849  1.23304471  1.68452702  1.56667971  1.57755576  1.44640356  1.71728889  1.45170559  1.45814545  1.69255616  0.06019788  1.74275593  1.21634645  1.41574675  0.00000000

--------------------------------------------------------------------------------
n=16
(result of R-step: (2,8:13)0.73566450)
V=[0, 1, 2, 3, 4, 5, 6, 7, 8, 9, 10, 11, 12, 14, 15, 19]
total successes of this branch: 3
Matrix on 16 elements:

0    0.00000000  1.76065097  1.28047776  1.56542691  1.57835608  1.64794086  1.57672457  1.42620830  0.99452320  1.61692790  1.73283640  1.77268433  1.67874444  1.67162699  1.65870421  1.68144386
1    1.76065097  0.00000000  1.21855577  1.53171579  1.74798621  1.75288496  1.75550076  1.57282686  1.22673345  1.75402408  1.69858329  1.18453840  1.72360603  1.37041365  1.58092923  1.70811561
2    1.28047776  1.21855577  0.00000000  1.11306013  1.28018811  1.14229890  1.18884117  0.95630029  0.45893542  1.16256693  1.26691134  1.26013497  1.22546031  1.18594165  1.21854633  1.22645671
3    1.56542691  1.53171579  1.11306013  0.00000000  1.52688606  1.59952453  1.58803956  1.41364435  1.07715503  1.59452311  1.01944648  1.58977930  1.22249046  1.36481708  1.49998358  1.23304471
4    1.57835608  1.74798621  1.28018811  1.52688606  0.00000000  1.68439659  1.64867936  1.48851113  1.16852649  1.66884261  1.69503044  1.77623205  1.68181386  1.67495790  1.69398000  1.68452702
5    1.64794086  1.75288496  1.14229890  1.59952453  1.68439659  0.00000000  1.50772385  1.34796527  1.13256743  1.32129147  1.76362422  1.75318620  1.56116178  1.60766864  1.59239861  1.56667971
6    1.57672457  1.75550076  1.18884117  1.58803956  1.64867936  1.50772385  0.00000000  1.19980878  1.12125595  1.36390938  1.75325407  1.67865847  1.57456456  1.57299847  1.19007647  1.57755576
7    1.42620830  1.57282686  0.95630029  1.41364435  1.48851113  1.34796527  1.19980878  0.00000000  0.92901304  1.28344672  1.57774176  1.54863165  1.44337907  1.44244644  1.36075191  1.44640356
8    0.99452320  1.22673345  0.45893542  1.07715503  1.16852649  1.13256743  1.12125595  0.92901304  0.00000000  1.12764155  1.23816167  1.25379704  1.19000590  1.16640566  1.17664310  1.19183897
9    1.61692790  1.75402408  1.16256693  1.59452311  1.66884261  1.32129147  1.36390938  1.28344672  1.12764155  0.00000000  1.75910827  1.72655328  1.44357402  1.53980729  1.48918057  1.45170559
10    1.73283640  1.69858329  1.26691134  1.01944648  1.69503044  1.76362422  1.75325407  1.57774176  1.23816167  1.75910827  0.00000000  1.75633010  1.44932344  1.55869287  1.68051736  1.45814545
11    1.77268433  1.18453840  1.26013497  1.58977930  1.77623205  1.75318620  1.67865847  1.54863165  1.25379704  1.72655328  1.75633010  0.00000000  1.74232308  1.12330558  1.41308103  1.69255616
12    1.67874444  1.72360603  1.22546031  1.22249046  1.68181386  1.56116178  1.57456456  1.44337907  1.19000590  1.44357402  1.44932344  1.74232308  0.00000000  1.21909913  1.41582562  0.06019788
14    1.67162699  1.37041365  1.18594165  1.36481708  1.67495790  1.60766864  1.57299847  1.44244644  1.16640566  1.53980729  1.55869287  1.12330558  1.21909913  0.00000000  1.06618696  1.21634645
15    1.65870421  1.58092923  1.21854633  1.49998358  1.69398000  1.59239861  1.19007647  1.36075191  1.17664310  1.48918057  1.68051736  1.41308103  1.41582562  1.06618696  0.00000000  1.41574675
19    1.68144386  1.70811561  1.22645671  1.23304471  1.68452702  1.56667971  1.57755576  1.44640356  1.19183897  1.45170559  1.45814545  1.69255616  0.06019788  1.21634645  1.41574675  0.00000000

--------------------------------------------------------------------------------
n=15
(result of R-step: (6,14:15)0.46550673)
V=[0, 1, 2, 3, 4, 5, 6, 7, 8, 9, 10, 11, 12, 14, 19]
total successes of this branch: 3
Matrix on 15 elements:

0    0.00000000  1.76065097  1.28047776  1.56542691  1.57835608  1.64794086  1.23509209  1.42620830  0.99452320  1.61692790  1.73283640  1.77268433  1.67874444  1.38847034  1.68144386
1    1.76065097  0.00000000  1.21855577  1.53171579  1.74798621  1.75288496  1.41386828  1.57282686  1.22673345  1.75402408  1.69858329  1.18453840  1.72360603  1.08725700  1.70811561
2    1.28047776  1.21855577  0.00000000  1.11306013  1.28018811  1.14229890  0.84720869  0.95630029  0.45893542  1.16256693  1.26691134  1.26013497  1.22546031  0.90278500  1.22645671
3    1.56542691  1.53171579  1.11306013  0.00000000  1.52688606  1.59952453  1.24640708  1.41364435  1.07715503  1.59452311  1.01944648  1.58977930  1.22249046  1.08166043  1.23304471
4    1.57835608  1.74798621  1.28018811  1.52688606  0.00000000  1.68439659  1.30704688  1.48851113  1.16852649  1.66884261  1.69503044  1.77623205  1.68181386  1.39180125  1.68452702
5    1.64794086  1.75288496  1.14229890  1.59952453  1.68439659  0.00000000  1.16609136  1.34796527  1.13256743  1.32129147  1.76362422  1.75318620  1.56116178  1.32451199  1.56667971
6    1.23509209  1.41386828  0.84720869  1.24640708  1.30704688  1.16609136  0.00000000  0.85817629  0.77962347  1.02227690  1.41162159  1.33702599  1.23293208  0.94820934  1.23592328
7    1.42620830  1.57282686  0.95630029  1.41364435  1.48851113  1.34796527  0.85817629  0.00000000  0.92901304  1.28344672  1.57774176  1.54863165  1.44337907  1.15928979  1.44640356
8    0.99452320  1.22673345  0.45893542  1.07715503  1.16852649  1.13256743  0.77962347  0.92901304  0.00000000  1.12764155  1.23816167  1.25379704  1.19000590  0.88324901  1.19183897
9    1.61692790  1.75402408  1.16256693  1.59452311  1.66884261  1.32129147  1.02227690  1.28344672  1.12764155  0.00000000  1.75910827  1.72655328  1.44357402  1.25665064  1.45170559
10    1.73283640  1.69858329  1.26691134  1.01944648  1.69503044  1.76362422  1.41162159  1.57774176  1.23816167  1.75910827  0.00000000  1.75633010  1.44932344  1.27553622  1.45814545
11    1.77268433  1.18453840  1.26013497  1.58977930  1.77623205  1.75318620  1.33702599  1.54863165  1.25379704  1.72655328  1.75633010  0.00000000  1.74232308  0.84014893  1.69255616
12    1.67874444  1.72360603  1.22546031  1.22249046  1.68181386  1.56116178  1.23293208  1.44337907  1.19000590  1.44357402  1.44932344  1.74232308  0.00000000  0.93594248  0.06019788
14    1.38847034  1.08725700  0.90278500  1.08166043  1.39180125  1.32451199  0.94820934  1.15928979  0.88324901  1.25665064  1.27553622  0.84014893  0.93594248  0.00000000  0.93318980
19    1.68144386  1.70811561  1.22645671  1.23304471  1.68452702  1.56667971  1.23592328  1.44640356  1.19183897  1.45170559  1.45814545  1.69255616  0.06019788  0.93318980  0.00000000

--------------------------------------------------------------------------------
n=14
(result of R-step: (11,12:19)0.02873558)
V=[0, 1, 2, 3, 4, 5, 6, 7, 8, 9, 10, 11, 12, 14]
total successes of this branch: 3
Matrix on 14 elements:

0    0.00000000  1.76065097  1.28047776  1.56542691  1.57835608  1.64794086  1.23509209  1.42620830  0.99452320  1.61692790  1.73283640  1.76746884  1.67352896  1.38847034
1    1.76065097  0.00000000  1.21855577  1.53171579  1.74798621  1.75288496  1.41386828  1.57282686  1.22673345  1.75402408  1.69858329  1.17932292  1.71839055  1.08725700
2    1.28047776  1.21855577  0.00000000  1.11306013  1.28018811  1.14229890  0.84720869  0.95630029  0.45893542  1.16256693  1.26691134  1.25491949  1.22024483  0.90278500
3    1.56542691  1.53171579  1.11306013  0.00000000  1.52688606  1.59952453  1.24640708  1.41364435  1.07715503  1.59452311  1.01944648  1.58456382  1.21727498  1.08166043
4    1.57835608  1.74798621  1.28018811  1.52688606  0.00000000  1.68439659  1.30704688  1.48851113  1.16852649  1.66884261  1.69503044  1.77101657  1.67659838  1.39180125
5    1.64794086  1.75288496  1.14229890  1.59952453  1.68439659  0.00000000  1.16609136  1.34796527  1.13256743  1.32129147  1.76362422  1.74797071  1.55594629  1.32451199
6    1.23509209  1.41386828  0.84720869  1.24640708  1.30704688  1.16609136  0.00000000  0.85817629  0.77962347  1.02227690  1.41162159  1.33181050  1.22771660  0.94820934
7    1.42620830  1.57282686  0.95630029  1.41364435  1.48851113  1.34796527  0.85817629  0.00000000  0.92901304  1.28344672  1.57774176  1.54341616  1.43816359  1.15928979
8    0.99452320  1.22673345  0.45893542  1.07715503  1.16852649  1.13256743  0.77962347  0.92901304  0.00000000  1.12764155  1.23816167  1.24858155  1.18479041  0.88324901
9    1.61692790  1.75402408  1.16256693  1.59452311  1.66884261  1.32129147  1.02227690  1.28344672  1.12764155  0.00000000  1.75910827  1.72133779  1.43835854  1.25665064
10    1.73283640  1.69858329  1.26691134  1.01944648  1.69503044  1.76362422  1.41162159  1.57774176  1.23816167  1.75910827  0.00000000  1.75111462  1.44410796  1.27553622
11    1.76746884  1.17932292  1.25491949  1.58456382  1.77101657  1.74797071  1.33181050  1.54341616  1.24858155  1.72133779  1.75111462  0.00000000  1.73189212  0.83493345
12    1.67352896  1.71839055  1.22024483  1.21727498  1.67659838  1.55594629  1.22771660  1.43816359  1.18479041  1.43835854  1.44410796  1.73189212  0.00000000  0.93072700
14    1.38847034  1.08725700  0.90278500  1.08166043  1.39180125  1.32451199  0.94820934  1.15928979  0.88324901  1.25665064  1.27553622  0.83493345  0.93072700  0.00000000

--------------------------------------------------------------------------------
n=13
(result of R-step: (11,12:14)0.54671535)
V=[0, 1, 2, 3, 4, 5, 6, 7, 8, 9, 10, 11, 12]
total successes of this branch: 3
Matrix on 13 elements:

0    0.00000000  1.76065097  1.28047776  1.56542691  1.57835608  1.64794086  1.23509209  1.42620830  0.99452320  1.61692790  1.73283640  1.41416768  1.32022779
1    1.76065097  0.00000000  1.21855577  1.53171579  1.74798621  1.75288496  1.41386828  1.57282686  1.22673345  1.75402408  1.69858329  0.82602175  1.36508938
2    1.28047776  1.21855577  0.00000000  1.11306013  1.28018811  1.14229890  0.84720869  0.95630029  0.45893542  1.16256693  1.26691134  0.90161832  0.86694366
3    1.56542691  1.53171579  1.11306013  0.00000000  1.52688606  1.59952453  1.24640708  1.41364435  1.07715503  1.59452311  1.01944648  1.23126265  0.86397381
4    1.57835608  1.74798621  1.28018811  1.52688606  0.00000000  1.68439659  1.30704688  1.48851113  1.16852649  1.66884261  1.69503044  1.41771540  1.32329721
5    1.64794086  1.75288496  1.14229890  1.59952453  1.68439659  0.00000000  1.16609136  1.34796527  1.13256743  1.32129147  1.76362422  1.39466955  1.20264513
6    1.23509209  1.41386828  0.84720869  1.24640708  1.30704688  1.16609136  0.00000000  0.85817629  0.77962347  1.02227690  1.41162159  0.97850934  0.87441543
7    1.42620830  1.57282686  0.95630029  1.41364435  1.48851113  1.34796527  0.85817629  0.00000000  0.92901304  1.28344672  1.57774176  1.19011500  1.08486242
8    0.99452320  1.22673345  0.45893542  1.07715503  1.16852649  1.13256743  0.77962347  0.92901304  0.00000000  1.12764155  1.23816167  0.89528039  0.83148925
9    1.61692790  1.75402408  1.16256693  1.59452311  1.66884261  1.32129147  1.02227690  1.28344672  1.12764155  0.00000000  1.75910827  1.36803663  1.08505737
10    1.73283640  1.69858329  1.26691134  1.01944648  1.69503044  1.76362422  1.41162159  1.57774176  1.23816167  1.75910827  0.00000000  1.39781345  1.09080679
11    1.41416768  0.82602175  0.90161832  1.23126265  1.41771540  1.39466955  0.97850934  1.19011500  0.89528039  1.36803663  1.39781345  0.00000000  1.02528978
12    1.32022779  1.36508938  0.86694366  0.86397381  1.32329721  1.20264513  0.87441543  1.08486242  0.83148925  1.08505737  1.09080679  1.02528978  0.00000000

--------------------------------------------------------------------------------
n=12
(result of R-step: (1,6:11)0.80840739)
V=[0, 1, 2, 3, 4, 5, 6, 7, 8, 9, 10, 12]
total successes of this branch: 3
Matrix on 12 elements:

0    0.00000000  1.26527875  1.28047776  1.56542691  1.57835608  1.64794086  1.02287652  1.42620830  0.99452320  1.61692790  1.73283640  1.32022779
1    1.26527875  0.00000000  0.72318355  1.03634357  1.25261399  1.25751274  0.70628048  1.07745464  0.73136123  1.25865185  1.20321107  0.86971716
2    1.28047776  0.72318355  0.00000000  1.11306013  1.28018811  1.14229890  0.63499312  0.95630029  0.45893542  1.16256693  1.26691134  0.86694366
3    1.56542691  1.03634357  1.11306013  0.00000000  1.52688606  1.59952453  1.03419150  1.41364435  1.07715503  1.59452311  1.01944648  0.86397381
4    1.57835608  1.25261399  1.28018811  1.52688606  0.00000000  1.68439659  1.09483131  1.48851113  1.16852649  1.66884261  1.69503044  1.32329721
5    1.64794086  1.25751274  1.14229890  1.59952453  1.68439659  0.00000000  0.95387579  1.34796527  1.13256743  1.32129147  1.76362422  1.20264513
6    1.02287652  0.70628048  0.63499312  1.03419150  1.09483131  0.95387579  0.00000000  0.64596072  0.56740790  0.81006133  1.19940602  0.66219986
7    1.42620830  1.07745464  0.95630029  1.41364435  1.48851113  1.34796527  0.64596072  0.00000000  0.92901304  1.28344672  1.57774176  1.08486242
8    0.99452320  0.73136123  0.45893542  1.07715503  1.16852649  1.13256743  0.56740790  0.92901304  0.00000000  1.12764155  1.23816167  0.83148925
9    1.61692790  1.25865185  1.16256693  1.59452311  1.66884261  1.32129147  0.81006133  1.28344672  1.12764155  0.00000000  1.75910827  1.08505737
10    1.73283640  1.20321107  1.26691134  1.01944648  1.69503044  1.76362422  1.19940602  1.57774176  1.23816167  1.75910827  0.00000000  1.09080679
12    1.32022779  0.86971716  0.86694366  0.86397381  1.32329721  1.20264513  0.66219986  1.08486242  0.83148925  1.08505737  1.09080679  0.00000000

--------------------------------------------------------------------------------
n=11
(result of R-step: (3,9:12)0.53999206)
V=[0, 1, 2, 3, 4, 5, 6, 7, 8, 9, 10]
total successes of this branch: 3
Matrix on 11 elements:

0    0.00000000  1.26527875  1.28047776  1.19563397  1.57835608  1.64794086  1.02287652  1.42620830  0.99452320  1.08115721  1.73283640
1    1.26527875  0.00000000  0.72318355  0.66655062  1.25261399  1.25751274  0.70628048  1.07745464  0.73136123  0.72288117  1.20321107
2    1.28047776  0.72318355  0.00000000  0.74326719  1.28018811  1.14229890  0.63499312  0.95630029  0.45893542  0.62679624  1.26691134
3    1.19563397  0.66655062  0.74326719  0.00000000  1.15709312  1.22973159  0.66439856  1.04385141  0.70736209  0.68895948  0.64965354
4    1.57835608  1.25261399  1.28018811  1.15709312  0.00000000  1.68439659  1.09483131  1.48851113  1.16852649  1.13307192  1.69503044
5    1.64794086  1.25751274  1.14229890  1.22973159  1.68439659  0.00000000  0.95387579  1.34796527  1.13256743  0.78552078  1.76362422
6    1.02287652  0.70628048  0.63499312  0.66439856  1.09483131  0.95387579  0.00000000  0.64596072  0.56740790  0.27429064  1.19940602
7    1.42620830  1.07745464  0.95630029  1.04385141  1.48851113  1.34796527  0.64596072  0.00000000  0.92901304  0.74767604  1.57774176
8    0.99452320  0.73136123  0.45893542  0.70736209  1.16852649  1.13256743  0.56740790  0.92901304  0.00000000  0.59187087  1.23816167
9    1.08115721  0.72288117  0.62679624  0.68895948  1.13307192  0.78552078  0.27429064  0.74767604  0.59187087  0.00000000  1.22333759
10    1.73283640  1.20321107  1.26691134  0.64965354  1.69503044  1.76362422  1.19940602  1.57774176  1.23816167  1.22333759  0.00000000

--------------------------------------------------------------------------------
n=10
(result of R-step: (2,3:10)0.01921218)
V=[0, 1, 2, 3, 4, 5, 6, 7, 8, 9]
total successes of this branch: 3
Matrix on 10 elements:

0    0.00000000  1.26527875  1.21927883  1.14475581  1.57835608  1.64794086  1.02287652  1.42620830  0.99452320  1.08115721
1    1.26527875  0.00000000  0.66198462  0.61567247  1.25261399  1.25751274  0.70628048  1.07745464  0.73136123  0.72288117
2    1.21927883  0.66198462  0.00000000  0.63119010  1.21898918  1.08109998  0.57379419  0.89510136  0.39773649  0.56559732
3    1.14475581  0.61567247  0.63119010  0.00000000  1.10621496  1.17885343  0.61352040  0.99297325  0.65648393  0.63808132
4    1.57835608  1.25261399  1.21898918  1.10621496  0.00000000  1.68439659  1.09483131  1.48851113  1.16852649  1.13307192
5    1.64794086  1.25751274  1.08109998  1.17885343  1.68439659  0.00000000  0.95387579  1.34796527  1.13256743  0.78552078
6    1.02287652  0.70628048  0.57379419  0.61352040  1.09483131  0.95387579  0.00000000  0.64596072  0.56740790  0.27429064
7    1.42620830  1.07745464  0.89510136  0.99297325  1.48851113  1.34796527  0.64596072  0.00000000  0.92901304  0.74767604
8    0.99452320  0.73136123  0.39773649  0.65648393  1.16852649  1.13256743  0.56740790  0.92901304  0.00000000  0.59187087
9    1.08115721  0.72288117  0.56559732  0.63808132  1.13307192  0.78552078  0.27429064  0.74767604  0.59187087  0.00000000

--------------------------------------------------------------------------------
n=9
(result of R-step: (0,2:8)0.49129120)
V=[0, 1, 2, 3, 4, 5, 6, 7, 9]
total successes of this branch: 3
Matrix on 9 elements:

0    0.00000000  0.65333840  0.58204698  0.53281546  0.96641573  1.03600052  0.41093617  0.81426795  0.46921687
1    0.65333840  0.00000000  0.63669312  0.61567247  1.25261399  1.25751274  0.70628048  1.07745464  0.72288117
2    0.58204698  0.63669312  0.00000000  0.60589860  1.19369768  1.05580847  0.54850269  0.86980986  0.54030581
3    0.53281546  0.61567247  0.60589860  0.00000000  1.10621496  1.17885343  0.61352040  0.99297325  0.63808132
4    0.96641573  1.25261399  1.19369768  1.10621496  0.00000000  1.68439659  1.09483131  1.48851113  1.13307192
5    1.03600052  1.25751274  1.05580847  1.17885343  1.68439659  0.00000000  0.95387579  1.34796527  0.78552078
6    0.41093617  0.70628048  0.54850269  0.61352040  1.09483131  0.95387579  0.00000000  0.64596072  0.27429064
7    0.81426795  1.07745464  0.86980986  0.99297325  1.48851113  1.34796527  0.64596072  0.00000000  0.74767604
9    0.46921687  0.72288117  0.54030581  0.63808132  1.13307192  0.78552078  0.27429064  0.74767604  0.00000000

--------------------------------------------------------------------------------
n=8
(result of R-step: (1,4:3)0.63215086)
V=[0, 1, 2, 4, 5, 6, 7, 9]
total successes of this branch: 3
Matrix on 8 elements:

0    0.00000000  0.34440293  0.58204698  0.21874223  1.03600052  0.41093617  0.81426795  0.46921687
1    0.34440293  0.00000000  0.32775765  0.19600501  0.94857726  0.39734501  0.76851916  0.41394569
2    0.58204698  0.32775765  0.00000000  0.44602417  1.05580847  0.54850269  0.86980986  0.54030581
4    0.21874223  0.19600501  0.44602417  0.00000000  0.93672309  0.34715781  0.74083762  0.38539842
5    1.03600052  0.94857726  1.05580847  0.93672309  0.00000000  0.95387579  1.34796527  0.78552078
6    0.41093617  0.39734501  0.54850269  0.34715781  0.95387579  0.00000000  0.64596072  0.27429064
7    0.81426795  0.76851916  0.86980986  0.74083762  1.34796527  0.64596072  0.00000000  0.74767604
9    0.46921687  0.41394569  0.54030581  0.38539842  0.78552078  0.27429064  0.74767604  0.00000000

--------------------------------------------------------------------------------
n=7
(result of R-step: (5,6:9)0.56452433)
V=[0, 1, 2, 4, 5, 6, 7]
total successes of this branch: 3
Matrix on 7 elements:

0    0.00000000  0.34440293  0.58204698  0.21874223  0.44726201  0.37604572  0.81426795
1    0.34440293  0.00000000  0.32775765  0.19600501  0.35983876  0.36245456  0.76851916
2    0.58204698  0.32775765  0.00000000  0.44602417  0.46706997  0.51361224  0.86980986
4    0.21874223  0.19600501  0.44602417  0.00000000  0.34798459  0.31226736  0.74083762
5    0.44726201  0.35983876  0.46706997  0.34798459  0.00000000  0.33024684  0.75922677
6    0.37604572  0.36245456  0.51361224  0.31226736  0.33024684  0.00000000  0.61107027
7    0.81426795  0.76851916  0.86980986  0.74083762  0.75922677  0.61107027  0.00000000

--------------------------------------------------------------------------------
n=6
(result of R-step: (2,6:7)0.13360144)
V=[0, 1, 2, 4, 5, 6]
total successes of this branch: 3
Matrix on 6 elements:

0    0.00000000  0.34440293  0.52921524  0.21874223  0.44726201  0.30001214
1    0.34440293  0.00000000  0.27492591  0.19600501  0.35983876  0.28642097
2    0.52921524  0.27492591  0.00000000  0.39319243  0.41423823  0.38474692
4    0.21874223  0.19600501  0.39319243  0.00000000  0.34798459  0.23623377
5    0.44726201  0.35983876  0.41423823  0.34798459  0.00000000  0.25421326
6    0.30001214  0.28642097  0.38474692  0.23623377  0.25421326  0.00000000

--------------------------------------------------------------------------------
n=5
(result of R-step: (0,5:6)0.33682627)
V=[0, 1, 2, 4, 5]
total successes of this branch: 3
Matrix on 5 elements:

0    0.00000000  0.23808950  0.42290181  0.11242880  0.21143331
1    0.23808950  0.00000000  0.27492591  0.19600501  0.23032349
2    0.42290181  0.27492591  0.00000000  0.39319243  0.28472296
4    0.11242880  0.19600501  0.39319243  0.00000000  0.21846931
5    0.21143331  0.23032349  0.28472296  0.21846931  0.00000000

--------------------------------------------------------------------------------
n=4
(result of R-step: (0,1:4)0.77979119)
V=[0, 1, 2, 5]
total successes of this branch: 1
Matrix on 4 elements:

0    0.00000000  0.18450404  0.38627459  0.17480608
1    0.18450404  0.00000000  0.25796768  0.21336526
2    0.38627459  0.25796768  0.00000000  0.28472296
5    0.17480608  0.21336526  0.28472296  0.00000000

--------------------------------------------------------------------------------
n=4
(result of R-step: (0,2:1)0.68822098)
V=[0, 2, 4, 5]
total successes of this branch: 0
reason of abort: negative delta/dxy

--------------------------------------------------------------------------------
n=4
(result of R-step: (0,2:5)0.53344067)
V=[0, 1, 2, 4]
total successes of this branch: 1
Matrix on 4 elements:

0    0.00000000  0.20146227  0.29616567  0.07580157
1    0.20146227  0.00000000  0.18481699  0.19600501
2    0.29616567  0.18481699  0.00000000  0.30308352
4    0.07580157  0.19600501  0.30308352  0.00000000

--------------------------------------------------------------------------------
n=4
(result of R-step: (0,4:2)0.25788110)
V=[0, 1, 4, 5]
total successes of this branch: 0
reason of abort: negative delta/dxy

--------------------------------------------------------------------------------
n=4
(result of R-step: (0,5:1)0.05186831)
V=[0, 2, 4, 5]
total successes of this branch: 0
reason of abort: negative delta/dxy

--------------------------------------------------------------------------------
n=4
