n=20
V=[0, 1, 2, 3, 4, 5, 6, 7, 8, 9, 10, 11, 12, 13, 14, 15, 16, 17, 18, 19]
total successes of this branch: 3
Matrix on 20 elements:

0    0.00000000  1.74332929  1.70803499  1.66302293  1.70975459  1.71179464  1.70911930  1.73446598  1.74252077  1.61185950  1.69652469  1.71791784  1.70753583  1.72812233  1.72705810  1.73776105  1.69955981  0.95498984  1.70025413  1.73181263
1    1.74332929  0.00000000  1.72127798  1.71041908  1.71040584  1.40638204  1.71442245  1.23248163  1.05084247  1.43948665  1.71850119  1.55252650  1.40779282  1.01101143  1.03152322  1.14789890  1.65646307  1.39123854  1.61326523  1.26647043
2    1.70803499  1.72127798  0.00000000  1.71188451  1.50900246  1.71758936  1.37436226  1.63139718  1.71307897  1.71665066  0.93994180  1.54943480  1.71754936  1.62513225  1.62990980  1.68142016  1.09451031  1.66817622  1.20331505  1.58304164
3    1.66302293  1.71041908  1.71188451  0.00000000  1.71181311  1.51383585  1.71183949  1.71078708  1.71045265  1.52849328  1.44666583  1.71147417  1.51446049  1.71105048  1.70088767  1.71065027  1.46001683  1.68611407  1.46962767  1.69231630
4    1.70975459  1.71040584  1.50900246  1.71181311  0.00000000  1.71095845  1.27919963  1.59868660  1.70021470  1.71084017  1.56086437  0.96536670  1.71095341  1.13136591  1.16132795  1.55805007  1.59069770  1.43167138  1.61169906  1.59604158
5    1.71179464  1.40638204  1.71758936  1.51383585  1.71095845  0.00000000  1.71340818  1.48592804  1.41363831  0.79456414  1.66548634  1.63662103  0.59477076  1.54433351  1.49524543  1.45677683  1.39452312  1.63128109  1.30283832  1.49848508
6    1.70911930  1.71442245  1.37436226  1.71183949  1.27919963  1.71340818  0.00000000  1.54589582  1.69904929  1.71298680  1.46066056  1.36730109  1.71339022  1.51729744  1.52743454  1.63486886  1.51089774  1.61689336  1.54625931  1.53993507
7    1.73446598  1.23248163  1.63139718  1.71078708  1.59868660  1.48592804  1.54589582  0.00000000  1.21424914  1.51034655  1.65169844  1.28626751  1.48696865  1.39834647  1.40292783  1.22818191  1.61874922  1.57286324  1.59590497  0.19786461
8    1.74252077  1.05084247  1.71307897  1.71045265  1.70021470  1.41363831  1.69904929  1.21424914  0.00000000  1.44595056  1.71240737  1.53967895  1.41501532  1.34496195  1.34858339  0.62037753  1.65302277  1.55137866  1.61168161  1.24908683
9    1.61185950  1.43948665  1.71665066  1.52849328  1.71084017  0.79456414  1.71298680  1.51034655  1.44595056  0.00000000  1.66853582  1.64460833  0.78567079  1.56239052  1.52223763  1.48438315  1.49482152  1.58807533  1.36951219  1.52140920
10    1.69652469  1.71850119  0.93994180  1.44666583  1.56086437  1.66548634  1.46066056  1.65169844  1.71240737  1.66853582  0.00000000  1.59087085  1.66561630  1.64710291  1.64805997  1.68889476  0.57321013  1.67276322  0.62391379  1.54238273
11    1.71791784  1.55252650  1.54943480  1.71147417  0.96536670  1.63662103  1.36730109  1.28626751  1.53967895  1.64460833  1.59087085  0.00000000  1.63696141  1.28658483  1.30469771  1.31916973  1.59996435  1.51053746  1.60648158  1.30756933
12    1.70753583  1.40779282  1.71754936  1.51446049  1.71095341  0.59477076  1.71339022  1.48696865  1.41501532  0.78567079  1.66561630  1.63696141  0.00000000  1.54510303  1.48700467  1.45795329  1.45277052  1.62943984  1.13209184  1.49946201
13    1.72812233  1.01101143  1.62513225  1.71105048  1.13136591  1.54433351  1.51729744  1.39834647  1.34496195  1.56239052  1.64710291  1.28658483  1.54510303  0.00000000  0.47934337  1.33366824  1.62667603  1.01220077  1.61255587  1.41574275
14    1.72705810  1.03152322  1.62990980  1.70088767  1.16132795  1.49524543  1.52743454  1.40292783  1.34858339  1.52223763  1.64805997  1.30469771  1.48700467  0.47934337  0.00000000  1.34009321  1.61768591  1.12716996  1.59351104  1.42007065
15    1.73776105  1.14789890  1.68142016  1.71065027  1.55805007  1.45677683  1.63486886  1.22818191  0.62037753  1.48438315  1.68889476  1.31916973  1.45795329  1.33366824  1.34009321  0.00000000  1.64275802  1.54347747  1.61067561  1.26040093
16    1.69955981  1.65646307  1.09451031  1.46001683  1.59069770  1.39452312  1.51089774  1.61874922  1.65302277  1.49482152  0.57321013  1.59996435  1.45277052  1.62667603  1.61768591  1.64275802  0.00000000  1.66451805  0.87111449  1.54563155
17    0.95498984  1.39123854  1.66817622  1.68611407  1.43167138  1.63128109  1.61689336  1.57286324  1.55137866  1.58807533  1.67276322  1.51053746  1.62943984  1.01220077  1.12716996  1.54347747  1.66451805  0.00000000  1.65808972  1.57984955
18    1.70025413  1.61326523  1.20331505  1.46962767  1.61169906  1.30283832  1.54625931  1.59590497  1.61168161  1.36951219  0.62391379  1.60648158  1.13209184  1.61255587  1.59351104  1.61067561  0.87111449  1.65808972  0.00000000  1.52793073
19    1.73181263  1.26647043  1.58304164  1.69231630  1.59604158  1.49848508  1.53993507  0.19786461  1.24908683  1.52140920  1.54238273  1.30756933  1.49946201  1.41574275  1.42007065  1.26040093  1.54563155  1.57984955  1.52793073  0.00000000

--------------------------------------------------------------------------------
n=19
(result of R-step: (0,13:17)0.51921050)
V=[0, 1, 2, 3, 4, 5, 6, 7, 8, 9, 10, 11, 12, 13, 14, 15, 16, 18, 19]
total successes of this branch: 3
Matrix on 19 elements:

0    0.00000000  1.62379515  1.58850085  1.54348879  1.59022045  1.59226050  1.58958516  1.61493184  1.62298663  1.49232536  1.57699055  1.59838370  1.58800169  1.48905405  1.60752396  1.61822691  1.58002567  1.58071999  1.61227849
1    1.62379515  0.00000000  1.72127798  1.71041908  1.71040584  1.40638204  1.71442245  1.23248163  1.05084247  1.43948665  1.71850119  1.55252650  1.40779282  0.89147729  1.03152322  1.14789890  1.65646307  1.61326523  1.26647043
2    1.58850085  1.72127798  0.00000000  1.71188451  1.50900246  1.71758936  1.37436226  1.63139718  1.71307897  1.71665066  0.93994180  1.54943480  1.71754936  1.50559811  1.62990980  1.68142016  1.09451031  1.20331505  1.58304164
3    1.54348879  1.71041908  1.71188451  0.00000000  1.71181311  1.51383585  1.71183949  1.71078708  1.71045265  1.52849328  1.44666583  1.71147417  1.51446049  1.59151634  1.70088767  1.71065027  1.46001683  1.46962767  1.69231630
4    1.59022045  1.71040584  1.50900246  1.71181311  0.00000000  1.71095845  1.27919963  1.59868660  1.70021470  1.71084017  1.56086437  0.96536670  1.71095341  1.01183177  1.16132795  1.55805007  1.59069770  1.61169906  1.59604158
5    1.59226050  1.40638204  1.71758936  1.51383585  1.71095845  0.00000000  1.71340818  1.48592804  1.41363831  0.79456414  1.66548634  1.63662103  0.59477076  1.42479937  1.49524543  1.45677683  1.39452312  1.30283832  1.49848508
6    1.58958516  1.71442245  1.37436226  1.71183949  1.27919963  1.71340818  0.00000000  1.54589582  1.69904929  1.71298680  1.46066056  1.36730109  1.71339022  1.39776330  1.52743454  1.63486886  1.51089774  1.54625931  1.53993507
7    1.61493184  1.23248163  1.63139718  1.71078708  1.59868660  1.48592804  1.54589582  0.00000000  1.21424914  1.51034655  1.65169844  1.28626751  1.48696865  1.27881233  1.40292783  1.22818191  1.61874922  1.59590497  0.19786461
8    1.62298663  1.05084247  1.71307897  1.71045265  1.70021470  1.41363831  1.69904929  1.21424914  0.00000000  1.44595056  1.71240737  1.53967895  1.41501532  1.22542781  1.34858339  0.62037753  1.65302277  1.61168161  1.24908683
9    1.49232536  1.43948665  1.71665066  1.52849328  1.71084017  0.79456414  1.71298680  1.51034655  1.44595056  0.00000000  1.66853582  1.64460833  0.78567079  1.44285638  1.52223763  1.48438315  1.49482152  1.36951219  1.52140920
10    1.57699055  1.71850119  0.93994180  1.44666583  1.56086437  1.66548634  1.46066056  1.65169844  1.71240737  1.66853582  0.00000000  1.59087085  1.66561630  1.52756877  1.64805997  1.68889476  0.57321013  0.62391379  1.54238273
11    1.59838370  1.55252650  1.54943480  1.71147417  0.96536670  1.63662103  1.36730109  1.28626751  1.53967895  1.64460833  1.59087085  0.00000000  1.63696141  1.16705069  1.30469771  1.31916973  1.59996435  1.60648158  1.30756933
12    1.58800169  1.40779282  1.71754936  1.51446049  1.71095341  0.59477076  1.71339022  1.48696865  1.41501532  0.78567079  1.66561630  1.63696141  0.00000000  1.42556889  1.48700467  1.45795329  1.45277052  1.13209184  1.49946201
13    1.48905405  0.89147729  1.50559811  1.59151634  1.01183177  1.42479937  1.39776330  1.27881233  1.22542781  1.44285638  1.52756877  1.16705069  1.42556889  0.00000000  0.35980923  1.21413410  1.50714189  1.49302173  1.29620861
14    1.60752396  1.03152322  1.62990980  1.70088767  1.16132795  1.49524543  1.52743454  1.40292783  1.34858339  1.52223763  1.64805997  1.30469771  1.48700467  0.35980923  0.00000000  1.34009321  1.61768591  1.59351104  1.42007065
15    1.61822691  1.14789890  1.68142016  1.71065027  1.55805007  1.45677683  1.63486886  1.22818191  0.62037753  1.48438315  1.68889476  1.31916973  1.45795329  1.21413410  1.34009321  0.00000000  1.64275802  1.61067561  1.26040093
16    1.58002567  1.65646307  1.09451031  1.46001683  1.59069770  1.39452312  1.51089774  1.61874922  1.65302277  1.49482152  0.57321013  1.59996435  1.45277052  1.50714189  1.61768591  1.64275802  0.00000000  0.87111449  1.54563155
18    1.58071999  1.61326523  1.20331505  1.46962767  1.61169906  1.30283832  1.54625931  1.59590497  1.61168161  1.36951219  0.62391379  1.60648158  1.13209184  1.49302173  1.59351104  1.61067561  0.87111449  0.00000000  1.52793073
19    1.61227849  1.26647043  1.58304164  1.69231630  1.59604158  1.49848508  1.53993507  0.19786461  1.24908683  1.52140920  1.54238273  1.30756933  1.49946201  1.29620861  1.42007065  1.26040093  1.54563155  1.52793073  0.00000000

--------------------------------------------------------------------------------
n=18
(result of R-step: (7,10:19)0.93006701)
V=[0, 1, 2, 3, 4, 5, 6, 7, 8, 9, 10, 11, 12, 13, 14, 15, 16, 18]
total successes of this branch: 3
Matrix on 18 elements:

0    0.00000000  1.62379515  1.58850085  1.54348879  1.59022045  1.59226050  1.58958516  1.57065739  1.62298663  1.49232536  1.53271610  1.59838370  1.58800169  1.48905405  1.60752396  1.61822691  1.58002567  1.58071999
1    1.62379515  0.00000000  1.72127798  1.71041908  1.71040584  1.40638204  1.71442245  1.18820718  1.05084247  1.43948665  1.67422674  1.55252650  1.40779282  0.89147729  1.03152322  1.14789890  1.65646307  1.61326523
2    1.58850085  1.72127798  0.00000000  1.71188451  1.50900246  1.71758936  1.37436226  1.58712273  1.71307897  1.71665066  0.89566735  1.54943480  1.71754936  1.50559811  1.62990980  1.68142016  1.09451031  1.20331505
3    1.54348879  1.71041908  1.71188451  0.00000000  1.71181311  1.51383585  1.71183949  1.66651263  1.71045265  1.52849328  1.40239138  1.71147417  1.51446049  1.59151634  1.70088767  1.71065027  1.46001683  1.46962767
4    1.59022045  1.71040584  1.50900246  1.71181311  0.00000000  1.71095845  1.27919963  1.55441215  1.70021470  1.71084017  1.51658992  0.96536670  1.71095341  1.01183177  1.16132795  1.55805007  1.59069770  1.61169906
5    1.59226050  1.40638204  1.71758936  1.51383585  1.71095845  0.00000000  1.71340818  1.44165359  1.41363831  0.79456414  1.62121189  1.63662103  0.59477076  1.42479937  1.49524543  1.45677683  1.39452312  1.30283832
6    1.58958516  1.71442245  1.37436226  1.71183949  1.27919963  1.71340818  0.00000000  1.50162137  1.69904929  1.71298680  1.41638611  1.36730109  1.71339022  1.39776330  1.52743454  1.63486886  1.51089774  1.54625931
7    1.57065739  1.18820718  1.58712273  1.66651263  1.55441215  1.44165359  1.50162137  0.00000000  1.16997469  1.46607210  1.56314954  1.24199306  1.44269420  1.23453788  1.35865338  1.18390746  1.57447477  1.55163052
8    1.62298663  1.05084247  1.71307897  1.71045265  1.70021470  1.41363831  1.69904929  1.16997469  0.00000000  1.44595056  1.66813292  1.53967895  1.41501532  1.22542781  1.34858339  0.62037753  1.65302277  1.61168161
9    1.49232536  1.43948665  1.71665066  1.52849328  1.71084017  0.79456414  1.71298680  1.46607210  1.44595056  0.00000000  1.62426137  1.64460833  0.78567079  1.44285638  1.52223763  1.48438315  1.49482152  1.36951219
10    1.53271610  1.67422674  0.89566735  1.40239138  1.51658992  1.62121189  1.41638611  1.56314954  1.66813292  1.62426137  0.00000000  1.54659640  1.62134185  1.48329432  1.60378552  1.64462031  0.52893568  0.57963934
11    1.59838370  1.55252650  1.54943480  1.71147417  0.96536670  1.63662103  1.36730109  1.24199306  1.53967895  1.64460833  1.54659640  0.00000000  1.63696141  1.16705069  1.30469771  1.31916973  1.59996435  1.60648158
12    1.58800169  1.40779282  1.71754936  1.51446049  1.71095341  0.59477076  1.71339022  1.44269420  1.41501532  0.78567079  1.62134185  1.63696141  0.00000000  1.42556889  1.48700467  1.45795329  1.45277052  1.13209184
13    1.48905405  0.89147729  1.50559811  1.59151634  1.01183177  1.42479937  1.39776330  1.23453788  1.22542781  1.44285638  1.48329432  1.16705069  1.42556889  0.00000000  0.35980923  1.21413410  1.50714189  1.49302173
14    1.60752396  1.03152322  1.62990980  1.70088767  1.16132795  1.49524543  1.52743454  1.35865338  1.34858339  1.52223763  1.60378552  1.30469771  1.48700467  0.35980923  0.00000000  1.34009321  1.61768591  1.59351104
15    1.61822691  1.14789890  1.68142016  1.71065027  1.55805007  1.45677683  1.63486886  1.18390746  0.62037753  1.48438315  1.64462031  1.31916973  1.45795329  1.21413410  1.34009321  0.00000000  1.64275802  1.61067561
16    1.58002567  1.65646307  1.09451031  1.46001683  1.59069770  1.39452312  1.51089774  1.57447477  1.65302277  1.49482152  0.52893568  1.59996435  1.45277052  1.50714189  1.61768591  1.64275802  0.00000000  0.87111449
18    1.58071999  1.61326523  1.20331505  1.46962767  1.61169906  1.30283832  1.54625931  1.55163052  1.61168161  1.36951219  0.57963934  1.60648158  1.13209184  1.49302173  1.59351104  1.61067561  0.87111449  0.00000000

--------------------------------------------------------------------------------
n=17
(result of R-step: (8,11:15)0.80653872)
V=[0, 1, 2, 3, 4, 5, 6, 7, 8, 9, 10, 11, 12, 13, 14, 16, 18]
total successes of this branch: 3
Matrix on 17 elements:

0    0.00000000  1.62379515  1.58850085  1.54348879  1.59022045  1.59226050  1.58958516  1.57065739  1.42305247  1.49232536  1.53271610  1.39844955  1.58800169  1.48905405  1.60752396  1.58002567  1.58071999
1    1.62379515  0.00000000  1.72127798  1.71041908  1.71040584  1.40638204  1.71442245  1.18820718  0.85090832  1.43948665  1.67422674  1.35259235  1.40779282  0.89147729  1.03152322  1.65646307  1.61326523
2    1.58850085  1.72127798  0.00000000  1.71188451  1.50900246  1.71758936  1.37436226  1.58712273  1.51314481  1.71665066  0.89566735  1.34950065  1.71754936  1.50559811  1.62990980  1.09451031  1.20331505
3    1.54348879  1.71041908  1.71188451  0.00000000  1.71181311  1.51383585  1.71183949  1.66651263  1.51051849  1.52849328  1.40239138  1.51154002  1.51446049  1.59151634  1.70088767  1.46001683  1.46962767
4    1.59022045  1.71040584  1.50900246  1.71181311  0.00000000  1.71095845  1.27919963  1.55441215  1.50028055  1.71084017  1.51658992  0.76543255  1.71095341  1.01183177  1.16132795  1.59069770  1.61169906
5    1.59226050  1.40638204  1.71758936  1.51383585  1.71095845  0.00000000  1.71340818  1.44165359  1.21370415  0.79456414  1.62121189  1.43668687  0.59477076  1.42479937  1.49524543  1.39452312  1.30283832
6    1.58958516  1.71442245  1.37436226  1.71183949  1.27919963  1.71340818  0.00000000  1.50162137  1.49911513  1.71298680  1.41638611  1.16736693  1.71339022  1.39776330  1.52743454  1.51089774  1.54625931
7    1.57065739  1.18820718  1.58712273  1.66651263  1.55441215  1.44165359  1.50162137  0.00000000  0.97004054  1.46607210  1.56314954  1.04205891  1.44269420  1.23453788  1.35865338  1.57447477  1.55163052
8    1.42305247  0.85090832  1.51314481  1.51051849  1.50028055  1.21370415  1.49911513  0.97004054  0.00000000  1.24601641  1.46819877  1.13981064  1.21508117  1.02549366  1.14864924  1.45308862  1.41174746
9    1.49232536  1.43948665  1.71665066  1.52849328  1.71084017  0.79456414  1.71298680  1.46607210  1.24601641  0.00000000  1.62426137  1.44467418  0.78567079  1.44285638  1.52223763  1.49482152  1.36951219
10    1.53271610  1.67422674  0.89566735  1.40239138  1.51658992  1.62121189  1.41638611  1.56314954  1.46819877  1.62426137  0.00000000  1.34666225  1.62134185  1.48329432  1.60378552  0.52893568  0.57963934
11    1.39844955  1.35259235  1.34950065  1.51154002  0.76543255  1.43668687  1.16736693  1.04205891  1.13981064  1.44467418  1.34666225  0.00000000  1.43702726  0.96711654  1.10476355  1.40003020  1.40654743
12    1.58800169  1.40779282  1.71754936  1.51446049  1.71095341  0.59477076  1.71339022  1.44269420  1.21508117  0.78567079  1.62134185  1.43702726  0.00000000  1.42556889  1.48700467  1.45277052  1.13209184
13    1.48905405  0.89147729  1.50559811  1.59151634  1.01183177  1.42479937  1.39776330  1.23453788  1.02549366  1.44285638  1.48329432  0.96711654  1.42556889  0.00000000  0.35980923  1.50714189  1.49302173
14    1.60752396  1.03152322  1.62990980  1.70088767  1.16132795  1.49524543  1.52743454  1.35865338  1.14864924  1.52223763  1.60378552  1.10476355  1.48700467  0.35980923  0.00000000  1.61768591  1.59351104
16    1.58002567  1.65646307  1.09451031  1.46001683  1.59069770  1.39452312  1.51089774  1.57447477  1.45308862  1.49482152  0.52893568  1.40003020  1.45277052  1.50714189  1.61768591  0.00000000  0.87111449
18    1.58071999  1.61326523  1.20331505  1.46962767  1.61169906  1.30283832  1.54625931  1.55163052  1.41174746  1.36951219  0.57963934  1.40654743  1.13209184  1.49302173  1.59351104  0.87111449  0.00000000

--------------------------------------------------------------------------------
n=16
(result of R-step: (10,12:18)0.66130312)
V=[0, 1, 2, 3, 4, 5, 6, 7, 8, 9, 10, 11, 12, 13, 14, 16]
total successes of this branch: 3
Matrix on 16 elements:

0    0.00000000  1.62379515  1.58850085  1.54348879  1.59022045  1.59226050  1.58958516  1.57065739  1.42305247  1.49232536  1.53179589  1.39844955  1.54280702  1.48905405  1.60752396  1.58002567
1    1.62379515  0.00000000  1.72127798  1.71041908  1.71040584  1.40638204  1.71442245  1.18820718  0.85090832  1.43948665  1.67330652  1.35259235  1.36259816  0.89147729  1.03152322  1.65646307
2    1.58850085  1.72127798  0.00000000  1.71188451  1.50900246  1.71758936  1.37436226  1.58712273  1.51314481  1.71665066  0.89474714  1.34950065  1.67235469  1.50559811  1.62990980  1.09451031
3    1.54348879  1.71041908  1.71188451  0.00000000  1.71181311  1.51383585  1.71183949  1.66651263  1.51051849  1.52849328  1.40147117  1.51154002  1.46926583  1.59151634  1.70088767  1.46001683
4    1.59022045  1.71040584  1.50900246  1.71181311  0.00000000  1.71095845  1.27919963  1.55441215  1.50028055  1.71084017  1.51566971  0.76543255  1.66575874  1.01183177  1.16132795  1.59069770
5    1.59226050  1.40638204  1.71758936  1.51383585  1.71095845  0.00000000  1.71340818  1.44165359  1.21370415  0.79456414  1.62029168  1.43668687  0.54957610  1.42479937  1.49524543  1.39452312
6    1.58958516  1.71442245  1.37436226  1.71183949  1.27919963  1.71340818  0.00000000  1.50162137  1.49911513  1.71298680  1.41546590  1.16736693  1.66819556  1.39776330  1.52743454  1.51089774
7    1.57065739  1.18820718  1.58712273  1.66651263  1.55441215  1.44165359  1.50162137  0.00000000  0.97004054  1.46607210  1.56222933  1.04205891  1.39749954  1.23453788  1.35865338  1.57447477
8    1.42305247  0.85090832  1.51314481  1.51051849  1.50028055  1.21370415  1.49911513  0.97004054  0.00000000  1.24601641  1.46727856  1.13981064  1.16988650  1.02549366  1.14864924  1.45308862
9    1.49232536  1.43948665  1.71665066  1.52849328  1.71084017  0.79456414  1.71298680  1.46607210  1.24601641  0.00000000  1.62334116  1.44467418  0.74047613  1.44285638  1.52223763  1.49482152
10    1.53179589  1.67330652  0.89474714  1.40147117  1.51566971  1.62029168  1.41546590  1.56222933  1.46727856  1.62334116  0.00000000  1.34574203  1.57522698  1.48237411  1.60286530  0.52801547
11    1.39844955  1.35259235  1.34950065  1.51154002  0.76543255  1.43668687  1.16736693  1.04205891  1.13981064  1.44467418  1.34574203  0.00000000  1.39183260  0.96711654  1.10476355  1.40003020
12    1.54280702  1.36259816  1.67235469  1.46926583  1.66575874  0.54957610  1.66819556  1.39749954  1.16988650  0.74047613  1.57522698  1.39183260  0.00000000  1.38037422  1.44181001  1.40757586
13    1.48905405  0.89147729  1.50559811  1.59151634  1.01183177  1.42479937  1.39776330  1.23453788  1.02549366  1.44285638  1.48237411  0.96711654  1.38037422  0.00000000  0.35980923  1.50714189
14    1.60752396  1.03152322  1.62990980  1.70088767  1.16132795  1.49524543  1.52743454  1.35865338  1.14864924  1.52223763  1.60286530  1.10476355  1.44181001  0.35980923  0.00000000  1.61768591
16    1.58002567  1.65646307  1.09451031  1.46001683  1.59069770  1.39452312  1.51089774  1.57447477  1.45308862  1.49482152  0.52801547  1.40003020  1.40757586  1.50714189  1.61768591  0.00000000

--------------------------------------------------------------------------------
n=15
(result of R-step: (5,10:16)0.19876422)
V=[0, 1, 2, 3, 4, 5, 6, 7, 8, 9, 10, 11, 12, 13, 14]
total successes of this branch: 3
Matrix on 15 elements:

0    0.00000000  1.62379515  1.58850085  1.54348879  1.59022045  1.44113705  1.58958516  1.57065739  1.42305247  1.49232536  1.42586710  1.39844955  1.54280702  1.48905405  1.60752396
1    1.62379515  0.00000000  1.72127798  1.71041908  1.71040584  1.25525859  1.71442245  1.18820718  0.85090832  1.43948665  1.56737773  1.35259235  1.36259816  0.89147729  1.03152322
2    1.58850085  1.72127798  0.00000000  1.71188451  1.50900246  1.56646591  1.37436226  1.58712273  1.51314481  1.71665066  0.78881835  1.34950065  1.67235469  1.50559811  1.62990980
3    1.54348879  1.71041908  1.71188451  0.00000000  1.71181311  1.36271240  1.71183949  1.66651263  1.51051849  1.52849328  1.29554238  1.51154002  1.46926583  1.59151634  1.70088767
4    1.59022045  1.71040584  1.50900246  1.71181311  0.00000000  1.55983499  1.27919963  1.55441215  1.50028055  1.71084017  1.40974092  0.76543255  1.66575874  1.01183177  1.16132795
5    1.44113705  1.25525859  1.56646591  1.36271240  1.55983499  0.00000000  1.56228473  1.29053013  1.06258070  0.64344069  1.36323944  1.28556342  0.39845264  1.27367592  1.34412198
6    1.58958516  1.71442245  1.37436226  1.71183949  1.27919963  1.56228473  0.00000000  1.50162137  1.49911513  1.71298680  1.30953711  1.16736693  1.66819556  1.39776330  1.52743454
7    1.57065739  1.18820718  1.58712273  1.66651263  1.55441215  1.29053013  1.50162137  0.00000000  0.97004054  1.46607210  1.45630054  1.04205891  1.39749954  1.23453788  1.35865338
8    1.42305247  0.85090832  1.51314481  1.51051849  1.50028055  1.06258070  1.49911513  0.97004054  0.00000000  1.24601641  1.36134977  1.13981064  1.16988650  1.02549366  1.14864924
9    1.49232536  1.43948665  1.71665066  1.52849328  1.71084017  0.64344069  1.71298680  1.46607210  1.24601641  0.00000000  1.51741237  1.44467418  0.74047613  1.44285638  1.52223763
10    1.42586710  1.56737773  0.78881835  1.29554238  1.40974092  1.36323944  1.30953711  1.45630054  1.36134977  1.51741237  0.00000000  1.23981324  1.46929818  1.37644532  1.49693651
11    1.39844955  1.35259235  1.34950065  1.51154002  0.76543255  1.28556342  1.16736693  1.04205891  1.13981064  1.44467418  1.23981324  0.00000000  1.39183260  0.96711654  1.10476355
12    1.54280702  1.36259816  1.67235469  1.46926583  1.66575874  0.39845264  1.66819556  1.39749954  1.16988650  0.74047613  1.46929818  1.39183260  0.00000000  1.38037422  1.44181001
13    1.48905405  0.89147729  1.50559811  1.59151634  1.01183177  1.27367592  1.39776330  1.23453788  1.02549366  1.44285638  1.37644532  0.96711654  1.38037422  0.00000000  0.35980923
14    1.60752396  1.03152322  1.62990980  1.70088767  1.16132795  1.34412198  1.52743454  1.35865338  1.14864924  1.52223763  1.49693651  1.10476355  1.44181001  0.35980923  0.00000000

--------------------------------------------------------------------------------
n=14
(result of R-step: (2,3:10)0.74428408)
V=[0, 1, 2, 3, 4, 5, 6, 7, 8, 9, 11, 12, 13, 14]
total successes of this branch: 3
Matrix on 14 elements:

0    0.00000000  1.62379515  1.25113929  1.20612723  1.59022045  1.44113705  1.58958516  1.57065739  1.42305247  1.49232536  1.39844955  1.54280702  1.48905405  1.60752396
1    1.62379515  0.00000000  1.38391642  1.37305751  1.71040584  1.25525859  1.71442245  1.18820718  0.85090832  1.43948665  1.35259235  1.36259816  0.89147729  1.03152322
2    1.25113929  1.38391642  0.00000000  1.03716139  1.17164090  1.22910435  1.03700070  1.24976117  1.17578325  1.37928909  1.01213909  1.33499313  1.16823655  1.29254823
3    1.20612723  1.37305751  1.03716139  0.00000000  1.37445155  1.02535084  1.37447793  1.32915107  1.17315693  1.19113172  1.17417846  1.13190427  1.25415477  1.36352610
4    1.59022045  1.71040584  1.17164090  1.37445155  0.00000000  1.55983499  1.27919963  1.55441215  1.50028055  1.71084017  0.76543255  1.66575874  1.01183177  1.16132795
5    1.44113705  1.25525859  1.22910435  1.02535084  1.55983499  0.00000000  1.56228473  1.29053013  1.06258070  0.64344069  1.28556342  0.39845264  1.27367592  1.34412198
6    1.58958516  1.71442245  1.03700070  1.37447793  1.27919963  1.56228473  0.00000000  1.50162137  1.49911513  1.71298680  1.16736693  1.66819556  1.39776330  1.52743454
7    1.57065739  1.18820718  1.24976117  1.32915107  1.55441215  1.29053013  1.50162137  0.00000000  0.97004054  1.46607210  1.04205891  1.39749954  1.23453788  1.35865338
8    1.42305247  0.85090832  1.17578325  1.17315693  1.50028055  1.06258070  1.49911513  0.97004054  0.00000000  1.24601641  1.13981064  1.16988650  1.02549366  1.14864924
9    1.49232536  1.43948665  1.37928909  1.19113172  1.71084017  0.64344069  1.71298680  1.46607210  1.24601641  0.00000000  1.44467418  0.74047613  1.44285638  1.52223763
11    1.39844955  1.35259235  1.01213909  1.17417846  0.76543255  1.28556342  1.16736693  1.04205891  1.13981064  1.44467418  0.00000000  1.39183260  0.96711654  1.10476355
12    1.54280702  1.36259816  1.33499313  1.13190427  1.66575874  0.39845264  1.66819556  1.39749954  1.16988650  0.74047613  1.39183260  0.00000000  1.38037422  1.44181001
13    1.48905405  0.89147729  1.16823655  1.25415477  1.01183177  1.27367592  1.39776330  1.23453788  1.02549366  1.44285638  0.96711654  1.38037422  0.00000000  0.35980923
14    1.60752396  1.03152322  1.29254823  1.36352610  1.16132795  1.34412198  1.52743454  1.35865338  1.14864924  1.52223763  1.10476355  1.44181001  0.35980923  0.00000000

--------------------------------------------------------------------------------
n=13
(result of R-step: (12,13:14)0.05169546)
V=[0, 1, 2, 3, 4, 5, 6, 7, 8, 9, 11, 12, 13]
total successes of this branch: 3
Matrix on 13 elements:

0    0.00000000  1.62379515  1.25113929  1.20612723  1.59022045  1.44113705  1.58958516  1.57065739  1.42305247  1.49232536  1.39844955  1.37737918  1.39796568
1    1.62379515  0.00000000  1.38391642  1.37305751  1.71040584  1.25525859  1.71442245  1.18820718  0.85090832  1.43948665  1.35259235  1.19717031  0.80038892
2    1.25113929  1.38391642  0.00000000  1.03716139  1.17164090  1.22910435  1.03700070  1.24976117  1.17578325  1.37928909  1.01213909  1.16956529  1.07714818
3    1.20612723  1.37305751  1.03716139  0.00000000  1.37445155  1.02535084  1.37447793  1.32915107  1.17315693  1.19113172  1.17417846  0.96647642  1.16306641
4    1.59022045  1.71040584  1.17164090  1.37445155  0.00000000  1.55983499  1.27919963  1.55441215  1.50028055  1.71084017  0.76543255  1.50033090  0.92074340
5    1.44113705  1.25525859  1.22910435  1.02535084  1.55983499  0.00000000  1.56228473  1.29053013  1.06258070  0.64344069  1.28556342  0.23302480  1.18258755
6    1.58958516  1.71442245  1.03700070  1.37447793  1.27919963  1.56228473  0.00000000  1.50162137  1.49911513  1.71298680  1.16736693  1.50276771  1.30667493
7    1.57065739  1.18820718  1.24976117  1.32915107  1.55441215  1.29053013  1.50162137  0.00000000  0.97004054  1.46607210  1.04205891  1.23207169  1.14344951
8    1.42305247  0.85090832  1.17578325  1.17315693  1.50028055  1.06258070  1.49911513  0.97004054  0.00000000  1.24601641  1.13981064  1.00445866  0.93440529
9    1.49232536  1.43948665  1.37928909  1.19113172  1.71084017  0.64344069  1.71298680  1.46607210  1.24601641  0.00000000  1.44467418  0.57504828  1.35176801
11    1.39844955  1.35259235  1.01213909  1.17417846  0.76543255  1.28556342  1.16736693  1.04205891  1.13981064  1.44467418  0.00000000  1.22640475  0.87602817
12    1.37737918  1.19717031  1.16956529  0.96647642  1.50033090  0.23302480  1.50276771  1.23207169  1.00445866  0.57504828  1.22640475  0.00000000  1.12385801
13    1.39796568  0.80038892  1.07714818  1.16306641  0.92074340  1.18258755  1.30667493  1.14344951  0.93440529  1.35176801  0.87602817  1.12385801  0.00000000

--------------------------------------------------------------------------------
n=12
(result of R-step: (1,4:13)0.54707105)
V=[0, 1, 2, 3, 4, 5, 6, 7, 8, 9, 11, 12]
total successes of this branch: 3
Matrix on 12 elements:

0    0.00000000  1.40780940  1.25113929  1.20612723  1.37423470  1.44113705  1.58958516  1.57065739  1.42305247  1.49232536  1.39844955  1.37737918
1    1.40780940  0.00000000  1.16793067  1.15707177  1.27843434  1.03927284  1.49843671  0.97222144  0.63492257  1.22350090  1.13660660  0.98118456
2    1.25113929  1.16793067  0.00000000  1.03716139  0.95565515  1.22910435  1.03700070  1.24976117  1.17578325  1.37928909  1.01213909  1.16956529
3    1.20612723  1.15707177  1.03716139  0.00000000  1.15846580  1.02535084  1.37447793  1.32915107  1.17315693  1.19113172  1.17417846  0.96647642
4    1.37423470  1.27843434  0.95565515  1.15846580  0.00000000  1.34384925  1.06321388  1.33842640  1.28429480  1.49485442  0.54944680  1.28434515
5    1.44113705  1.03927284  1.22910435  1.02535084  1.34384925  0.00000000  1.56228473  1.29053013  1.06258070  0.64344069  1.28556342  0.23302480
6    1.58958516  1.49843671  1.03700070  1.37447793  1.06321388  1.56228473  0.00000000  1.50162137  1.49911513  1.71298680  1.16736693  1.50276771
7    1.57065739  0.97222144  1.24976117  1.32915107  1.33842640  1.29053013  1.50162137  0.00000000  0.97004054  1.46607210  1.04205891  1.23207169
8    1.42305247  0.63492257  1.17578325  1.17315693  1.28429480  1.06258070  1.49911513  0.97004054  0.00000000  1.24601641  1.13981064  1.00445866
9    1.49232536  1.22350090  1.37928909  1.19113172  1.49485442  0.64344069  1.71298680  1.46607210  1.24601641  0.00000000  1.44467418  0.57504828
11    1.39844955  1.13660660  1.01213909  1.17417846  0.54944680  1.28556342  1.16736693  1.04205891  1.13981064  1.44467418  0.00000000  1.22640475
12    1.37737918  0.98118456  1.16956529  0.96647642  1.28434515  0.23302480  1.50276771  1.23207169  1.00445866  0.57504828  1.22640475  0.00000000

--------------------------------------------------------------------------------
n=11
(result of R-step: (4,7:11)0.66965612)
V=[0, 1, 2, 3, 4, 5, 6, 7, 8, 9, 12]
total successes of this branch: 3
Matrix on 11 elements:

0    0.00000000  1.40780940  1.25113929  1.20612723  1.26374664  1.44113705  1.58958516  1.28845803  1.42305247  1.49232536  1.37737918
1    1.40780940  0.00000000  1.16793067  1.15707177  1.16794628  1.03927284  1.49843671  0.69002208  0.63492257  1.22350090  0.98118456
2    1.25113929  1.16793067  0.00000000  1.03716139  0.84516709  1.22910435  1.03700070  0.96756181  1.17578325  1.37928909  1.16956529
3    1.20612723  1.15707177  1.03716139  0.00000000  1.04797774  1.02535084  1.37447793  1.04695172  1.17315693  1.19113172  0.96647642
4    1.26374664  1.16794628  0.84516709  1.04797774  0.00000000  1.23336119  0.95272583  0.94573899  1.17380674  1.38436636  1.17385709
5    1.44113705  1.03927284  1.22910435  1.02535084  1.23336119  0.00000000  1.56228473  1.00833078  1.06258070  0.64344069  0.23302480
6    1.58958516  1.49843671  1.03700070  1.37447793  0.95272583  1.56228473  0.00000000  1.21942202  1.49911513  1.71298680  1.50276771
7    1.28845803  0.69002208  0.96756181  1.04695172  0.94573899  1.00833078  1.21942202  0.00000000  0.68784118  1.18387274  0.94987233
8    1.42305247  0.63492257  1.17578325  1.17315693  1.17380674  1.06258070  1.49911513  0.68784118  0.00000000  1.24601641  1.00445866
9    1.49232536  1.22350090  1.37928909  1.19113172  1.38436636  0.64344069  1.71298680  1.18387274  1.24601641  0.00000000  0.57504828
12    1.37737918  0.98118456  1.16956529  0.96647642  1.17385709  0.23302480  1.50276771  0.94987233  1.00445866  0.57504828  0.00000000

--------------------------------------------------------------------------------
n=10
(result of R-step: (1,7:8)0.90877900)
V=[0, 1, 2, 3, 4, 5, 6, 7, 9, 12]
total successes of this branch: 3
Matrix on 10 elements:

0    0.00000000  1.10749016  1.25113929  1.20612723  1.26374664  1.44113705  1.58958516  1.09862685  1.49232536  1.37737918
1    1.10749016  0.00000000  0.86761143  0.85675253  0.86762704  0.73895360  1.19811747  0.19987166  0.92318166  0.68086532
2    1.25113929  0.86761143  0.00000000  1.03716139  0.84516709  1.22910435  1.03700070  0.77773063  1.37928909  1.16956529
3    1.20612723  0.85675253  1.03716139  0.00000000  1.04797774  1.02535084  1.37447793  0.85712053  1.19113172  0.96647642
4    1.26374664  0.86762704  0.84516709  1.04797774  0.00000000  1.23336119  0.95272583  0.75590780  1.38436636  1.17385709
5    1.44113705  0.73895360  1.22910435  1.02535084  1.23336119  0.00000000  1.56228473  0.81849960  0.64344069  0.23302480
6    1.58958516  1.19811747  1.03700070  1.37447793  0.95272583  1.56228473  0.00000000  1.02959084  1.71298680  1.50276771
7    1.09862685  0.19987166  0.77773063  0.85712053  0.75590780  0.81849960  1.02959084  0.00000000  0.99404156  0.76004115
9    1.49232536  0.92318166  1.37928909  1.19113172  1.38436636  0.64344069  1.71298680  0.99404156  0.00000000  0.57504828
12    1.37737918  0.68086532  1.16956529  0.96647642  1.17385709  0.23302480  1.50276771  0.76004115  0.57504828  0.00000000

--------------------------------------------------------------------------------
n=9
(result of R-step: (1,6:7)0.74091458)
V=[0, 1, 2, 3, 4, 5, 6, 9, 12]
total successes of this branch: 3
Matrix on 9 elements:

0    0.00000000  1.09181764  1.25113929  1.20612723  1.26374664  1.44113705  1.05760766  1.49232536  1.37737918
1    1.09181764  0.00000000  0.85193892  0.84108001  0.85195453  0.72328109  0.65046745  0.90750915  0.66519281
2    1.25113929  0.85193892  0.00000000  1.03716139  0.84516709  1.22910435  0.50502320  1.37928909  1.16956529
3    1.20612723  0.84108001  1.03716139  0.00000000  1.04797774  1.02535084  0.84250043  1.19113172  0.96647642
4    1.26374664  0.85195453  0.84516709  1.04797774  0.00000000  1.23336119  0.42074832  1.38436636  1.17385709
5    1.44113705  0.72328109  1.22910435  1.02535084  1.23336119  0.00000000  1.03030722  0.64344069  0.23302480
6    1.05760766  0.65046745  0.50502320  0.84250043  0.42074832  1.03030722  0.00000000  1.18100930  0.97079021
9    1.49232536  0.90750915  1.37928909  1.19113172  1.38436636  0.64344069  1.18100930  0.00000000  0.57504828
12    1.37737918  0.66519281  1.16956529  0.96647642  1.17385709  0.23302480  0.97079021  0.57504828  0.00000000

--------------------------------------------------------------------------------
n=8
(result of R-step: (2,4:6)0.36944101)
V=[0, 1, 2, 3, 4, 5, 9, 12]
total successes of this branch: 3
Matrix on 8 elements:

0    0.00000000  1.09181764  1.01622113  1.20612723  1.01794073  1.44113705  1.49232536  1.37737918
1    1.09181764  0.00000000  0.61702076  0.84108001  0.60614862  0.72328109  0.90750915  0.66519281
2    1.01622113  0.61702076  0.00000000  0.80224323  0.36444302  0.99418619  1.14437094  0.93464713
3    1.20612723  0.84108001  0.80224323  0.00000000  0.80217183  1.02535084  1.19113172  0.96647642
4    1.01794073  0.60614862  0.36444302  0.80217183  0.00000000  0.98755528  1.13856045  0.92805118
5    1.44113705  0.72328109  0.99418619  1.02535084  0.98755528  0.00000000  0.64344069  0.23302480
9    1.49232536  0.90750915  1.14437094  1.19113172  1.13856045  0.64344069  0.00000000  0.57504828
12    1.37737918  0.66519281  0.93464713  0.96647642  0.92805118  0.23302480  0.57504828  0.00000000

--------------------------------------------------------------------------------
n=7
(result of R-step: (5,9:12)0.95738421)
V=[0, 1, 2, 3, 4, 5, 9]
total successes of this branch: 3
Matrix on 7 elements:

0    0.00000000  1.09181764  1.01622113  1.20612723  1.01794073  1.29932180  1.19938666
1    1.09181764  0.00000000  0.61702076  0.84108001  0.60614862  0.58146583  0.61457044
2    1.01622113  0.61702076  0.00000000  0.80224323  0.36444302  0.85237094  0.85143223
3    1.20612723  0.84108001  0.80224323  0.00000000  0.80217183  0.88353559  0.89819301
4    1.01794073  0.60614862  0.36444302  0.80217183  0.00000000  0.84574002  0.84562175
5    1.29932180  0.58146583  0.85237094  0.88353559  0.84574002  0.00000000  0.20868673
9    1.19938666  0.61457044  0.85143223  0.89819301  0.84562175  0.20868673  0.00000000

--------------------------------------------------------------------------------
n=6
(result of R-step: (0,5:9)0.09824864)
V=[0, 1, 2, 3, 4, 5]
total successes of this branch: 3
Matrix on 6 elements:

0    0.00000000  0.86403728  0.78844077  0.97834687  0.79016037  1.01716564
1    0.86403728  0.00000000  0.61702076  0.84108001  0.60614862  0.52709004
2    0.78844077  0.61702076  0.00000000  0.80224323  0.36444302  0.79799514
3    0.97834687  0.84108001  0.80224323  0.00000000  0.80217183  0.82915979
4    0.79016037  0.60614862  0.36444302  0.80217183  0.00000000  0.79136423
5    1.01716564  0.52709004  0.79799514  0.82915979  0.79136423  0.00000000

--------------------------------------------------------------------------------
n=5
(result of R-step: (0,4:2)0.13217800)
V=[0, 1, 3, 4, 5]
total successes of this branch: 3
Matrix on 5 elements:

0    0.00000000  0.38764453  0.50195411  0.15059114  0.54077288
1    0.38764453  0.00000000  0.84108001  0.44297215  0.52709004
3    0.50195411  0.84108001  0.00000000  0.63899536  0.82915979
4    0.15059114  0.44297215  0.63899536  0.00000000  0.62818775
5    0.54077288  0.52709004  0.82915979  0.62818775  0.00000000

--------------------------------------------------------------------------------
n=4
(result of R-step: (0,1:3)0.34648501)
V=[0, 1, 4, 5]
total successes of this branch: 0
reason of abort: negative delta/dxy

--------------------------------------------------------------------------------
n=4
(result of R-step: (0,1:4)0.85933916)
V=[0, 1, 3, 5]
total successes of this branch: 1
Matrix on 4 elements:

0    0.00000000  0.31080960  0.49804109  0.53685986
1    0.31080960  0.00000000  0.76815810  0.45416813
3    0.49804109  0.76815810  0.00000000  0.82915979
5    0.53685986  0.45416813  0.82915979  0.00000000

--------------------------------------------------------------------------------
n=4
(result of R-step: (0,5:3)0.89658844)
V=[0, 1, 4, 5]
total successes of this branch: 0
reason of abort: negative delta/dxy

--------------------------------------------------------------------------------
n=4
(result of R-step: (0,5:4)0.56479785)
V=[0, 1, 3, 5]
total successes of this branch: 0
reason of abort: negative delta/dxy

--------------------------------------------------------------------------------
n=4
(result of R-step: (1,3:5)0.60732068)
V=[0, 1, 3, 4]
total successes of this branch: 1
Matrix on 4 elements:

0    0.00000000  0.31472262  0.23441627  0.15059114
1    0.31472262  0.00000000  0.50062026  0.37005024
3    0.23441627  0.50062026  0.00000000  0.37145751
4    0.15059114  0.37005024  0.37145751  0.00000000

--------------------------------------------------------------------------------
n=4
