n=20
V=[0, 1, 2, 3, 4, 5, 6, 7, 8, 9, 10, 11, 12, 13, 14, 15, 16, 17, 18, 19]
total successes of this branch: 2
Matrix on 20 elements:

0    0.00000000  2.13423185  2.10009809  1.98252594  1.79198420  2.12275137  2.09908509  1.86232121  2.10908843  2.10461108  1.85189180  2.01319697  2.11469410  2.10154547  1.13202519  2.02527746  2.05915917  2.11409607  1.64629151  1.99844944
1    2.13423185  0.00000000  1.91959931  1.96842076  2.03354241  1.74733960  1.76392352  1.97179011  1.85123516  1.81215581  1.98094659  1.83867868  1.77612866  1.78661684  2.07902404  1.18931541  1.84759985  1.81315612  1.95065677  1.90106247
2    2.10009809  1.91959931  0.00000000  2.00583952  2.05906671  1.83229963  1.84377866  2.00975810  1.59399771  1.70579584  2.01706946  1.98840397  1.77611114  1.78764001  2.06871413  1.95572587  1.91099993  1.68133840  1.98123260  1.99678749
3    1.98252594  1.96842076  2.00583952  0.00000000  1.97931952  1.98100611  1.98107126  1.97972073  1.99598396  1.98930926  1.97966124  1.45642889  1.98469408  1.98447509  1.55799711  1.97294865  1.22627762  1.99049439  1.37399764  0.75836669
4    1.79198420  2.03354241  2.05906671  1.97931952  0.00000000  2.04212720  2.03140496  1.58040289  2.05234398  2.04297200  1.55219542  1.99028199  2.04250243  1.99381915  1.85435863  1.85196974  2.01364393  2.04859940  1.94271163  1.98501091
5    2.12275137  1.74733960  1.83229963  1.98100611  2.04212720  0.00000000  1.59429826  1.93955847  1.67549497  1.63915256  1.95476712  1.93376476  1.40568690  1.43161830  2.07555643  1.82436156  1.07150331  1.17527543  1.51862430  1.95647978
6    2.09908509  1.76392352  1.84377866  1.98107126  2.03140496  1.59429826  0.00000000  1.89742280  1.74476819  1.59248646  1.91728935  1.93716958  1.59349352  1.61133598  2.05979167  1.81741658  1.76969972  1.68961904  1.89888233  1.95827879
7    1.86232121  1.97179011  2.00975810  1.97972073  1.58040289  1.93955847  1.89742280  0.00000000  1.98189820  1.94408830  1.41837618  1.97811736  1.94157046  1.92685489  1.90141009  1.44861866  1.95777204  1.96638015  1.93267316  1.97888831
8    2.10908843  1.85123516  1.59399771  1.99598396  2.05234398  1.67549497  1.74476819  1.98189820  0.00000000  1.55681995  1.99234373  1.96671949  1.62278374  1.64028593  2.07142961  1.90359175  1.82083665  0.81090643  1.93242972  1.98079070
9    2.10461108  1.81215581  1.70579584  1.98930926  2.04297200  1.63915256  1.59248646  1.94408830  1.55681995  0.00000000  1.95875054  1.95349340  1.45259169  1.47664640  2.06622064  1.86502106  1.79794854  1.58699590  1.91741442  1.97071471
10    1.85189180  1.98094659  2.01706946  1.97966124  1.55219542  1.95476712  1.91728935  1.41837618  1.99234373  1.95875054  0.00000000  1.97992110  1.95653641  1.94006177  1.89443341  1.75552504  1.96605659  1.97857143  1.93416164  1.97979615
11    2.01319697  1.83867868  1.98840397  1.45642889  1.99028199  1.93376476  1.93716958  1.97811736  1.96671949  1.95349340  1.97992110  0.00000000  1.94252752  1.94447325  1.82781766  1.89455166  1.71729306  1.95464116  1.76651144  0.70270300
12    2.11469410  1.77612866  1.77611114  1.98469408  2.04250243  1.40568690  1.59349352  1.94157046  1.62278374  1.45259169  1.95653641  1.94252752  0.00000000  0.89634089  2.07140980  1.84242107  1.66826651  1.54321498  1.84779270  1.96280243
13    2.10154547  1.78661684  1.78764001  1.98447509  1.99381915  1.43161830  1.61133598  1.92685489  1.64028593  1.47664640  1.94006177  1.94447325  0.89634089  0.00000000  2.06256618  1.84281012  1.68233872  1.56380659  1.85166012  1.96370731
14    1.13202519  2.07902404  2.06871413  1.55799711  1.85435863  2.07555643  2.05979167  1.90141009  2.07142961  2.06622064  1.89443341  1.82781766  2.07140980  2.06256618  0.00000000  2.00785426  1.84084340  2.07294214  1.02564810  1.69808004
15    2.02527746  1.18931541  1.95572587  1.97294865  1.85196974  1.82436156  1.81741658  1.44861866  1.90359175  1.86502106  1.75552504  1.89455166  1.84242107  1.84281012  2.00785426  0.00000000  1.89174577  1.87455287  1.94345075  1.93224723
16    2.05915917  1.84759985  1.91099993  1.22627762  2.01364393  1.07150331  1.76969972  1.95777204  1.82083665  1.79794854  1.96605659  1.71729306  1.66826651  1.68233872  1.84084340  1.89174577  0.00000000  1.54619644  0.82543937  1.48119847
17    2.11409607  1.81315612  1.68133840  1.99049439  2.04859940  1.17527543  1.68961904  1.96638015  0.81090643  1.58699590  1.97857143  1.95464116  1.54321498  1.56380659  2.07294214  1.87455287  1.54619644  0.00000000  1.78076477  1.97188044
18    1.64629151  1.95065677  1.98123260  1.37399764  1.94271163  1.51862430  1.89888233  1.93267316  1.93242972  1.91741442  1.93416164  1.76651144  1.84779270  1.85166012  1.02564810  1.94345075  0.82543937  1.78076477  0.00000000  1.57777932
19    1.99844944  1.90106247  1.99678749  0.75836669  1.98501091  1.95647978  1.95827879  1.97888831  1.98079070  1.97071471  1.97979615  0.70270300  1.96280243  1.96370731  1.69808004  1.93224723  1.48119847  1.97188044  1.57777932  0.00000000

--------------------------------------------------------------------------------
n=19
(result of R-step: (1,7:15)0.59930074)
V=[0, 1, 2, 3, 4, 5, 6, 7, 8, 9, 10, 11, 12, 13, 14, 16, 17, 18, 19]
total successes of this branch: 2
Matrix on 19 elements:

0    0.00000000  1.80115987  2.10009809  1.98252594  1.79198420  2.12275137  2.09908509  1.52924923  2.10908843  2.10461108  1.85189180  2.01319697  2.11469410  2.10154547  1.13202519  2.05915917  2.11409607  1.64629151  1.99844944
1    1.80115987  0.00000000  1.58652733  1.63534878  1.70047043  1.41426762  1.43085154  1.30564615  1.51816318  1.47908383  1.64787461  1.50560670  1.44305668  1.45354486  1.74595206  1.51452787  1.48008414  1.61758479  1.56799049
2    2.10009809  1.58652733  0.00000000  2.00583952  2.05906671  1.83229963  1.84377866  1.67668612  1.59399771  1.70579584  2.01706946  1.98840397  1.77611114  1.78764001  2.06871413  1.91099993  1.68133840  1.98123260  1.99678749
3    1.98252594  1.63534878  2.00583952  0.00000000  1.97931952  1.98100611  1.98107126  1.64664875  1.99598396  1.98930926  1.97966124  1.45642889  1.98469408  1.98447509  1.55799711  1.22627762  1.99049439  1.37399764  0.75836669
4    1.79198420  1.70047043  2.05906671  1.97931952  0.00000000  2.04212720  2.03140496  1.24733091  2.05234398  2.04297200  1.55219542  1.99028199  2.04250243  1.99381915  1.85435863  2.01364393  2.04859940  1.94271163  1.98501091
5    2.12275137  1.41426762  1.83229963  1.98100611  2.04212720  0.00000000  1.59429826  1.60648649  1.67549497  1.63915256  1.95476712  1.93376476  1.40568690  1.43161830  2.07555643  1.07150331  1.17527543  1.51862430  1.95647978
6    2.09908509  1.43085154  1.84377866  1.98107126  2.03140496  1.59429826  0.00000000  1.56435082  1.74476819  1.59248646  1.91728935  1.93716958  1.59349352  1.61133598  2.05979167  1.76969972  1.68961904  1.89888233  1.95827879
7    1.52924923  1.30564615  1.67668612  1.64664875  1.24733091  1.60648649  1.56435082  0.00000000  1.64882622  1.61101632  1.08530420  1.64504538  1.60849848  1.59378291  1.56833811  1.62470006  1.63330817  1.59960118  1.64581633
8    2.10908843  1.51816318  1.59399771  1.99598396  2.05234398  1.67549497  1.74476819  1.64882622  0.00000000  1.55681995  1.99234373  1.96671949  1.62278374  1.64028593  2.07142961  1.82083665  0.81090643  1.93242972  1.98079070
9    2.10461108  1.47908383  1.70579584  1.98930926  2.04297200  1.63915256  1.59248646  1.61101632  1.55681995  0.00000000  1.95875054  1.95349340  1.45259169  1.47664640  2.06622064  1.79794854  1.58699590  1.91741442  1.97071471
10    1.85189180  1.64787461  2.01706946  1.97966124  1.55219542  1.95476712  1.91728935  1.08530420  1.99234373  1.95875054  0.00000000  1.97992110  1.95653641  1.94006177  1.89443341  1.96605659  1.97857143  1.93416164  1.97979615
11    2.01319697  1.50560670  1.98840397  1.45642889  1.99028199  1.93376476  1.93716958  1.64504538  1.96671949  1.95349340  1.97992110  0.00000000  1.94252752  1.94447325  1.82781766  1.71729306  1.95464116  1.76651144  0.70270300
12    2.11469410  1.44305668  1.77611114  1.98469408  2.04250243  1.40568690  1.59349352  1.60849848  1.62278374  1.45259169  1.95653641  1.94252752  0.00000000  0.89634089  2.07140980  1.66826651  1.54321498  1.84779270  1.96280243
13    2.10154547  1.45354486  1.78764001  1.98447509  1.99381915  1.43161830  1.61133598  1.59378291  1.64028593  1.47664640  1.94006177  1.94447325  0.89634089  0.00000000  2.06256618  1.68233872  1.56380659  1.85166012  1.96370731
14    1.13202519  1.74595206  2.06871413  1.55799711  1.85435863  2.07555643  2.05979167  1.56833811  2.07142961  2.06622064  1.89443341  1.82781766  2.07140980  2.06256618  0.00000000  1.84084340  2.07294214  1.02564810  1.69808004
16    2.05915917  1.51452787  1.91099993  1.22627762  2.01364393  1.07150331  1.76969972  1.62470006  1.82083665  1.79794854  1.96605659  1.71729306  1.66826651  1.68233872  1.84084340  0.00000000  1.54619644  0.82543937  1.48119847
17    2.11409607  1.48008414  1.68133840  1.99049439  2.04859940  1.17527543  1.68961904  1.63330817  0.81090643  1.58699590  1.97857143  1.95464116  1.54321498  1.56380659  2.07294214  1.54619644  0.00000000  1.78076477  1.97188044
18    1.64629151  1.61758479  1.98123260  1.37399764  1.94271163  1.51862430  1.89888233  1.59960118  1.93242972  1.91741442  1.93416164  1.76651144  1.84779270  1.85166012  1.02564810  0.82543937  1.78076477  0.00000000  1.57777932
19    1.99844944  1.56799049  1.99678749  0.75836669  1.98501091  1.95647978  1.95827879  1.64581633  1.98079070  1.97071471  1.97979615  0.70270300  1.96280243  1.96370731  1.69808004  1.48119847  1.97188044  1.57777932  0.00000000

--------------------------------------------------------------------------------
n=18
(result of R-step: (3,11:19)0.48082926)
V=[0, 1, 2, 3, 4, 5, 6, 7, 8, 9, 10, 11, 12, 13, 14, 16, 17, 18]
total successes of this branch: 2
Matrix on 18 elements:

0    0.00000000  1.80115987  2.10009809  1.98020553  1.79198420  2.12275137  2.09908509  1.52924923  2.10908843  2.10461108  1.85189180  2.01087656  2.11469410  2.10154547  1.13202519  2.05915917  2.11409607  1.64629151
1    1.80115987  0.00000000  1.58652733  1.63302838  1.70047043  1.41426762  1.43085154  1.30564615  1.51816318  1.47908383  1.64787461  1.50328630  1.44305668  1.45354486  1.74595206  1.51452787  1.48008414  1.61758479
2    2.10009809  1.58652733  0.00000000  2.00351912  2.05906671  1.83229963  1.84377866  1.67668612  1.59399771  1.70579584  2.01706946  1.98608357  1.77611114  1.78764001  2.06871413  1.91099993  1.68133840  1.98123260
3    1.98020553  1.63302838  2.00351912  0.00000000  1.97699911  1.97868571  1.97875085  1.64432834  1.99366356  1.98698886  1.97734083  1.45178808  1.98237367  1.98215469  1.55567670  1.22395722  1.98817399  1.37167724
4    1.79198420  1.70047043  2.05906671  1.97699911  0.00000000  2.04212720  2.03140496  1.24733091  2.05234398  2.04297200  1.55219542  1.98796158  2.04250243  1.99381915  1.85435863  2.01364393  2.04859940  1.94271163
5    2.12275137  1.41426762  1.83229963  1.97868571  2.04212720  0.00000000  1.59429826  1.60648649  1.67549497  1.63915256  1.95476712  1.93144436  1.40568690  1.43161830  2.07555643  1.07150331  1.17527543  1.51862430
6    2.09908509  1.43085154  1.84377866  1.97875085  2.03140496  1.59429826  0.00000000  1.56435082  1.74476819  1.59248646  1.91728935  1.93484917  1.59349352  1.61133598  2.05979167  1.76969972  1.68961904  1.89888233
7    1.52924923  1.30564615  1.67668612  1.64432834  1.24733091  1.60648649  1.56435082  0.00000000  1.64882622  1.61101632  1.08530420  1.64272498  1.60849848  1.59378291  1.56833811  1.62470006  1.63330817  1.59960118
8    2.10908843  1.51816318  1.59399771  1.99366356  2.05234398  1.67549497  1.74476819  1.64882622  0.00000000  1.55681995  1.99234373  1.96439908  1.62278374  1.64028593  2.07142961  1.82083665  0.81090643  1.93242972
9    2.10461108  1.47908383  1.70579584  1.98698886  2.04297200  1.63915256  1.59248646  1.61101632  1.55681995  0.00000000  1.95875054  1.95117299  1.45259169  1.47664640  2.06622064  1.79794854  1.58699590  1.91741442
10    1.85189180  1.64787461  2.01706946  1.97734083  1.55219542  1.95476712  1.91728935  1.08530420  1.99234373  1.95875054  0.00000000  1.97760070  1.95653641  1.94006177  1.89443341  1.96605659  1.97857143  1.93416164
11    2.01087656  1.50328630  1.98608357  1.45178808  1.98796158  1.93144436  1.93484917  1.64272498  1.96439908  1.95117299  1.97760070  0.00000000  1.94020712  1.94215285  1.82549725  1.71497265  1.95232075  1.76419103
12    2.11469410  1.44305668  1.77611114  1.98237367  2.04250243  1.40568690  1.59349352  1.60849848  1.62278374  1.45259169  1.95653641  1.94020712  0.00000000  0.89634089  2.07140980  1.66826651  1.54321498  1.84779270
13    2.10154547  1.45354486  1.78764001  1.98215469  1.99381915  1.43161830  1.61133598  1.59378291  1.64028593  1.47664640  1.94006177  1.94215285  0.89634089  0.00000000  2.06256618  1.68233872  1.56380659  1.85166012
14    1.13202519  1.74595206  2.06871413  1.55567670  1.85435863  2.07555643  2.05979167  1.56833811  2.07142961  2.06622064  1.89443341  1.82549725  2.07140980  2.06256618  0.00000000  1.84084340  2.07294214  1.02564810
16    2.05915917  1.51452787  1.91099993  1.22395722  2.01364393  1.07150331  1.76969972  1.62470006  1.82083665  1.79794854  1.96605659  1.71497265  1.66826651  1.68233872  1.84084340  0.00000000  1.54619644  0.82543937
17    2.11409607  1.48008414  1.68133840  1.98817399  2.04859940  1.17527543  1.68961904  1.63330817  0.81090643  1.58699590  1.97857143  1.95232075  1.54321498  1.56380659  2.07294214  1.54619644  0.00000000  1.78076477
18    1.64629151  1.61758479  1.98123260  1.37167724  1.94271163  1.51862430  1.89888233  1.59960118  1.93242972  1.91741442  1.93416164  1.76419103  1.84779270  1.85166012  1.02564810  0.82543937  1.78076477  0.00000000

--------------------------------------------------------------------------------
n=17
(result of R-step: (4,12:13)0.04074444)
V=[0, 1, 2, 3, 4, 5, 6, 7, 8, 9, 10, 11, 12, 14, 16, 17, 18]
total successes of this branch: 2
Matrix on 17 elements:

0    0.00000000  1.80115987  2.10009809  1.98020553  1.36815540  2.12275137  2.09908509  1.52924923  2.10908843  2.10461108  1.85189180  2.01087656  1.69086530  1.13202519  2.05915917  2.11409607  1.64629151
1    1.80115987  0.00000000  1.58652733  1.63302838  1.27664162  1.41426762  1.43085154  1.30564615  1.51816318  1.47908383  1.64787461  1.50328630  1.01922787  1.74595206  1.51452787  1.48008414  1.61758479
2    2.10009809  1.58652733  0.00000000  2.00351912  1.63523790  1.83229963  1.84377866  1.67668612  1.59399771  1.70579584  2.01706946  1.98608357  1.35228234  2.06871413  1.91099993  1.68133840  1.98123260
3    1.98020553  1.63302838  2.00351912  0.00000000  1.55317031  1.97868571  1.97875085  1.64432834  1.99366356  1.98698886  1.97734083  1.45178808  1.55854487  1.55567670  1.22395722  1.98817399  1.37167724
4    1.36815540  1.27664162  1.63523790  1.55317031  0.00000000  1.61829840  1.60757616  0.82350211  1.62851518  1.61914319  1.12836662  1.56413278  1.19484482  1.43052983  1.58981513  1.62477060  1.51888282
5    2.12275137  1.41426762  1.83229963  1.97868571  1.61829840  0.00000000  1.59429826  1.60648649  1.67549497  1.63915256  1.95476712  1.93144436  0.98185810  2.07555643  1.07150331  1.17527543  1.51862430
6    2.09908509  1.43085154  1.84377866  1.97875085  1.60757616  1.59429826  0.00000000  1.56435082  1.74476819  1.59248646  1.91728935  1.93484917  1.16966472  2.05979167  1.76969972  1.68961904  1.89888233
7    1.52924923  1.30564615  1.67668612  1.64432834  0.82350211  1.60648649  1.56435082  0.00000000  1.64882622  1.61101632  1.08530420  1.64272498  1.18466968  1.56833811  1.62470006  1.63330817  1.59960118
8    2.10908843  1.51816318  1.59399771  1.99366356  1.62851518  1.67549497  1.74476819  1.64882622  0.00000000  1.55681995  1.99234373  1.96439908  1.19895493  2.07142961  1.82083665  0.81090643  1.93242972
9    2.10461108  1.47908383  1.70579584  1.98698886  1.61914319  1.63915256  1.59248646  1.61101632  1.55681995  0.00000000  1.95875054  1.95117299  1.02876289  2.06622064  1.79794854  1.58699590  1.91741442
10    1.85189180  1.64787461  2.01706946  1.97734083  1.12836662  1.95476712  1.91728935  1.08530420  1.99234373  1.95875054  0.00000000  1.97760070  1.53270761  1.89443341  1.96605659  1.97857143  1.93416164
11    2.01087656  1.50328630  1.98608357  1.45178808  1.56413278  1.93144436  1.93484917  1.64272498  1.96439908  1.95117299  1.97760070  0.00000000  1.51637831  1.82549725  1.71497265  1.95232075  1.76419103
12    1.69086530  1.01922787  1.35228234  1.55854487  1.19484482  0.98185810  1.16966472  1.18466968  1.19895493  1.02876289  1.53270761  1.51637831  0.00000000  1.64758100  1.24443771  1.11938618  1.42396390
14    1.13202519  1.74595206  2.06871413  1.55567670  1.43052983  2.07555643  2.05979167  1.56833811  2.07142961  2.06622064  1.89443341  1.82549725  1.64758100  0.00000000  1.84084340  2.07294214  1.02564810
16    2.05915917  1.51452787  1.91099993  1.22395722  1.58981513  1.07150331  1.76969972  1.62470006  1.82083665  1.79794854  1.96605659  1.71497265  1.24443771  1.84084340  0.00000000  1.54619644  0.82543937
17    2.11409607  1.48008414  1.68133840  1.98817399  1.62477060  1.17527543  1.68961904  1.63330817  0.81090643  1.58699590  1.97857143  1.95232075  1.11938618  2.07294214  1.54619644  0.00000000  1.78076477
18    1.64629151  1.61758479  1.98123260  1.37167724  1.51888282  1.51862430  1.89888233  1.59960118  1.93242972  1.91741442  1.93416164  1.76419103  1.42396390  1.02564810  0.82543937  1.78076477  0.00000000

--------------------------------------------------------------------------------
n=16
(result of R-step: (4,7:10)0.14827761)
V=[0, 1, 2, 3, 4, 5, 6, 7, 8, 9, 11, 12, 14, 16, 17, 18]
total successes of this branch: 2
Matrix on 16 elements:

0    0.00000000  1.80115987  2.10009809  1.98020553  1.09689985  2.12275137  2.09908509  1.16723685  2.10908843  2.10461108  2.01087656  1.69086530  1.13202519  2.05915917  2.11409607  1.64629151
1    1.80115987  0.00000000  1.58652733  1.63302838  1.00538607  1.41426762  1.43085154  0.94363377  1.51816318  1.47908383  1.50328630  1.01922787  1.74595206  1.51452787  1.48008414  1.61758479
2    2.10009809  1.58652733  0.00000000  2.00351912  1.36398235  1.83229963  1.84377866  1.31467375  1.59399771  1.70579584  1.98608357  1.35228234  2.06871413  1.91099993  1.68133840  1.98123260
3    1.98020553  1.63302838  2.00351912  0.00000000  1.28191476  1.97868571  1.97875085  1.28231597  1.99366356  1.98698886  1.45178808  1.55854487  1.55567670  1.22395722  1.98817399  1.37167724
4    1.09689985  1.00538607  1.36398235  1.28191476  0.00000000  1.34704284  1.33632061  0.19023418  1.35725963  1.34788764  1.29287723  0.92358927  1.15927427  1.31855958  1.35351505  1.24762727
5    2.12275137  1.41426762  1.83229963  1.97868571  1.34704284  0.00000000  1.59429826  1.24447412  1.67549497  1.63915256  1.93144436  0.98185810  2.07555643  1.07150331  1.17527543  1.51862430
6    2.09908509  1.43085154  1.84377866  1.97875085  1.33632061  1.59429826  0.00000000  1.20233844  1.74476819  1.59248646  1.93484917  1.16966472  2.05979167  1.76969972  1.68961904  1.89888233
7    1.16723685  0.94363377  1.31467375  1.28231597  0.19023418  1.24447412  1.20233844  0.00000000  1.28681385  1.24900395  1.28071260  0.82265730  1.20632573  1.26268769  1.27129580  1.23758880
8    2.10908843  1.51816318  1.59399771  1.99366356  1.35725963  1.67549497  1.74476819  1.28681385  0.00000000  1.55681995  1.96439908  1.19895493  2.07142961  1.82083665  0.81090643  1.93242972
9    2.10461108  1.47908383  1.70579584  1.98698886  1.34788764  1.63915256  1.59248646  1.24900395  1.55681995  0.00000000  1.95117299  1.02876289  2.06622064  1.79794854  1.58699590  1.91741442
11    2.01087656  1.50328630  1.98608357  1.45178808  1.29287723  1.93144436  1.93484917  1.28071260  1.96439908  1.95117299  0.00000000  1.51637831  1.82549725  1.71497265  1.95232075  1.76419103
12    1.69086530  1.01922787  1.35228234  1.55854487  0.92358927  0.98185810  1.16966472  0.82265730  1.19895493  1.02876289  1.51637831  0.00000000  1.64758100  1.24443771  1.11938618  1.42396390
14    1.13202519  1.74595206  2.06871413  1.55567670  1.15927427  2.07555643  2.05979167  1.20632573  2.07142961  2.06622064  1.82549725  1.64758100  0.00000000  1.84084340  2.07294214  1.02564810
16    2.05915917  1.51452787  1.91099993  1.22395722  1.31855958  1.07150331  1.76969972  1.26268769  1.82083665  1.79794854  1.71497265  1.24443771  1.84084340  0.00000000  1.54619644  0.82543937
17    2.11409607  1.48008414  1.68133840  1.98817399  1.35351505  1.17527543  1.68961904  1.27129580  0.81090643  1.58699590  1.95232075  1.11938618  2.07294214  1.54619644  0.00000000  1.78076477
18    1.64629151  1.61758479  1.98123260  1.37167724  1.24762727  1.51862430  1.89888233  1.23758880  1.93242972  1.91741442  1.76419103  1.42396390  1.02564810  0.82543937  1.78076477  0.00000000

--------------------------------------------------------------------------------
n=15
(result of R-step: (5,8:17)0.36651273)
V=[0, 1, 2, 3, 4, 5, 6, 7, 8, 9, 11, 12, 14, 16, 18]
total successes of this branch: 2
Matrix on 15 elements:

0    0.00000000  1.80115987  2.10009809  1.98020553  1.09689985  1.96740792  2.09908509  1.16723685  1.95374498  2.10461108  2.01087656  1.69086530  1.13202519  2.05915917  1.64629151
1    1.80115987  0.00000000  1.58652733  1.63302838  1.00538607  1.25892417  1.43085154  0.94363377  1.36281973  1.47908383  1.50328630  1.01922787  1.74595206  1.51452787  1.61758479
2    2.10009809  1.58652733  0.00000000  2.00351912  1.36398235  1.67695618  1.84377866  1.31467375  1.43865426  1.70579584  1.98608357  1.35228234  2.06871413  1.91099993  1.98123260
3    1.98020553  1.63302838  2.00351912  0.00000000  1.28191476  1.82334226  1.97875085  1.28231597  1.83832011  1.98698886  1.45178808  1.55854487  1.55567670  1.22395722  1.37167724
4    1.09689985  1.00538607  1.36398235  1.28191476  0.00000000  1.19169940  1.33632061  0.19023418  1.20191618  1.34788764  1.29287723  0.92358927  1.15927427  1.31855958  1.24762727
5    1.96740792  1.25892417  1.67695618  1.82334226  1.19169940  0.00000000  1.43895481  1.08913067  1.36480807  1.48380911  1.77610091  0.82651465  1.92021298  0.91615986  1.36328085
6    2.09908509  1.43085154  1.84377866  1.97875085  1.33632061  1.43895481  0.00000000  1.20233844  1.58942474  1.59248646  1.93484917  1.16966472  2.05979167  1.76969972  1.89888233
7    1.16723685  0.94363377  1.31467375  1.28231597  0.19023418  1.08913067  1.20233844  0.00000000  1.13147040  1.24900395  1.28071260  0.82265730  1.20632573  1.26268769  1.23758880
8    1.95374498  1.36281973  1.43865426  1.83832011  1.20191618  1.36480807  1.58942474  1.13147040  0.00000000  1.40147650  1.80905563  1.04361149  1.91608616  1.66549320  1.77708627
9    2.10461108  1.47908383  1.70579584  1.98698886  1.34788764  1.48380911  1.59248646  1.24900395  1.40147650  0.00000000  1.95117299  1.02876289  2.06622064  1.79794854  1.91741442
11    2.01087656  1.50328630  1.98608357  1.45178808  1.29287723  1.77610091  1.93484917  1.28071260  1.80905563  1.95117299  0.00000000  1.51637831  1.82549725  1.71497265  1.76419103
12    1.69086530  1.01922787  1.35228234  1.55854487  0.92358927  0.82651465  1.16966472  0.82265730  1.04361149  1.02876289  1.51637831  0.00000000  1.64758100  1.24443771  1.42396390
14    1.13202519  1.74595206  2.06871413  1.55567670  1.15927427  1.92021298  2.05979167  1.20632573  1.91608616  2.06622064  1.82549725  1.64758100  0.00000000  1.84084340  1.02564810
16    2.05915917  1.51452787  1.91099993  1.22395722  1.31855958  0.91615986  1.76969972  1.26268769  1.66549320  1.79794854  1.71497265  1.24443771  1.84084340  0.00000000  0.82543937
18    1.64629151  1.61758479  1.98123260  1.37167724  1.24762727  1.36328085  1.89888233  1.23758880  1.77708627  1.91741442  1.76419103  1.42396390  1.02564810  0.82543937  0.00000000

--------------------------------------------------------------------------------
n=14
(result of R-step: (14,16:18)0.44531607)
V=[0, 1, 2, 3, 4, 5, 6, 7, 8, 9, 11, 12, 14, 16]
total successes of this branch: 2
Matrix on 14 elements:

0    0.00000000  1.80115987  2.10009809  1.98020553  1.09689985  1.96740792  2.09908509  1.16723685  1.95374498  2.10461108  2.01087656  1.69086530  1.12690316  2.05403714
1    1.80115987  0.00000000  1.58652733  1.63302838  1.00538607  1.25892417  1.43085154  0.94363377  1.36281973  1.47908383  1.50328630  1.01922787  1.74083003  1.50940584
2    2.10009809  1.58652733  0.00000000  2.00351912  1.36398235  1.67695618  1.84377866  1.31467375  1.43865426  1.70579584  1.98608357  1.35228234  2.06359210  1.90587790
3    1.98020553  1.63302838  2.00351912  0.00000000  1.28191476  1.82334226  1.97875085  1.28231597  1.83832011  1.98698886  1.45178808  1.55854487  1.55055467  1.21883519
4    1.09689985  1.00538607  1.36398235  1.28191476  0.00000000  1.19169940  1.33632061  0.19023418  1.20191618  1.34788764  1.29287723  0.92358927  1.15415224  1.31343754
5    1.96740792  1.25892417  1.67695618  1.82334226  1.19169940  0.00000000  1.43895481  1.08913067  1.36480807  1.48380911  1.77610091  0.82651465  1.91509095  0.91103783
6    2.09908509  1.43085154  1.84377866  1.97875085  1.33632061  1.43895481  0.00000000  1.20233844  1.58942474  1.59248646  1.93484917  1.16966472  2.05466963  1.76457769
7    1.16723685  0.94363377  1.31467375  1.28231597  0.19023418  1.08913067  1.20233844  0.00000000  1.13147040  1.24900395  1.28071260  0.82265730  1.20120370  1.25756566
8    1.95374498  1.36281973  1.43865426  1.83832011  1.20191618  1.36480807  1.58942474  1.13147040  0.00000000  1.40147650  1.80905563  1.04361149  1.91096413  1.66037117
9    2.10461108  1.47908383  1.70579584  1.98698886  1.34788764  1.48380911  1.59248646  1.24900395  1.40147650  0.00000000  1.95117299  1.02876289  2.06109861  1.79282651
11    2.01087656  1.50328630  1.98608357  1.45178808  1.29287723  1.77610091  1.93484917  1.28071260  1.80905563  1.95117299  0.00000000  1.51637831  1.82037522  1.70985062
12    1.69086530  1.01922787  1.35228234  1.55854487  0.92358927  0.82651465  1.16966472  0.82265730  1.04361149  1.02876289  1.51637831  0.00000000  1.64245897  1.23931568
14    1.12690316  1.74083003  2.06359210  1.55055467  1.15415224  1.91509095  2.05466963  1.20120370  1.91096413  2.06109861  1.82037522  1.64245897  0.00000000  1.83059934
16    2.05403714  1.50940584  1.90587790  1.21883519  1.31343754  0.91103783  1.76457769  1.25756566  1.66037117  1.79282651  1.70985062  1.23931568  1.83059934  0.00000000

--------------------------------------------------------------------------------
n=13
(result of R-step: (3,5:16)0.45349976)
V=[0, 1, 2, 3, 4, 5, 6, 7, 8, 9, 11, 12, 14]
total successes of this branch: 2
Matrix on 13 elements:

0    0.00000000  1.80115987  2.10009809  1.82413853  1.09689985  1.96436396  2.09908509  1.16723685  1.95374498  2.10461108  2.01087656  1.69086530  1.12690316
1    1.80115987  0.00000000  1.58652733  1.47696137  1.00538607  1.25588021  1.43085154  0.94363377  1.36281973  1.47908383  1.50328630  1.01922787  1.74083003
2    2.10009809  1.58652733  0.00000000  1.84745211  1.36398235  1.67391222  1.84377866  1.31467375  1.43865426  1.70579584  1.98608357  1.35228234  2.06359210
3    1.82413853  1.47696137  1.84745211  0.00000000  1.12584775  1.66423129  1.82268385  1.12624896  1.68225311  1.83092185  1.29572107  1.40247786  1.39448767
4    1.09689985  1.00538607  1.36398235  1.12584775  0.00000000  1.18865543  1.33632061  0.19023418  1.20191618  1.34788764  1.29287723  0.92358927  1.15415224
5    1.96436396  1.25588021  1.67391222  1.66423129  1.18865543  0.00000000  1.43591085  1.08608671  1.36176411  1.48076515  1.77305695  0.82347069  1.91204699
6    2.09908509  1.43085154  1.84377866  1.82268385  1.33632061  1.43591085  0.00000000  1.20233844  1.58942474  1.59248646  1.93484917  1.16966472  2.05466963
7    1.16723685  0.94363377  1.31467375  1.12624896  0.19023418  1.08608671  1.20233844  0.00000000  1.13147040  1.24900395  1.28071260  0.82265730  1.20120370
8    1.95374498  1.36281973  1.43865426  1.68225311  1.20191618  1.36176411  1.58942474  1.13147040  0.00000000  1.40147650  1.80905563  1.04361149  1.91096413
9    2.10461108  1.47908383  1.70579584  1.83092185  1.34788764  1.48076515  1.59248646  1.24900395  1.40147650  0.00000000  1.95117299  1.02876289  2.06109861
11    2.01087656  1.50328630  1.98608357  1.29572107  1.29287723  1.77305695  1.93484917  1.28071260  1.80905563  1.95117299  0.00000000  1.51637831  1.82037522
12    1.69086530  1.01922787  1.35228234  1.40247786  0.92358927  0.82347069  1.16966472  0.82265730  1.04361149  1.02876289  1.51637831  0.00000000  1.64245897
14    1.12690316  1.74083003  2.06359210  1.39448767  1.15415224  1.91204699  2.05466963  1.20120370  1.91096413  2.06109861  1.82037522  1.64245897  0.00000000

--------------------------------------------------------------------------------
n=12
(result of R-step: (0,3:14)0.66704394)
V=[0, 1, 2, 3, 4, 5, 6, 7, 8, 9, 11, 12]
total successes of this branch: 2
Matrix on 12 elements:

0    0.00000000  1.44741169  1.74634991  1.27502957  0.74315166  1.61061578  1.74533690  0.81348867  1.59999680  1.75086290  1.65712838  1.33711712
1    1.44741169  0.00000000  1.58652733  1.28160060  1.00538607  1.25588021  1.43085154  0.94363377  1.36281973  1.47908383  1.50328630  1.01922787
2    1.74634991  1.58652733  0.00000000  1.65209134  1.36398235  1.67391222  1.84377866  1.31467375  1.43865426  1.70579584  1.98608357  1.35228234
3    1.27502957  1.28160060  1.65209134  0.00000000  0.93048698  1.46887052  1.62732307  0.93088819  1.48689233  1.63556108  1.10036030  1.20711709
4    0.74315166  1.00538607  1.36398235  0.93048698  0.00000000  1.18865543  1.33632061  0.19023418  1.20191618  1.34788764  1.29287723  0.92358927
5    1.61061578  1.25588021  1.67391222  1.46887052  1.18865543  0.00000000  1.43591085  1.08608671  1.36176411  1.48076515  1.77305695  0.82347069
6    1.74533690  1.43085154  1.84377866  1.62732307  1.33632061  1.43591085  0.00000000  1.20233844  1.58942474  1.59248646  1.93484917  1.16966472
7    0.81348867  0.94363377  1.31467375  0.93088819  0.19023418  1.08608671  1.20233844  0.00000000  1.13147040  1.24900395  1.28071260  0.82265730
8    1.59999680  1.36281973  1.43865426  1.48689233  1.20191618  1.36176411  1.58942474  1.13147040  0.00000000  1.40147650  1.80905563  1.04361149
9    1.75086290  1.47908383  1.70579584  1.63556108  1.34788764  1.48076515  1.59248646  1.24900395  1.40147650  0.00000000  1.95117299  1.02876289
11    1.65712838  1.50328630  1.98608357  1.10036030  1.29287723  1.77305695  1.93484917  1.28071260  1.80905563  1.95117299  0.00000000  1.51637831
12    1.33711712  1.01922787  1.35228234  1.20711709  0.92358927  0.82347069  1.16966472  0.82265730  1.04361149  1.02876289  1.51637831  0.00000000

--------------------------------------------------------------------------------
n=11
(result of R-step: (1,3:11)0.20217425)
V=[0, 1, 2, 3, 4, 5, 6, 7, 8, 9, 12]
total successes of this branch: 2
Matrix on 11 elements:

0    0.00000000  1.11714027  1.74634991  0.96543435  0.74315166  1.61061578  1.74533690  0.81348867  1.59999680  1.75086290  1.33711712
1    1.11714027  0.00000000  1.25625591  0.64173395  0.67511465  0.92560879  1.10058012  0.61336235  1.03254831  1.14881240  0.68895645
2    1.74634991  1.25625591  0.00000000  1.34249611  1.36398235  1.67391222  1.84377866  1.31467375  1.43865426  1.70579584  1.35228234
3    0.96543435  0.64173395  1.34249611  0.00000000  0.62089176  1.15927529  1.31772785  0.62129297  1.17729711  1.32596586  0.89752187
4    0.74315166  0.67511465  1.36398235  0.62089176  0.00000000  1.18865543  1.33632061  0.19023418  1.20191618  1.34788764  0.92358927
5    1.61061578  0.92560879  1.67391222  1.15927529  1.18865543  0.00000000  1.43591085  1.08608671  1.36176411  1.48076515  0.82347069
6    1.74533690  1.10058012  1.84377866  1.31772785  1.33632061  1.43591085  0.00000000  1.20233844  1.58942474  1.59248646  1.16966472
7    0.81348867  0.61336235  1.31467375  0.62129297  0.19023418  1.08608671  1.20233844  0.00000000  1.13147040  1.24900395  0.82265730
8    1.59999680  1.03254831  1.43865426  1.17729711  1.20191618  1.36176411  1.58942474  1.13147040  0.00000000  1.40147650  1.04361149
9    1.75086290  1.14881240  1.70579584  1.32596586  1.34788764  1.48076515  1.59248646  1.24900395  1.40147650  0.00000000  1.02876289
12    1.33711712  0.68895645  1.35228234  0.89752187  0.92358927  0.82347069  1.16966472  0.82265730  1.04361149  1.02876289  0.00000000

--------------------------------------------------------------------------------
n=10
(result of R-step: (5,9:12)0.55583551)
V=[0, 1, 2, 3, 4, 5, 6, 7, 8, 9]
total successes of this branch: 2
Matrix on 10 elements:

0    0.00000000  1.11714027  1.74634991  0.96543435  0.74315166  1.15944018  1.74533690  0.81348867  1.59999680  1.14129989
1    1.11714027  0.00000000  1.25625591  0.64173395  0.67511465  0.47443318  1.10058012  0.61336235  1.03254831  0.53924939
2    1.74634991  1.25625591  0.00000000  1.34249611  1.36398235  1.22273662  1.84377866  1.31467375  1.43865426  1.09623283
3    0.96543435  0.64173395  1.34249611  0.00000000  0.62089176  0.70809969  1.31772785  0.62129297  1.17729711  0.71640284
4    0.74315166  0.67511465  1.36398235  0.62089176  0.00000000  0.73747983  1.33632061  0.19023418  1.20191618  0.73832463
5    1.15944018  0.47443318  1.22273662  0.70809969  0.73747983  0.00000000  0.98473525  0.63491110  0.91058850  0.42002653
6    1.74533690  1.10058012  1.84377866  1.31772785  1.33632061  0.98473525  0.00000000  1.20233844  1.58942474  0.98292344
7    0.81348867  0.61336235  1.31467375  0.62129297  0.19023418  0.63491110  1.20233844  0.00000000  1.13147040  0.63944093
8    1.59999680  1.03254831  1.43865426  1.17729711  1.20191618  0.91058850  1.58942474  1.13147040  0.00000000  0.79191349
9    1.14129989  0.53924939  1.09623283  0.71640284  0.73832463  0.42002653  0.98292344  0.63944093  0.79191349  0.00000000

--------------------------------------------------------------------------------
n=9
(result of R-step: (6,8:9)0.44758471)
V=[0, 1, 2, 3, 4, 5, 6, 7, 8]
total successes of this branch: 2
Matrix on 9 elements:

0    0.00000000  1.11714027  1.74634991  0.96543435  0.74315166  1.15944018  1.04306780  0.81348867  1.05307114
1    1.11714027  0.00000000  1.25625591  0.64173395  0.67511465  0.47443318  0.39831101  0.61336235  0.48562265
2    1.74634991  1.25625591  0.00000000  1.34249611  1.36398235  1.22273662  1.14150955  1.31467375  0.89172860
3    0.96543435  0.64173395  1.34249611  0.00000000  0.62089176  0.70809969  0.61545874  0.62129297  0.63037145
4    0.74315166  0.67511465  1.36398235  0.62089176  0.00000000  0.73747983  0.63405150  0.19023418  0.65499052
5    1.15944018  0.47443318  1.22273662  0.70809969  0.73747983  0.00000000  0.28246614  0.63491110  0.36366284
6    1.04306780  0.39831101  1.14150955  0.61545874  0.63405150  0.28246614  0.00000000  0.50006934  0.34022997
7    0.81348867  0.61336235  1.31467375  0.62129297  0.19023418  0.63491110  0.50006934  0.00000000  0.58454474
8    1.05307114  0.48562265  0.89172860  0.63037145  0.65499052  0.36366284  0.34022997  0.58454474  0.00000000

--------------------------------------------------------------------------------
n=8
(result of R-step: (2,5:8)0.60313326)
V=[0, 1, 2, 3, 4, 5, 6, 7]
total successes of this branch: 2
Matrix on 8 elements:

0    0.00000000  1.11714027  1.02775339  0.96543435  0.74315166  1.05040667  1.04306780  0.81348867
1    1.11714027  0.00000000  0.53765939  0.64173395  0.67511465  0.36539968  0.39831101  0.61336235
2    1.02775339  0.53765939  0.00000000  0.62389959  0.64538583  0.39510659  0.42291303  0.59607723
3    0.96543435  0.64173395  0.62389959  0.00000000  0.62089176  0.59906618  0.61545874  0.62129297
4    0.74315166  0.67511465  0.64538583  0.62089176  0.00000000  0.62844632  0.63405150  0.19023418
5    1.05040667  0.36539968  0.39510659  0.59906618  0.62844632  0.00000000  0.17343263  0.52587760
6    1.04306780  0.39831101  0.42291303  0.61545874  0.63405150  0.17343263  0.00000000  0.50006934
7    0.81348867  0.61336235  0.59607723  0.62129297  0.19023418  0.52587760  0.50006934  0.00000000

--------------------------------------------------------------------------------
n=7
(result of R-step: (4,6:7)0.77096449)
V=[0, 1, 2, 3, 4, 5, 6]
total successes of this branch: 2
Matrix on 7 elements:

0    0.00000000  1.11714027  1.02775339  0.96543435  0.71502565  1.05040667  1.02212654
1    1.11714027  0.00000000  0.53765939  0.64173395  0.64698864  0.36539968  0.37736975
2    1.02775339  0.53765939  0.00000000  0.62389959  0.61725982  0.39510659  0.40197178
3    0.96543435  0.64173395  0.62389959  0.00000000  0.59276575  0.59906618  0.59451749
4    0.71502565  0.64698864  0.61725982  0.59276575  0.00000000  0.60032031  0.58498423
5    1.05040667  0.36539968  0.39510659  0.59906618  0.60032031  0.00000000  0.15249137
6    1.02212654  0.37736975  0.40197178  0.59451749  0.58498423  0.15249137  0.00000000

--------------------------------------------------------------------------------
n=6
(result of R-step: (0,5:6)0.04286444)
V=[0, 1, 2, 3, 4, 5]
total successes of this branch: 2
Matrix on 6 elements:

0    0.00000000  0.68557246  0.59618559  0.53386655  0.28345785  0.55211940
1    0.68557246  0.00000000  0.53765939  0.64173395  0.64698864  0.29868021
2    0.59618559  0.53765939  0.00000000  0.62389959  0.61725982  0.32838713
3    0.53386655  0.64173395  0.62389959  0.00000000  0.59276575  0.53234672
4    0.28345785  0.64698864  0.61725982  0.59276575  0.00000000  0.53360085
5    0.55211940  0.29868021  0.32838713  0.53234672  0.53360085  0.00000000

--------------------------------------------------------------------------------
n=5
(result of R-step: (0,3:4)0.16623397)
V=[0, 1, 2, 3, 5]
total successes of this branch: 0
reason of abort: negative delta/dxy

--------------------------------------------------------------------------------
n=5
(result of R-step: (1,2:5)0.66366203)
V=[0, 1, 2, 3, 4]
total successes of this branch: 2
Matrix on 5 elements:

0    0.00000000  0.51889591  0.48476214  0.53386655  0.28345785
1    0.51889591  0.00000000  0.25955938  0.47505739  0.48031208
2    0.48476214  0.25955938  0.00000000  0.51247615  0.50583638
3    0.53386655  0.47505739  0.51247615  0.00000000  0.59276575
4    0.28345785  0.48031208  0.50583638  0.59276575  0.00000000

--------------------------------------------------------------------------------
n=4
(result of R-step: (0,1:2)0.04652391)
V=[0, 1, 3, 4]
total successes of this branch: 0
reason of abort: negative delta/dxy

--------------------------------------------------------------------------------
n=4
(result of R-step: (0,1:3)0.33280601)
V=[0, 1, 2, 4]
total successes of this branch: 1
Matrix on 4 elements:

0    0.00000000  0.41110670  0.47019754  0.26889324
1    0.41110670  0.00000000  0.16633479  0.38708748
2    0.47019754  0.16633479  0.00000000  0.50583638
4    0.26889324  0.38708748  0.50583638  0.00000000

--------------------------------------------------------------------------------
n=4
(result of R-step: (0,1:4)0.77267778)
V=[0, 1, 2, 3]
total successes of this branch: 1
Matrix on 4 elements:

0    0.00000000  0.44293710  0.42443075  0.47353515
1    0.44293710  0.00000000  0.24393197  0.45942998
2    0.42443075  0.24393197  0.00000000  0.51247615
3    0.47353515  0.45942998  0.51247615  0.00000000

--------------------------------------------------------------------------------
n=4
(result of R-step: (0,2:3)0.26689771)
V=[0, 1, 2, 4]
total successes of this branch: 0
Matrix on 4 elements:

0    0.00000000  0.45856451  0.26291676  0.22312646
1    0.45856451  0.00000000  0.09804539  0.48031208
