n=20
V=[0, 1, 2, 3, 4, 5, 6, 7, 8, 9, 10, 11, 12, 13, 14, 15, 16, 17, 18, 19]
total successes of this branch: 3
Matrix on 20 elements:

0    0.00000000  1.73877758  1.72746130  1.73242606  1.70388117  1.71182877  1.72650164  1.72913548  1.73026260  1.72596938  1.73779615  1.73746450  1.62154205  1.71461779  1.73805037  1.64553754  0.96421164  1.67919292  1.71893431  1.72742100
1    1.73877758  0.00000000  1.68357842  1.67497300  1.69481512  1.68858654  1.60163477  1.67714787  1.60181997  1.38516111  1.02393189  1.03406171  0.97409234  1.48357165  0.91154348  0.98437950  1.72103449  1.22758214  1.68389022  1.58034229
2    1.72746130  1.68357842  0.00000000  1.67256934  1.63520648  1.57079318  1.66656202  1.65630978  1.43506118  1.62997398  1.68080285  1.67937747  1.68941186  1.64932798  1.68125184  1.68763491  1.69022758  1.66897207  1.60590334  1.47397890
3    1.73242606  1.67497300  1.67256934  0.00000000  1.68475417  1.67800004  1.67841384  1.47248132  1.67316436  1.67641169  1.65436215  1.65498048  1.68261035  1.67523550  1.66390069  1.67677977  1.71318586  1.67602741  1.59362116  1.67354054
4    1.70388117  1.69481512  1.63520648  1.68475417  0.00000000  1.64143721  1.64424693  1.67783394  1.64996236  1.66944573  1.69308667  1.69242372  1.69602029  1.06382980  1.69349071  1.69541478  1.20333416  1.38771135  1.65638045  1.54350190
5    1.71182877  1.68858654  1.57079318  1.67800004  1.64143721  0.00000000  1.67200024  1.63892406  1.59995246  1.41375160  1.68353159  1.67596624  1.69167617  1.65247617  1.68159713  1.68999509  1.68341899  1.67171615  0.86454999  1.60949245
6    1.72650164  1.60163477  1.66656202  1.67841384  1.64424693  1.67200024  0.00000000  1.67738922  1.65048954  1.63507799  1.60934553  1.61006713  1.61823358  1.63331962  1.60630481  1.61639904  1.69330393  1.62464262  1.67421277  1.64737093
7    1.72913548  1.67714787  1.65630978  1.47248132  1.67783394  1.63892406  1.67738922  0.00000000  1.66146817  1.65898090  1.60312504  1.60469138  1.68405869  1.65445020  1.63701983  1.66735353  1.70843036  1.66106712  1.09954068  1.66019348
8    1.73026260  1.60181997  1.43506118  1.67316436  1.64996236  1.59995246  1.65048954  1.66146817  0.00000000  1.60093238  1.60789133  1.60769619  1.61889412  1.63644983  1.60507435  1.61662308  1.69785371  1.62628252  1.62520868  0.41500188
9    1.72596938  1.38516111  1.62997398  1.67641169  1.66944573  1.41375160  1.63507799  1.65898090  1.60093238  0.00000000  1.41303217  1.39957213  1.43046545  1.58316689  1.39314226  1.42686712  1.70315664  1.50301519  1.51443427  1.59770560
10    1.73779615  1.02393189  1.68080285  1.65436215  1.69308667  1.68353159  1.60934553  1.60312504  1.60789133  1.41303217  0.00000000  0.94650738  1.11882733  1.45440458  0.98105244  1.01438636  1.71975156  1.22875991  1.65051944  1.58001322
11    1.73746450  1.03406171  1.67937747  1.65498048  1.69242372  1.67596624  1.61006713  1.60469138  1.60769619  1.39957213  0.94650738  0.00000000  1.12756649  1.39702120  0.88198461  1.09019487  1.71928620  1.23967834  1.64670325  1.56943086
12    1.62154205  0.97409234  1.68941186  1.68261035  1.69602029  1.69167617  1.61823358  1.68405869  1.61889412  1.43046545  1.11882733  1.12756649  0.00000000  1.51428508  1.05908979  0.71726957  1.65160120  1.10556951  1.68854870  1.59989376
13    1.71461779  1.48357165  1.64932798  1.67523550  1.06382980  1.65247617  1.63331962  1.65445020  1.63644983  1.58316689  1.45440458  1.39702120  1.51428508  0.00000000  1.43563805  1.50192541  1.45196206  0.94227823  1.65328664  1.36535648
14    1.73805037  0.91154348  1.68125184  1.66390069  1.69349071  1.68159713  1.60630481  1.63701983  1.60507435  1.39314226  0.98105244  0.88198461  1.05908979  1.43563805  0.00000000  1.04298245  1.72006625  1.23428129  1.66329523  1.57429929
15    1.64553754  0.98437950  1.68763491  1.67677977  1.69541478  1.68999509  1.61639904  1.66735353  1.61662308  1.42686712  1.01438636  1.09019487  0.71726957  1.50192541  1.04298245  0.00000000  1.66566782  0.91285366  1.68069925  1.59579031
16    0.96421164  1.72103449  1.69022758  1.71318586  1.20333416  1.68341899  1.69330393  1.70843036  1.69785371  1.70315664  1.71975156  1.71928620  1.65160120  1.45196206  1.72006625  1.66566782  0.00000000  1.56155199  1.69368779  1.65319190
17    1.67919292  1.22758214  1.66897207  1.67602741  1.38771135  1.67171615  1.62464262  1.66106712  1.62628252  1.50301519  1.22875991  1.23967834  1.10556951  0.94227823  1.23428129  0.91285366  1.56155199  0.00000000  1.66734403  1.50204541
18    1.71893431  1.68389022  1.60590334  1.59362116  1.65638045  0.86454999  1.67421277  1.09954068  1.62520868  1.51443427  1.65051944  1.64670325  1.68854870  1.65328664  1.66329523  1.68069925  1.69368779  1.66734403  0.00000000  1.63030854
19    1.72742100  1.58034229  1.47397890  1.67354054  1.54350190  1.60949245  1.64737093  1.66019348  0.41500188  1.59770560  1.58001322  1.56943086  1.59989376  1.36535648  1.57429929  1.59579031  1.65319190  1.50204541  1.63030854  0.00000000

--------------------------------------------------------------------------------
n=19
(result of R-step: (0,4:16)0.59640354)
V=[0, 1, 2, 3, 4, 5, 6, 7, 8, 9, 10, 11, 12, 13, 14, 15, 17, 18, 19]
total successes of this branch: 3
Matrix on 19 elements:

0    0.00000000  1.50694526  1.49562898  1.50059375  1.24021653  1.47999645  1.49466932  1.49730316  1.49843028  1.49413706  1.50596383  1.50563218  1.38970973  1.48278547  1.50621805  1.41370523  1.44736060  1.48710199  1.49558868
1    1.50694526  0.00000000  1.68357842  1.67497300  1.46298281  1.68858654  1.60163477  1.67714787  1.60181997  1.38516111  1.02393189  1.03406171  0.97409234  1.48357165  0.91154348  0.98437950  1.22758214  1.68389022  1.58034229
2    1.49562898  1.68357842  0.00000000  1.67256934  1.40337416  1.57079318  1.66656202  1.65630978  1.43506118  1.62997398  1.68080285  1.67937747  1.68941186  1.64932798  1.68125184  1.68763491  1.66897207  1.60590334  1.47397890
3    1.50059375  1.67497300  1.67256934  0.00000000  1.45292186  1.67800004  1.67841384  1.47248132  1.67316436  1.67641169  1.65436215  1.65498048  1.68261035  1.67523550  1.66390069  1.67677977  1.67602741  1.59362116  1.67354054
4    1.24021653  1.46298281  1.40337416  1.45292186  0.00000000  1.40960489  1.41241462  1.44600162  1.41813004  1.43761341  1.46125436  1.46059140  1.46418797  0.83199749  1.46165839  1.46358246  1.15587903  1.42454813  1.31166958
5    1.47999645  1.68858654  1.57079318  1.67800004  1.40960489  0.00000000  1.67200024  1.63892406  1.59995246  1.41375160  1.68353159  1.67596624  1.69167617  1.65247617  1.68159713  1.68999509  1.67171615  0.86454999  1.60949245
6    1.49466932  1.60163477  1.66656202  1.67841384  1.41241462  1.67200024  0.00000000  1.67738922  1.65048954  1.63507799  1.60934553  1.61006713  1.61823358  1.63331962  1.60630481  1.61639904  1.62464262  1.67421277  1.64737093
7    1.49730316  1.67714787  1.65630978  1.47248132  1.44600162  1.63892406  1.67738922  0.00000000  1.66146817  1.65898090  1.60312504  1.60469138  1.68405869  1.65445020  1.63701983  1.66735353  1.66106712  1.09954068  1.66019348
8    1.49843028  1.60181997  1.43506118  1.67316436  1.41813004  1.59995246  1.65048954  1.66146817  0.00000000  1.60093238  1.60789133  1.60769619  1.61889412  1.63644983  1.60507435  1.61662308  1.62628252  1.62520868  0.41500188
9    1.49413706  1.38516111  1.62997398  1.67641169  1.43761341  1.41375160  1.63507799  1.65898090  1.60093238  0.00000000  1.41303217  1.39957213  1.43046545  1.58316689  1.39314226  1.42686712  1.50301519  1.51443427  1.59770560
10    1.50596383  1.02393189  1.68080285  1.65436215  1.46125436  1.68353159  1.60934553  1.60312504  1.60789133  1.41303217  0.00000000  0.94650738  1.11882733  1.45440458  0.98105244  1.01438636  1.22875991  1.65051944  1.58001322
11    1.50563218  1.03406171  1.67937747  1.65498048  1.46059140  1.67596624  1.61006713  1.60469138  1.60769619  1.39957213  0.94650738  0.00000000  1.12756649  1.39702120  0.88198461  1.09019487  1.23967834  1.64670325  1.56943086
12    1.38970973  0.97409234  1.68941186  1.68261035  1.46418797  1.69167617  1.61823358  1.68405869  1.61889412  1.43046545  1.11882733  1.12756649  0.00000000  1.51428508  1.05908979  0.71726957  1.10556951  1.68854870  1.59989376
13    1.48278547  1.48357165  1.64932798  1.67523550  0.83199749  1.65247617  1.63331962  1.65445020  1.63644983  1.58316689  1.45440458  1.39702120  1.51428508  0.00000000  1.43563805  1.50192541  0.94227823  1.65328664  1.36535648
14    1.50621805  0.91154348  1.68125184  1.66390069  1.46165839  1.68159713  1.60630481  1.63701983  1.60507435  1.39314226  0.98105244  0.88198461  1.05908979  1.43563805  0.00000000  1.04298245  1.23428129  1.66329523  1.57429929
15    1.41370523  0.98437950  1.68763491  1.67677977  1.46358246  1.68999509  1.61639904  1.66735353  1.61662308  1.42686712  1.01438636  1.09019487  0.71726957  1.50192541  1.04298245  0.00000000  0.91285366  1.68069925  1.59579031
17    1.44736060  1.22758214  1.66897207  1.67602741  1.15587903  1.67171615  1.62464262  1.66106712  1.62628252  1.50301519  1.22875991  1.23967834  1.10556951  0.94227823  1.23428129  0.91285366  0.00000000  1.66734403  1.50204541
18    1.48710199  1.68389022  1.60590334  1.59362116  1.42454813  0.86454999  1.67421277  1.09954068  1.62520868  1.51443427  1.65051944  1.64670325  1.68854870  1.65328664  1.66329523  1.68069925  1.66734403  0.00000000  1.63030854
19    1.49558868  1.58034229  1.47397890  1.67354054  1.31166958  1.60949245  1.64737093  1.66019348  0.41500188  1.59770560  1.58001322  1.56943086  1.59989376  1.36535648  1.57429929  1.59579031  1.50204541  1.63030854  0.00000000

--------------------------------------------------------------------------------
n=18
(result of R-step: (1,11:14)0.44617739)
V=[0, 1, 2, 3, 4, 5, 6, 7, 8, 9, 10, 11, 12, 13, 15, 17, 18, 19]
total successes of this branch: 3
Matrix on 18 elements:

0    0.00000000  1.12721208  1.49562898  1.50059375  1.24021653  1.47999645  1.49466932  1.49730316  1.49843028  1.49413706  1.50596383  1.12589899  1.38970973  1.48278547  1.41370523  1.44736060  1.48710199  1.49558868
1    1.12721208  0.00000000  1.30384523  1.29523981  1.08324962  1.30885335  1.22190158  1.29741468  1.22208678  1.00542792  0.64419870  0.27459533  0.59435915  1.10383846  0.60464631  0.84784895  1.30415703  1.20060910
2    1.49562898  1.30384523  0.00000000  1.67256934  1.40337416  1.57079318  1.66656202  1.65630978  1.43506118  1.62997398  1.68080285  1.29964428  1.68941186  1.64932798  1.68763491  1.66897207  1.60590334  1.47397890
3    1.50059375  1.29523981  1.67256934  0.00000000  1.45292186  1.67800004  1.67841384  1.47248132  1.67316436  1.67641169  1.65436215  1.27524729  1.68261035  1.67523550  1.67677977  1.67602741  1.59362116  1.67354054
4    1.24021653  1.08324962  1.40337416  1.45292186  0.00000000  1.40960489  1.41241462  1.44600162  1.41813004  1.43761341  1.46125436  1.08085821  1.46418797  0.83199749  1.46358246  1.15587903  1.42454813  1.31166958
5    1.47999645  1.30885335  1.57079318  1.67800004  1.40960489  0.00000000  1.67200024  1.63892406  1.59995246  1.41375160  1.68353159  1.29623305  1.69167617  1.65247617  1.68999509  1.67171615  0.86454999  1.60949245
6    1.49466932  1.22190158  1.66656202  1.67841384  1.41241462  1.67200024  0.00000000  1.67738922  1.65048954  1.63507799  1.60934553  1.23033394  1.61823358  1.63331962  1.61639904  1.62464262  1.67421277  1.64737093
7    1.49730316  1.29741468  1.65630978  1.47248132  1.44600162  1.63892406  1.67738922  0.00000000  1.66146817  1.65898090  1.60312504  1.22495819  1.68405869  1.65445020  1.66735353  1.66106712  1.09954068  1.66019348
8    1.49843028  1.22208678  1.43506118  1.67316436  1.41813004  1.59995246  1.65048954  1.66146817  0.00000000  1.60093238  1.60789133  1.22796300  1.61889412  1.63644983  1.61662308  1.62628252  1.62520868  0.41500188
9    1.49413706  1.00542792  1.62997398  1.67641169  1.43761341  1.41375160  1.63507799  1.65898090  1.60093238  0.00000000  1.41303217  1.01983894  1.43046545  1.58316689  1.42686712  1.50301519  1.51443427  1.59770560
10    1.50596383  0.64419870  1.68080285  1.65436215  1.46125436  1.68353159  1.60934553  1.60312504  1.60789133  1.41303217  0.00000000  0.56677419  1.11882733  1.45440458  1.01438636  1.22875991  1.65051944  1.58001322
11    1.12589899  0.27459533  1.29964428  1.27524729  1.08085821  1.29623305  1.23033394  1.22495819  1.22796300  1.01983894  0.56677419  0.00000000  0.74783330  1.01728801  0.71046168  0.85994515  1.26697006  1.18969767
12    1.38970973  0.59435915  1.68941186  1.68261035  1.46418797  1.69167617  1.61823358  1.68405869  1.61889412  1.43046545  1.11882733  0.74783330  0.00000000  1.51428508  0.71726957  1.10556951  1.68854870  1.59989376
13    1.48278547  1.10383846  1.64932798  1.67523550  0.83199749  1.65247617  1.63331962  1.65445020  1.63644983  1.58316689  1.45440458  1.01728801  1.51428508  0.00000000  1.50192541  0.94227823  1.65328664  1.36535648
15    1.41370523  0.60464631  1.68763491  1.67677977  1.46358246  1.68999509  1.61639904  1.66735353  1.61662308  1.42686712  1.01438636  0.71046168  0.71726957  1.50192541  0.00000000  0.91285366  1.68069925  1.59579031
17    1.44736060  0.84784895  1.66897207  1.67602741  1.15587903  1.67171615  1.62464262  1.66106712  1.62628252  1.50301519  1.22875991  0.85994515  1.10556951  0.94227823  0.91285366  0.00000000  1.66734403  1.50204541
18    1.48710199  1.30415703  1.60590334  1.59362116  1.42454813  0.86454999  1.67421277  1.09954068  1.62520868  1.51443427  1.65051944  1.26697006  1.68854870  1.65328664  1.68069925  1.66734403  0.00000000  1.63030854
19    1.49558868  1.20060910  1.47397890  1.67354054  1.31166958  1.60949245  1.64737093  1.66019348  0.41500188  1.59770560  1.58001322  1.18969767  1.59989376  1.36535648  1.59579031  1.50204541  1.63030854  0.00000000

--------------------------------------------------------------------------------
n=17
(result of R-step: (5,7:18)0.58943458)
V=[0, 1, 2, 3, 4, 5, 6, 7, 8, 9, 10, 11, 12, 13, 15, 17, 19]
total successes of this branch: 3
Matrix on 17 elements:

0    0.00000000  1.12721208  1.49562898  1.50059375  1.24021653  1.31741315  1.49466932  1.33471985  1.49843028  1.49413706  1.50596383  1.12589899  1.38970973  1.48278547  1.41370523  1.44736060  1.49558868
1    1.12721208  0.00000000  1.30384523  1.29523981  1.08324962  1.14627004  1.22190158  1.13483138  1.22208678  1.00542792  0.64419870  0.27459533  0.59435915  1.10383846  0.60464631  0.84784895  1.20060910
2    1.49562898  1.30384523  0.00000000  1.67256934  1.40337416  1.40820987  1.66656202  1.49372647  1.43506118  1.62997398  1.68080285  1.29964428  1.68941186  1.64932798  1.68763491  1.66897207  1.47397890
3    1.50059375  1.29523981  1.67256934  0.00000000  1.45292186  1.51541673  1.67841384  1.30989801  1.67316436  1.67641169  1.65436215  1.27524729  1.68261035  1.67523550  1.67677977  1.67602741  1.67354054
4    1.24021653  1.08324962  1.40337416  1.45292186  0.00000000  1.24702158  1.41241462  1.28341831  1.41813004  1.43761341  1.46125436  1.08085821  1.46418797  0.83199749  1.46358246  1.15587903  1.31166958
5    1.31741315  1.14627004  1.40820987  1.51541673  1.24702158  0.00000000  1.50941693  1.31375745  1.43736915  1.25116830  1.52094828  1.13364975  1.52909287  1.48989286  1.52741178  1.50913285  1.44690914
6    1.49466932  1.22190158  1.66656202  1.67841384  1.41241462  1.50941693  0.00000000  1.51480591  1.65048954  1.63507799  1.60934553  1.23033394  1.61823358  1.63331962  1.61639904  1.62464262  1.64737093
7    1.33471985  1.13483138  1.49372647  1.30989801  1.28341831  1.31375745  1.51480591  0.00000000  1.49888486  1.49639760  1.44054173  1.06237489  1.52147538  1.49186689  1.50477023  1.49848382  1.49761017
8    1.49843028  1.22208678  1.43506118  1.67316436  1.41813004  1.43736915  1.65048954  1.49888486  0.00000000  1.60093238  1.60789133  1.22796300  1.61889412  1.63644983  1.61662308  1.62628252  0.41500188
9    1.49413706  1.00542792  1.62997398  1.67641169  1.43761341  1.25116830  1.63507799  1.49639760  1.60093238  0.00000000  1.41303217  1.01983894  1.43046545  1.58316689  1.42686712  1.50301519  1.59770560
10    1.50596383  0.64419870  1.68080285  1.65436215  1.46125436  1.52094828  1.60934553  1.44054173  1.60789133  1.41303217  0.00000000  0.56677419  1.11882733  1.45440458  1.01438636  1.22875991  1.58001322
11    1.12589899  0.27459533  1.29964428  1.27524729  1.08085821  1.13364975  1.23033394  1.06237489  1.22796300  1.01983894  0.56677419  0.00000000  0.74783330  1.01728801  0.71046168  0.85994515  1.18969767
12    1.38970973  0.59435915  1.68941186  1.68261035  1.46418797  1.52909287  1.61823358  1.52147538  1.61889412  1.43046545  1.11882733  0.74783330  0.00000000  1.51428508  0.71726957  1.10556951  1.59989376
13    1.48278547  1.10383846  1.64932798  1.67523550  0.83199749  1.48989286  1.63331962  1.49186689  1.63644983  1.58316689  1.45440458  1.01728801  1.51428508  0.00000000  1.50192541  0.94227823  1.36535648
15    1.41370523  0.60464631  1.68763491  1.67677977  1.46358246  1.52741178  1.61639904  1.50477023  1.61662308  1.42686712  1.01438636  0.71046168  0.71726957  1.50192541  0.00000000  0.91285366  1.59579031
17    1.44736060  0.84784895  1.66897207  1.67602741  1.15587903  1.50913285  1.62464262  1.49848382  1.62628252  1.50301519  1.22875991  0.85994515  1.10556951  0.94227823  0.91285366  0.00000000  1.50204541
19    1.49558868  1.20060910  1.47397890  1.67354054  1.31166958  1.44690914  1.64737093  1.49761017  0.41500188  1.59770560  1.58001322  1.18969767  1.59989376  1.36535648  1.59579031  1.50204541  0.00000000

--------------------------------------------------------------------------------
n=16
(result of R-step: (8,13:19)0.81836794)
V=[0, 1, 2, 3, 4, 5, 6, 7, 8, 9, 10, 11, 12, 13, 15, 17]
total successes of this branch: 3
Matrix on 16 elements:

0    0.00000000  1.12721208  1.49562898  1.50059375  1.24021653  1.31741315  1.49466932  1.33471985  1.42647601  1.49413706  1.50596383  1.12589899  1.38970973  1.41083120  1.41370523  1.44736060
1    1.12721208  0.00000000  1.30384523  1.29523981  1.08324962  1.14627004  1.22190158  1.13483138  1.15013252  1.00542792  0.64419870  0.27459533  0.59435915  1.03188419  0.60464631  0.84784895
2    1.49562898  1.30384523  0.00000000  1.67256934  1.40337416  1.40820987  1.66656202  1.49372647  1.36310691  1.62997398  1.68080285  1.29964428  1.68941186  1.57737372  1.68763491  1.66897207
3    1.50059375  1.29523981  1.67256934  0.00000000  1.45292186  1.51541673  1.67841384  1.30989801  1.60121009  1.67641169  1.65436215  1.27524729  1.68261035  1.60328123  1.67677977  1.67602741
4    1.24021653  1.08324962  1.40337416  1.45292186  0.00000000  1.24702158  1.41241462  1.28341831  1.34617578  1.43761341  1.46125436  1.08085821  1.46418797  0.76004322  1.46358246  1.15587903
5    1.31741315  1.14627004  1.40820987  1.51541673  1.24702158  0.00000000  1.50941693  1.31375745  1.36541489  1.25116830  1.52094828  1.13364975  1.52909287  1.41793860  1.52741178  1.50913285
6    1.49466932  1.22190158  1.66656202  1.67841384  1.41241462  1.50941693  0.00000000  1.51480591  1.57853527  1.63507799  1.60934553  1.23033394  1.61823358  1.56136535  1.61639904  1.62464262
7    1.33471985  1.13483138  1.49372647  1.30989801  1.28341831  1.31375745  1.51480591  0.00000000  1.42693059  1.49639760  1.44054173  1.06237489  1.52147538  1.41991262  1.50477023  1.49848382
8    1.42647601  1.15013252  1.36310691  1.60121009  1.34617578  1.36541489  1.57853527  1.42693059  0.00000000  1.52897812  1.53593707  1.15600873  1.54693985  1.49254129  1.54466881  1.55432825
9    1.49413706  1.00542792  1.62997398  1.67641169  1.43761341  1.25116830  1.63507799  1.49639760  1.52897812  0.00000000  1.41303217  1.01983894  1.43046545  1.51121262  1.42686712  1.50301519
10    1.50596383  0.64419870  1.68080285  1.65436215  1.46125436  1.52094828  1.60934553  1.44054173  1.53593707  1.41303217  0.00000000  0.56677419  1.11882733  1.38245031  1.01438636  1.22875991
11    1.12589899  0.27459533  1.29964428  1.27524729  1.08085821  1.13364975  1.23033394  1.06237489  1.15600873  1.01983894  0.56677419  0.00000000  0.74783330  0.94533375  0.71046168  0.85994515
12    1.38970973  0.59435915  1.68941186  1.68261035  1.46418797  1.52909287  1.61823358  1.52147538  1.54693985  1.43046545  1.11882733  0.74783330  0.00000000  1.44233082  0.71726957  1.10556951
13    1.41083120  1.03188419  1.57737372  1.60328123  0.76004322  1.41793860  1.56136535  1.41991262  1.49254129  1.51121262  1.38245031  0.94533375  1.44233082  0.00000000  1.42997115  0.87032397
15    1.41370523  0.60464631  1.68763491  1.67677977  1.46358246  1.52741178  1.61639904  1.50477023  1.54466881  1.42686712  1.01438636  0.71046168  0.71726957  1.42997115  0.00000000  0.91285366
17    1.44736060  0.84784895  1.66897207  1.67602741  1.15587903  1.50913285  1.62464262  1.49848382  1.55432825  1.50301519  1.22875991  0.85994515  1.10556951  0.87032397  0.91285366  0.00000000

--------------------------------------------------------------------------------
n=15
(result of R-step: (13,15:17)0.48719244)
V=[0, 1, 2, 3, 4, 5, 6, 7, 8, 9, 10, 11, 12, 13, 15]
total successes of this branch: 3
Matrix on 15 elements:

0    0.00000000  1.12721208  1.49562898  1.50059375  1.24021653  1.31741315  1.49466932  1.33471985  1.42647601  1.49413706  1.50596383  1.12589899  1.38970973  1.30618223  1.23710198
1    1.12721208  0.00000000  1.30384523  1.29523981  1.08324962  1.14627004  1.22190158  1.13483138  1.15013252  1.00542792  0.64419870  0.27459533  0.59435915  0.92723521  0.42804307
2    1.49562898  1.30384523  0.00000000  1.67256934  1.40337416  1.40820987  1.66656202  1.49372647  1.36310691  1.62997398  1.68080285  1.29964428  1.68941186  1.47272474  1.51103167
3    1.50059375  1.29523981  1.67256934  0.00000000  1.45292186  1.51541673  1.67841384  1.30989801  1.60121009  1.67641169  1.65436215  1.27524729  1.68261035  1.49863225  1.50017652
4    1.24021653  1.08324962  1.40337416  1.45292186  0.00000000  1.24702158  1.41241462  1.28341831  1.34617578  1.43761341  1.46125436  1.08085821  1.46418797  0.65539424  1.28697922
5    1.31741315  1.14627004  1.40820987  1.51541673  1.24702158  0.00000000  1.50941693  1.31375745  1.36541489  1.25116830  1.52094828  1.13364975  1.52909287  1.31328962  1.35080854
6    1.49466932  1.22190158  1.66656202  1.67841384  1.41241462  1.50941693  0.00000000  1.51480591  1.57853527  1.63507799  1.60934553  1.23033394  1.61823358  1.45671638  1.43979580
7    1.33471985  1.13483138  1.49372647  1.30989801  1.28341831  1.31375745  1.51480591  0.00000000  1.42693059  1.49639760  1.44054173  1.06237489  1.52147538  1.31526365  1.32816698
8    1.42647601  1.15013252  1.36310691  1.60121009  1.34617578  1.36541489  1.57853527  1.42693059  0.00000000  1.52897812  1.53593707  1.15600873  1.54693985  1.38789232  1.36806557
9    1.49413706  1.00542792  1.62997398  1.67641169  1.43761341  1.25116830  1.63507799  1.49639760  1.52897812  0.00000000  1.41303217  1.01983894  1.43046545  1.40656365  1.25026388
10    1.50596383  0.64419870  1.68080285  1.65436215  1.46125436  1.52094828  1.60934553  1.44054173  1.53593707  1.41303217  0.00000000  0.56677419  1.11882733  1.27780134  0.83778312
11    1.12589899  0.27459533  1.29964428  1.27524729  1.08085821  1.13364975  1.23033394  1.06237489  1.15600873  1.01983894  0.56677419  0.00000000  0.74783330  0.84068477  0.53385844
12    1.38970973  0.59435915  1.68941186  1.68261035  1.46418797  1.52909287  1.61823358  1.52147538  1.54693985  1.43046545  1.11882733  0.74783330  0.00000000  1.33768184  0.54066633
13    1.30618223  0.92723521  1.47272474  1.49863225  0.65539424  1.31328962  1.45671638  1.31526365  1.38789232  1.40656365  1.27780134  0.84068477  1.33768184  0.00000000  1.14871893
15    1.23710198  0.42804307  1.51103167  1.50017652  1.28697922  1.35080854  1.43979580  1.32816698  1.36806557  1.25026388  0.83778312  0.53385844  0.54066633  1.14871893  0.00000000

--------------------------------------------------------------------------------
n=14
(result of R-step: (4,11:13)0.68029907)
V=[0, 1, 2, 3, 4, 5, 6, 7, 8, 9, 10, 11, 12, 15]
total successes of this branch: 3
Matrix on 14 elements:

0    0.00000000  1.12721208  1.49562898  1.50059375  1.08783521  1.31741315  1.49466932  1.33471985  1.42647601  1.49413706  1.50596383  1.12141854  1.38970973  1.23710198
1    1.12721208  0.00000000  1.30384523  1.29523981  0.93086829  1.14627004  1.22190158  1.13483138  1.15013252  1.00542792  0.64419870  0.27011488  0.59435915  0.42804307
2    1.49562898  1.30384523  0.00000000  1.67256934  1.25099283  1.40820987  1.66656202  1.49372647  1.36310691  1.62997398  1.68080285  1.29516383  1.68941186  1.51103167
3    1.50059375  1.29523981  1.67256934  0.00000000  1.30054053  1.51541673  1.67841384  1.30989801  1.60121009  1.67641169  1.65436215  1.27076684  1.68261035  1.50017652
4    1.08783521  0.93086829  1.25099283  1.30054053  0.00000000  1.09464026  1.26003329  1.13103699  1.19379445  1.28523208  1.30887303  0.92399643  1.31180665  1.13459789
5    1.31741315  1.14627004  1.40820987  1.51541673  1.09464026  0.00000000  1.50941693  1.31375745  1.36541489  1.25116830  1.52094828  1.12916929  1.52909287  1.35080854
6    1.49466932  1.22190158  1.66656202  1.67841384  1.26003329  1.50941693  0.00000000  1.51480591  1.57853527  1.63507799  1.60934553  1.22585349  1.61823358  1.43979580
7    1.33471985  1.13483138  1.49372647  1.30989801  1.13103699  1.31375745  1.51480591  0.00000000  1.42693059  1.49639760  1.44054173  1.05789443  1.52147538  1.32816698
8    1.42647601  1.15013252  1.36310691  1.60121009  1.19379445  1.36541489  1.57853527  1.42693059  0.00000000  1.52897812  1.53593707  1.15152828  1.54693985  1.36806557
9    1.49413706  1.00542792  1.62997398  1.67641169  1.28523208  1.25116830  1.63507799  1.49639760  1.52897812  0.00000000  1.41303217  1.01535849  1.43046545  1.25026388
10    1.50596383  0.64419870  1.68080285  1.65436215  1.30887303  1.52094828  1.60934553  1.44054173  1.53593707  1.41303217  0.00000000  0.56229373  1.11882733  0.83778312
11    1.12141854  0.27011488  1.29516383  1.27076684  0.92399643  1.12916929  1.22585349  1.05789443  1.15152828  1.01535849  0.56229373  0.00000000  0.74335284  0.52937799
12    1.38970973  0.59435915  1.68941186  1.68261035  1.31180665  1.52909287  1.61823358  1.52147538  1.54693985  1.43046545  1.11882733  0.74335284  0.00000000  0.54066633
15    1.23710198  0.42804307  1.51103167  1.50017652  1.13459789  1.35080854  1.43979580  1.32816698  1.36806557  1.25026388  0.83778312  0.52937799  0.54066633  0.00000000

--------------------------------------------------------------------------------
n=13
(result of R-step: (10,12:15)0.20640560)
V=[0, 1, 2, 3, 4, 5, 6, 7, 8, 9, 10, 11, 12]
total successes of this branch: 3
Matrix on 13 elements:

0    0.00000000  1.12721208  1.49562898  1.50059375  1.08783521  1.31741315  1.49466932  1.33471985  1.42647601  1.49413706  1.19954953  1.12141854  1.08329543
1    1.12721208  0.00000000  1.30384523  1.29523981  0.93086829  1.14627004  1.22190158  1.13483138  1.15013252  1.00542792  0.33778440  0.27011488  0.28794485
2    1.49562898  1.30384523  0.00000000  1.67256934  1.25099283  1.40820987  1.66656202  1.49372647  1.36310691  1.62997398  1.37438855  1.29516383  1.38299756
3    1.50059375  1.29523981  1.67256934  0.00000000  1.30054053  1.51541673  1.67841384  1.30989801  1.60121009  1.67641169  1.34794785  1.27076684  1.37619605
4    1.08783521  0.93086829  1.25099283  1.30054053  0.00000000  1.09464026  1.26003329  1.13103699  1.19379445  1.28523208  1.00245873  0.92399643  1.00539235
5    1.31741315  1.14627004  1.40820987  1.51541673  1.09464026  0.00000000  1.50941693  1.31375745  1.36541489  1.25116830  1.21453398  1.12916929  1.22267857
6    1.49466932  1.22190158  1.66656202  1.67841384  1.26003329  1.50941693  0.00000000  1.51480591  1.57853527  1.63507799  1.30293122  1.22585349  1.31181928
7    1.33471985  1.13483138  1.49372647  1.30989801  1.13103699  1.31375745  1.51480591  0.00000000  1.42693059  1.49639760  1.13412743  1.05789443  1.21506108
8    1.42647601  1.15013252  1.36310691  1.60121009  1.19379445  1.36541489  1.57853527  1.42693059  0.00000000  1.52897812  1.22952277  1.15152828  1.24052555
9    1.49413706  1.00542792  1.62997398  1.67641169  1.28523208  1.25116830  1.63507799  1.49639760  1.52897812  0.00000000  1.10661787  1.01535849  1.12405115
10    1.19954953  0.33778440  1.37438855  1.34794785  1.00245873  1.21453398  1.30293122  1.13412743  1.22952277  1.10661787  0.00000000  0.25587943  0.50599873
11    1.12141854  0.27011488  1.29516383  1.27076684  0.92399643  1.12916929  1.22585349  1.05789443  1.15152828  1.01535849  0.25587943  0.00000000  0.43693854
12    1.08329543  0.28794485  1.38299756  1.37619605  1.00539235  1.22267857  1.31181928  1.21506108  1.24052555  1.12405115  0.50599873  0.43693854  0.00000000

--------------------------------------------------------------------------------
n=12
(result of R-step: (0,1:12)0.13293205)
V=[0, 1, 2, 3, 4, 5, 6, 7, 8, 9, 10, 11]
total successes of this branch: 3
Matrix on 12 elements:

0    0.00000000  0.88192078  1.29903290  1.30399766  0.89123912  1.12081706  1.29807324  1.13812377  1.22987993  1.29754098  1.00295345  0.92482245
1    0.88192078  0.00000000  1.25515002  1.24654460  0.88217308  1.09757483  1.17320637  1.08613616  1.10143731  0.95673271  0.28908919  0.22141967
2    1.29903290  1.25515002  0.00000000  1.67256934  1.25099283  1.40820987  1.66656202  1.49372647  1.36310691  1.62997398  1.37438855  1.29516383
3    1.30399766  1.24654460  1.67256934  0.00000000  1.30054053  1.51541673  1.67841384  1.30989801  1.60121009  1.67641169  1.34794785  1.27076684
4    0.89123912  0.88217308  1.25099283  1.30054053  0.00000000  1.09464026  1.26003329  1.13103699  1.19379445  1.28523208  1.00245873  0.92399643
5    1.12081706  1.09757483  1.40820987  1.51541673  1.09464026  0.00000000  1.50941693  1.31375745  1.36541489  1.25116830  1.21453398  1.12916929
6    1.29807324  1.17320637  1.66656202  1.67841384  1.26003329  1.50941693  0.00000000  1.51480591  1.57853527  1.63507799  1.30293122  1.22585349
7    1.13812377  1.08613616  1.49372647  1.30989801  1.13103699  1.31375745  1.51480591  0.00000000  1.42693059  1.49639760  1.13412743  1.05789443
8    1.22987993  1.10143731  1.36310691  1.60121009  1.19379445  1.36541489  1.57853527  1.42693059  0.00000000  1.52897812  1.22952277  1.15152828
9    1.29754098  0.95673271  1.62997398  1.67641169  1.28523208  1.25116830  1.63507799  1.49639760  1.52897812  0.00000000  1.10661787  1.01535849
10    1.00295345  0.28908919  1.37438855  1.34794785  1.00245873  1.21453398  1.30293122  1.13412743  1.22952277  1.10661787  0.00000000  0.25587943
11    0.92482245  0.22141967  1.29516383  1.27076684  0.92399643  1.12916929  1.22585349  1.05789443  1.15152828  1.01535849  0.25587943  0.00000000

--------------------------------------------------------------------------------
n=11
(result of R-step: (9,10:11)0.02804264)
V=[0, 1, 2, 3, 4, 5, 6, 7, 8, 9, 10]
total successes of this branch: 3
Matrix on 11 elements:

0    0.00000000  0.88192078  1.29903290  1.30399766  0.89123912  1.12081706  1.29807324  1.13812377  1.22987993  0.83101731  0.84284408
1    0.88192078  0.00000000  1.25515002  1.24654460  0.88217308  1.09757483  1.17320637  1.08613616  1.10143731  0.49020904  0.12897983
2    1.29903290  1.25515002  0.00000000  1.67256934  1.25099283  1.40820987  1.66656202  1.49372647  1.36310691  1.16345031  1.21427918
3    1.30399766  1.24654460  1.67256934  0.00000000  1.30054053  1.51541673  1.67841384  1.30989801  1.60121009  1.20988802  1.18783849
4    0.89123912  0.88217308  1.25099283  1.30054053  0.00000000  1.09464026  1.26003329  1.13103699  1.19379445  0.81870842  0.84234936
5    1.12081706  1.09757483  1.40820987  1.51541673  1.09464026  0.00000000  1.50941693  1.31375745  1.36541489  0.78464463  1.05442461
6    1.29807324  1.17320637  1.66656202  1.67841384  1.26003329  1.50941693  0.00000000  1.51480591  1.57853527  1.16855433  1.14282186
7    1.13812377  1.08613616  1.49372647  1.30989801  1.13103699  1.31375745  1.51480591  0.00000000  1.42693059  1.02987393  0.97401806
8    1.22987993  1.10143731  1.36310691  1.60121009  1.19379445  1.36541489  1.57853527  1.42693059  0.00000000  1.06245445  1.06941340
9    0.83101731  0.49020904  1.16345031  1.20988802  0.81870842  0.78464463  1.16855433  1.02987393  1.06245445  0.00000000  0.47998484
10    0.84284408  0.12897983  1.21427918  1.18783849  0.84234936  1.05442461  1.14282186  0.97401806  1.06941340  0.47998484  0.00000000

--------------------------------------------------------------------------------
n=10
(result of R-step: (1,7:10)0.89821386)
V=[0, 1, 2, 3, 4, 5, 6, 7, 8, 9]
total successes of this branch: 3
Matrix on 10 elements:

0    0.00000000  0.83539465  1.29903290  1.30399766  0.89123912  1.12081706  1.29807324  0.82575255  1.22987993  0.83101731
1    0.83539465  0.00000000  1.20862389  1.20001847  0.83564695  1.05104870  1.12668024  0.72723881  1.05491118  0.44368291
2    1.29903290  1.20862389  0.00000000  1.67256934  1.25099283  1.40820987  1.66656202  1.18135525  1.36310691  1.16345031
3    1.30399766  1.20001847  1.67256934  0.00000000  1.30054053  1.51541673  1.67841384  0.99752679  1.60121009  1.20988802
4    0.89123912  0.83564695  1.25099283  1.30054053  0.00000000  1.09464026  1.26003329  0.81866577  1.19379445  0.81870842
5    1.12081706  1.05104870  1.40820987  1.51541673  1.09464026  0.00000000  1.50941693  1.00138623  1.36541489  0.78464463
6    1.29807324  1.12668024  1.66656202  1.67841384  1.26003329  1.50941693  0.00000000  1.20243469  1.57853527  1.16855433
7    0.82575255  0.72723881  1.18135525  0.99752679  0.81866577  1.00138623  1.20243469  0.00000000  1.11455937  0.71750271
8    1.22987993  1.05491118  1.36310691  1.60121009  1.19379445  1.36541489  1.57853527  1.11455937  0.00000000  1.06245445
9    0.83101731  0.44368291  1.16345031  1.20988802  0.81870842  0.78464463  1.16855433  0.71750271  1.06245445  0.00000000

--------------------------------------------------------------------------------
n=9
(result of R-step: (1,5:9)0.52472113)
V=[0, 1, 2, 3, 4, 5, 6, 7, 8]
total successes of this branch: 3
Matrix on 9 elements:

0    0.00000000  0.75518609  1.29903290  1.30399766  0.89123912  0.72823728  1.29807324  0.82575255  1.22987993
1    0.75518609  0.00000000  1.12841533  1.11980991  0.75543839  0.57826036  1.04647169  0.64703026  0.97470262
2    1.29903290  1.12841533  0.00000000  1.67256934  1.25099283  1.01563009  1.66656202  1.18135525  1.36310691
3    1.30399766  1.11980991  1.67256934  0.00000000  1.30054053  1.12283695  1.67841384  0.99752679  1.60121009
4    0.89123912  0.75543839  1.25099283  1.30054053  0.00000000  0.70206048  1.26003329  0.81866577  1.19379445
5    0.72823728  0.57826036  1.01563009  1.12283695  0.70206048  0.00000000  1.11683715  0.60880644  0.97283510
6    1.29807324  1.04647169  1.66656202  1.67841384  1.26003329  1.11683715  0.00000000  1.20243469  1.57853527
7    0.82575255  0.64703026  1.18135525  0.99752679  0.81866577  0.60880644  1.20243469  0.00000000  1.11455937
8    1.22987993  0.97470262  1.36310691  1.60121009  1.19379445  0.97283510  1.57853527  1.11455937  0.00000000

--------------------------------------------------------------------------------
n=8
(result of R-step: (1,2:8)0.24754606)
V=[0, 1, 2, 3, 4, 5, 6, 7]
total successes of this branch: 3
Matrix on 8 elements:

0    0.00000000  0.63369781  0.62238153  1.30399766  0.89123912  0.72823728  1.29807324  0.82575255
1    0.63369781  0.00000000  0.33027568  0.99832163  0.63395011  0.45677208  0.92498340  0.52554197
2    0.62238153  0.33027568  0.00000000  0.99591797  0.57434146  0.33897872  0.98991066  0.50470388
3    1.30399766  0.99832163  0.99591797  0.00000000  1.30054053  1.12283695  1.67841384  0.99752679
4    0.89123912  0.63395011  0.57434146  1.30054053  0.00000000  0.70206048  1.26003329  0.81866577
5    0.72823728  0.45677208  0.33897872  1.12283695  0.70206048  0.00000000  1.11683715  0.60880644
6    1.29807324  0.92498340  0.98991066  1.67841384  1.26003329  1.11683715  0.00000000  1.20243469
7    0.82575255  0.52554197  0.50470388  0.99752679  0.81866577  0.60880644  1.20243469  0.00000000

--------------------------------------------------------------------------------
n=7
(result of R-step: (1,4:6)0.64821771)
V=[0, 1, 2, 3, 4, 5, 7]
total successes of this branch: 3
Matrix on 7 elements:

0    0.00000000  0.53481589  0.62238153  1.30399766  0.49991948  0.72823728  0.82575255
1    0.53481589  0.00000000  0.23139375  0.89943971  0.14374854  0.35789016  0.42666005
2    0.62238153  0.23139375  0.00000000  0.99591797  0.18302182  0.33897872  0.50470388
3    1.30399766  0.89943971  0.99591797  0.00000000  0.90922088  1.12283695  0.99752679
4    0.49991948  0.14374854  0.18302182  0.90922088  0.00000000  0.31074083  0.42734612
5    0.72823728  0.35789016  0.33897872  1.12283695  0.31074083  0.00000000  0.60880644
7    0.82575255  0.42666005  0.50470388  0.99752679  0.42734612  0.60880644  0.00000000

--------------------------------------------------------------------------------
n=6
(result of R-step: (3,5:7)0.84024194)
V=[0, 1, 2, 3, 4, 5]
total successes of this branch: 3
Matrix on 6 elements:

0    0.00000000  0.53481589  0.62238153  0.58729499  0.49991948  0.56669770
1    0.53481589  0.00000000  0.23139375  0.18273704  0.14374854  0.19635057
2    0.62238153  0.23139375  0.00000000  0.27921530  0.18302182  0.17743914
3    0.58729499  0.18273704  0.27921530  0.00000000  0.19251821  0.24459469
4    0.49991948  0.14374854  0.18302182  0.19251821  0.00000000  0.14920124
5    0.56669770  0.19635057  0.17743914  0.24459469  0.14920124  0.00000000

--------------------------------------------------------------------------------
n=5
(result of R-step: (0,2:5)0.09072820)
V=[0, 1, 2, 3, 4]
total successes of this branch: 3
Matrix on 5 elements:

0    0.00000000  0.18566397  0.17230065  0.23814307  0.15076755
1    0.18566397  0.00000000  0.13046480  0.18273704  0.14374854
2    0.17230065  0.13046480  0.00000000  0.17828635  0.08209286
3    0.23814307  0.18273704  0.17828635  0.00000000  0.19251821
4    0.15076755  0.14374854  0.08209286  0.19251821  0.00000000

--------------------------------------------------------------------------------
n=4
(result of R-step: (0,2:4)0.20356662)
V=[0, 1, 2, 3]
total successes of this branch: 1
Matrix on 4 elements:

0    0.00000000  0.15743112  0.11583495  0.20991022
1    0.15743112  0.00000000  0.10223195  0.18273704
2    0.11583495  0.10223195  0.00000000  0.15005350
3    0.20991022  0.18273704  0.15005350  0.00000000

--------------------------------------------------------------------------------
n=4
(result of R-step: (0,3:1)0.02650981)
V=[0, 2, 3, 4]
total successes of this branch: 1
Matrix on 4 elements:

0    0.00000000  0.14406780  0.09481570  0.12253470
2    0.14406780  0.00000000  0.06319182  0.08209286
3    0.09481570  0.06319182  0.00000000  0.07742369
4    0.12253470  0.08209286  0.07742369  0.00000000

--------------------------------------------------------------------------------
n=4
(result of R-step: (1,2:0)0.15414688)
V=[1, 2, 3, 4]
total successes of this branch: 0
Matrix on 4 elements:

1    0.00000000  0.02312911  0.13038681  0.09139831
2    0.02312911  0.00000000  0.12330089  0.02710740
3    0.13038681  0.12330089  0.00000000  0.19251821
4    0.09139831  0.02710740  0.19251821  0.00000000
reason of abort: no pseudometric

--------------------------------------------------------------------------------
n=4
(result of R-step: (1,2:3)0.92318804)
V=[0, 1, 2, 4]
total successes of this branch: 1
Matrix on 4 elements:

0    0.00000000  0.12109954  0.14406780  0.15076755
1    0.12109954  0.00000000  0.03766752  0.07918411
