n=20
V=[0, 1, 2, 3, 4, 5, 6, 7, 8, 9, 10, 11, 12, 13, 14, 15, 16, 17, 18, 19]
total successes of this branch: 3
Matrix on 20 elements:

0    0.00000000  2.55522455  2.50221863  2.48741441  2.55118220  2.49362117  2.14465316  2.49285401  2.51046653  2.19409285  2.41091463  2.54228581  2.54584131  2.44435018  2.54328496  2.52533602  2.49898147  2.55317285  2.21775521  2.55308773
1    2.55522455  0.00000000  2.55433174  2.55484229  1.93056289  2.55462824  1.98919974  2.46876831  2.31394240  2.06930625  1.98375527  1.12445139  1.44661897  2.09465209  2.03116932  2.25982899  2.34450676  0.37034266  1.83022166  0.38977969
2    2.50221863  2.55433174  0.00000000  2.49113453  2.50283448  2.12191621  2.53242284  2.49620409  1.24983703  2.47426473  2.50278203  2.54227319  2.52651126  2.08196727  2.16470351  1.30093987  2.15954203  2.54824863  2.53423376  2.48460025
3    2.48741441  2.55484229  2.49113453  0.00000000  2.54998380  1.97970128  2.52649490  1.56791638  2.50104768  2.44902847  2.54465577  2.21755436  2.35041190  2.53000954  2.54049212  2.51891930  2.02974610  2.51014237  2.46969829  2.55227405
4    2.55118220  1.93056289  2.50283448  2.54998380  0.00000000  2.53021617  2.19147782  2.50029505  2.41378702  2.23946823  1.04422562  2.04875359  1.51922425  1.50420723  0.74452333  1.42783384  2.47803847  1.84062124  2.16523894  1.71829820
5    2.49362117  2.55462824  2.12191621  1.97970128  2.53021617  0.00000000  2.52898022  2.02582082  2.18924771  2.31336879  2.52709996  2.44492736  2.47901358  2.41362873  2.46436228  2.31468868  0.34992437  2.53809465  2.51352768  2.53847341
6    2.14465316  1.98919974  2.53242284  2.52649490  2.19147782  2.52898022  0.00000000  2.48339412  2.44789543  1.22270723  2.18749052  2.09172016  2.13158894  2.27495025  2.24646816  2.37145096  2.48201224  2.02033399  0.42659285  2.03524290
7    2.49285401  2.46876831  2.49620409  1.56791638  2.50029505  2.02582082  2.48339412  0.00000000  2.49193499  2.41856788  2.49966141  2.29687821  2.37817504  2.49706641  2.49963523  2.49813557  2.06436306  2.44895955  2.44910444  2.47429254
8    2.51046653  2.31394240  1.24983703  2.50104768  2.41378702  2.18924771  2.44789543  2.49193499  0.00000000  2.41125178  2.42201966  2.34964366  2.37527896  1.83875863  2.22605585  1.79937789  2.20009778  2.32735401  2.42983251  2.29821341
9    2.19409285  2.06930625  2.47426473  2.44902847  2.23946823  2.31336879  1.22270723  2.41856788  2.41125178  0.00000000  2.23560434  2.14176043  2.18080998  2.29459738  2.27733809  2.36340922  2.29213214  2.09368721  1.39166889  2.10653757
10    2.41091463  1.98375527  2.50278203  2.54465577  1.04422562  2.52709996  2.18749052  2.49966141  2.42201966  2.23560434  0.00000000  2.09077978  1.67251776  1.26866386  1.27947328  1.81414734  2.47982185  1.91570133  2.16971091  1.85771040
11    2.54228581  1.12445139  2.54227319  2.21755436  2.04875359  2.44492736  2.09172016  2.29687821  2.34964366  2.14176043  2.09077978  0.00000000  1.25332128  2.17772194  2.12835238  2.30926559  2.33002863  1.15262956  1.71664237  1.30411886
12    2.54584131  1.44661897  2.52651126  2.35041190  1.51922425  2.47901358  2.13158894  2.37817504  2.37527896  2.18080998  1.67251776  1.25332128  0.00000000  1.90854750  1.68168756  2.05093638  2.38918170  1.14542741  1.97012542  1.48868903
13    2.44435018  2.09465209  2.08196727  2.53000954  1.50420723  2.41362873  2.27495025  2.49706641  1.83875863  2.29459738  1.26866386  2.17772194  1.90854750  0.00000000  1.59739299  1.80918686  2.38587358  2.05395921  2.25707549  2.00565797
14    2.54328496  2.03116932  2.16470351  2.54049212  0.74452333  2.46436228  2.24646816  2.49963523  2.22605585  2.27733809  1.27947328  2.12835238  1.68168756  1.59739299  0.00000000  1.49418755  2.42666881  1.95475305  2.22475338  1.67337712
15    2.52533602  2.25982899  1.30093987  2.51891930  1.42783384  2.31468868  2.37145096  2.49813557  1.79937789  2.36340922  1.81414734  2.30926559  2.05093638  1.80918686  1.49418755  0.00000000  2.30991517  2.21415338  2.36001860  2.12280267
16    2.49898147  2.34450676  2.15954203  2.02974610  2.47803847  0.34992437  2.48201224  2.06436306  2.20009778  2.29213214  2.47982185  2.33002863  2.38918170  2.38587358  2.42666881  2.30991517  0.00000000  2.35427520  2.45407109  2.35921125
17    2.55317285  0.37034266  2.54824863  2.51014237  1.84062124  2.53809465  2.02033399  2.44895955  2.32735401  2.09368721  1.91570133  1.15262956  1.14542741  2.05395921  1.95475305  2.21415338  2.35427520  0.00000000  1.86081245  0.65390350
18    2.21775521  1.83022166  2.53423376  2.46969829  2.16523894  2.51352768  0.42659285  2.44910444  2.42983251  1.39166889  2.16971091  1.71664237  1.97012542  2.25707549  2.22475338  2.36001860  2.45407109  1.86081245  0.00000000  1.90083073
19    2.55308773  0.38977969  2.48460025  2.55227405  1.71829820  2.53847341  2.03524290  2.47429254  2.29821341  2.10653757  1.85771040  1.30411886  1.48868903  2.00565797  1.67337712  2.12280267  2.35921125  0.65390350  1.90083073  0.00000000

--------------------------------------------------------------------------------
n=19
(result of R-step: (1,14:19)0.82103068)
V=[0, 1, 2, 3, 4, 5, 6, 7, 8, 9, 10, 11, 12, 13, 14, 15, 16, 17, 18]
total successes of this branch: 3
Matrix on 19 elements:

0    0.00000000  2.53923080  2.50221863  2.48741441  2.55118220  2.49362117  2.14465316  2.49285401  2.51046653  2.19409285  2.41091463  2.54228581  2.54584131  2.44435018  2.52729122  2.52533602  2.49898147  2.55317285  2.21775521
1    2.53923080  0.00000000  2.53833800  2.53884855  1.91456914  2.53863450  1.97320600  2.45277456  2.29794866  2.05331251  1.96776152  1.10845765  1.43062523  2.07865835  1.99918183  2.24383525  2.32851302  0.35434891  1.81422791
2    2.50221863  2.53833800  0.00000000  2.49113453  2.50283448  2.12191621  2.53242284  2.49620409  1.24983703  2.47426473  2.50278203  2.54227319  2.52651126  2.08196727  2.14870977  1.30093987  2.15954203  2.54824863  2.53423376
3    2.48741441  2.53884855  2.49113453  0.00000000  2.54998380  1.97970128  2.52649490  1.56791638  2.50104768  2.44902847  2.54465577  2.21755436  2.35041190  2.53000954  2.52449838  2.51891930  2.02974610  2.51014237  2.46969829
4    2.55118220  1.91456914  2.50283448  2.54998380  0.00000000  2.53021617  2.19147782  2.50029505  2.41378702  2.23946823  1.04422562  2.04875359  1.51922425  1.50420723  0.72852959  1.42783384  2.47803847  1.84062124  2.16523894
5    2.49362117  2.53863450  2.12191621  1.97970128  2.53021617  0.00000000  2.52898022  2.02582082  2.18924771  2.31336879  2.52709996  2.44492736  2.47901358  2.41362873  2.44836854  2.31468868  0.34992437  2.53809465  2.51352768
6    2.14465316  1.97320600  2.53242284  2.52649490  2.19147782  2.52898022  0.00000000  2.48339412  2.44789543  1.22270723  2.18749052  2.09172016  2.13158894  2.27495025  2.23047442  2.37145096  2.48201224  2.02033399  0.42659285
7    2.49285401  2.45277456  2.49620409  1.56791638  2.50029505  2.02582082  2.48339412  0.00000000  2.49193499  2.41856788  2.49966141  2.29687821  2.37817504  2.49706641  2.48364148  2.49813557  2.06436306  2.44895955  2.44910444
8    2.51046653  2.29794866  1.24983703  2.50104768  2.41378702  2.18924771  2.44789543  2.49193499  0.00000000  2.41125178  2.42201966  2.34964366  2.37527896  1.83875863  2.21006211  1.79937789  2.20009778  2.32735401  2.42983251
9    2.19409285  2.05331251  2.47426473  2.44902847  2.23946823  2.31336879  1.22270723  2.41856788  2.41125178  0.00000000  2.23560434  2.14176043  2.18080998  2.29459738  2.26134435  2.36340922  2.29213214  2.09368721  1.39166889
10    2.41091463  1.96776152  2.50278203  2.54465577  1.04422562  2.52709996  2.18749052  2.49966141  2.42201966  2.23560434  0.00000000  2.09077978  1.67251776  1.26866386  1.26347953  1.81414734  2.47982185  1.91570133  2.16971091
11    2.54228581  1.10845765  2.54227319  2.21755436  2.04875359  2.44492736  2.09172016  2.29687821  2.34964366  2.14176043  2.09077978  0.00000000  1.25332128  2.17772194  2.11235864  2.30926559  2.33002863  1.15262956  1.71664237
12    2.54584131  1.43062523  2.52651126  2.35041190  1.51922425  2.47901358  2.13158894  2.37817504  2.37527896  2.18080998  1.67251776  1.25332128  0.00000000  1.90854750  1.66569382  2.05093638  2.38918170  1.14542741  1.97012542
13    2.44435018  2.07865835  2.08196727  2.53000954  1.50420723  2.41362873  2.27495025  2.49706641  1.83875863  2.29459738  1.26866386  2.17772194  1.90854750  0.00000000  1.58139925  1.80918686  2.38587358  2.05395921  2.25707549
14    2.52729122  1.99918183  2.14870977  2.52449838  0.72852959  2.44836854  2.23047442  2.48364148  2.21006211  2.26134435  1.26347953  2.11235864  1.66569382  1.58139925  0.00000000  1.47819381  2.41067507  1.93875931  2.20875964
15    2.52533602  2.24383525  1.30093987  2.51891930  1.42783384  2.31468868  2.37145096  2.49813557  1.79937789  2.36340922  1.81414734  2.30926559  2.05093638  1.80918686  1.47819381  0.00000000  2.30991517  2.21415338  2.36001860
16    2.49898147  2.32851302  2.15954203  2.02974610  2.47803847  0.34992437  2.48201224  2.06436306  2.20009778  2.29213214  2.47982185  2.33002863  2.38918170  2.38587358  2.41067507  2.30991517  0.00000000  2.35427520  2.45407109
17    2.55317285  0.35434891  2.54824863  2.51014237  1.84062124  2.53809465  2.02033399  2.44895955  2.32735401  2.09368721  1.91570133  1.15262956  1.14542741  2.05395921  1.93875931  2.21415338  2.35427520  0.00000000  1.86081245
18    2.21775521  1.81422791  2.53423376  2.46969829  2.16523894  2.51352768  0.42659285  2.44910444  2.42983251  1.39166889  2.16971091  1.71664237  1.97012542  2.25707549  2.20875964  2.36001860  2.45407109  1.86081245  0.00000000

--------------------------------------------------------------------------------
n=18
(result of R-step: (1,12:17)0.78134404)
V=[0, 1, 2, 3, 4, 5, 6, 7, 8, 9, 10, 11, 12, 13, 14, 15, 16, 18]
total successes of this branch: 3
Matrix on 18 elements:

0    0.00000000  2.52064900  2.50221863  2.48741441  2.55118220  2.49362117  2.14465316  2.49285401  2.51046653  2.19409285  2.41091463  2.54228581  2.51126576  2.44435018  2.52729122  2.52533602  2.49898147  2.21775521
1    2.52064900  0.00000000  2.51975619  2.52026674  1.89598734  2.52005269  1.95462419  2.43419276  2.27936686  2.03473070  1.94917972  1.08987584  1.37746787  2.06007654  1.98060003  2.22525344  2.30993121  1.79564611
2    2.50221863  2.51975619  0.00000000  2.49113453  2.50283448  2.12191621  2.53242284  2.49620409  1.24983703  2.47426473  2.50278203  2.54227319  2.49193571  2.08196727  2.14870977  1.30093987  2.15954203  2.53423376
3    2.48741441  2.52026674  2.49113453  0.00000000  2.54998380  1.97970128  2.52649490  1.56791638  2.50104768  2.44902847  2.54465577  2.21755436  2.31583635  2.53000954  2.52449838  2.51891930  2.02974610  2.46969829
4    2.55118220  1.89598734  2.50283448  2.54998380  0.00000000  2.53021617  2.19147782  2.50029505  2.41378702  2.23946823  1.04422562  2.04875359  1.48464870  1.50420723  0.72852959  1.42783384  2.47803847  2.16523894
5    2.49362117  2.52005269  2.12191621  1.97970128  2.53021617  0.00000000  2.52898022  2.02582082  2.18924771  2.31336879  2.52709996  2.44492736  2.44443803  2.41362873  2.44836854  2.31468868  0.34992437  2.51352768
6    2.14465316  1.95462419  2.53242284  2.52649490  2.19147782  2.52898022  0.00000000  2.48339412  2.44789543  1.22270723  2.18749052  2.09172016  2.09701339  2.27495025  2.23047442  2.37145096  2.48201224  0.42659285
7    2.49285401  2.43419276  2.49620409  1.56791638  2.50029505  2.02582082  2.48339412  0.00000000  2.49193499  2.41856788  2.49966141  2.29687821  2.34359949  2.49706641  2.48364148  2.49813557  2.06436306  2.44910444
8    2.51046653  2.27936686  1.24983703  2.50104768  2.41378702  2.18924771  2.44789543  2.49193499  0.00000000  2.41125178  2.42201966  2.34964366  2.34070341  1.83875863  2.21006211  1.79937789  2.20009778  2.42983251
9    2.19409285  2.03473070  2.47426473  2.44902847  2.23946823  2.31336879  1.22270723  2.41856788  2.41125178  0.00000000  2.23560434  2.14176043  2.14623443  2.29459738  2.26134435  2.36340922  2.29213214  1.39166889
10    2.41091463  1.94917972  2.50278203  2.54465577  1.04422562  2.52709996  2.18749052  2.49966141  2.42201966  2.23560434  0.00000000  2.09077978  1.63794221  1.26866386  1.26347953  1.81414734  2.47982185  2.16971091
11    2.54228581  1.08987584  2.54227319  2.21755436  2.04875359  2.44492736  2.09172016  2.29687821  2.34964366  2.14176043  2.09077978  0.00000000  1.21874573  2.17772194  2.11235864  2.30926559  2.33002863  1.71664237
12    2.51126576  1.37746787  2.49193571  2.31583635  1.48464870  2.44443803  2.09701339  2.34359949  2.34070341  2.14623443  1.63794221  1.21874573  0.00000000  1.87397196  1.63111827  2.01636083  2.35460615  1.93554987
13    2.44435018  2.06007654  2.08196727  2.53000954  1.50420723  2.41362873  2.27495025  2.49706641  1.83875863  2.29459738  1.26866386  2.17772194  1.87397196  0.00000000  1.58139925  1.80918686  2.38587358  2.25707549
14    2.52729122  1.98060003  2.14870977  2.52449838  0.72852959  2.44836854  2.23047442  2.48364148  2.21006211  2.26134435  1.26347953  2.11235864  1.63111827  1.58139925  0.00000000  1.47819381  2.41067507  2.20875964
15    2.52533602  2.22525344  1.30093987  2.51891930  1.42783384  2.31468868  2.37145096  2.49813557  1.79937789  2.36340922  1.81414734  2.30926559  2.01636083  1.80918686  1.47819381  0.00000000  2.30991517  2.36001860
16    2.49898147  2.30993121  2.15954203  2.02974610  2.47803847  0.34992437  2.48201224  2.06436306  2.20009778  2.29213214  2.47982185  2.33002863  2.35460615  2.38587358  2.41067507  2.30991517  0.00000000  2.45407109
18    2.21775521  1.79564611  2.53423376  2.46969829  2.16523894  2.51352768  0.42659285  2.44910444  2.42983251  1.39166889  2.16971091  1.71664237  1.93554987  2.25707549  2.20875964  2.36001860  2.45407109  0.00000000

--------------------------------------------------------------------------------
n=17
(result of R-step: (1,5:16)0.08701312)
V=[0, 1, 2, 3, 4, 5, 6, 7, 8, 9, 10, 11, 12, 13, 14, 15, 18]
total successes of this branch: 3
Matrix on 17 elements:

0    0.00000000  2.48532310  2.50221863  2.48741441  2.55118220  2.42371972  2.14465316  2.49285401  2.51046653  2.19409285  2.41091463  2.54228581  2.51126576  2.44435018  2.52729122  2.52533602  2.21775521
1    2.48532310  0.00000000  2.48443030  2.48494085  1.86066144  2.41482536  1.91929830  2.39886686  2.24404096  1.99940481  1.91385382  1.05454995  1.34214198  2.02475065  1.94527413  2.18992755  1.76032021
2    2.50221863  2.48443030  0.00000000  2.49113453  2.50283448  2.05201477  2.53242284  2.49620409  1.24983703  2.47426473  2.50278203  2.54227319  2.49193571  2.08196727  2.14870977  1.30093987  2.53423376
3    2.48741441  2.48494085  2.49113453  0.00000000  2.54998380  1.90979984  2.52649490  1.56791638  2.50104768  2.44902847  2.54465577  2.21755436  2.31583635  2.53000954  2.52449838  2.51891930  2.46969829
4    2.55118220  1.86066144  2.50283448  2.54998380  0.00000000  2.46031473  2.19147782  2.50029505  2.41378702  2.23946823  1.04422562  2.04875359  1.48464870  1.50420723  0.72852959  1.42783384  2.16523894
5    2.42371972  2.41482536  2.05201477  1.90979984  2.46031473  0.00000000  2.45907878  1.95591937  2.11934627  2.24346734  2.45719852  2.37502592  2.37453658  2.34372729  2.37846710  2.24478724  2.44362623
6    2.14465316  1.91929830  2.53242284  2.52649490  2.19147782  2.45907878  0.00000000  2.48339412  2.44789543  1.22270723  2.18749052  2.09172016  2.09701339  2.27495025  2.23047442  2.37145096  0.42659285
7    2.49285401  2.39886686  2.49620409  1.56791638  2.50029505  1.95591937  2.48339412  0.00000000  2.49193499  2.41856788  2.49966141  2.29687821  2.34359949  2.49706641  2.48364148  2.49813557  2.44910444
8    2.51046653  2.24404096  1.24983703  2.50104768  2.41378702  2.11934627  2.44789543  2.49193499  0.00000000  2.41125178  2.42201966  2.34964366  2.34070341  1.83875863  2.21006211  1.79937789  2.42983251
9    2.19409285  1.99940481  2.47426473  2.44902847  2.23946823  2.24346734  1.22270723  2.41856788  2.41125178  0.00000000  2.23560434  2.14176043  2.14623443  2.29459738  2.26134435  2.36340922  1.39166889
10    2.41091463  1.91385382  2.50278203  2.54465577  1.04422562  2.45719852  2.18749052  2.49966141  2.42201966  2.23560434  0.00000000  2.09077978  1.63794221  1.26866386  1.26347953  1.81414734  2.16971091
11    2.54228581  1.05454995  2.54227319  2.21755436  2.04875359  2.37502592  2.09172016  2.29687821  2.34964366  2.14176043  2.09077978  0.00000000  1.21874573  2.17772194  2.11235864  2.30926559  1.71664237
12    2.51126576  1.34214198  2.49193571  2.31583635  1.48464870  2.37453658  2.09701339  2.34359949  2.34070341  2.14623443  1.63794221  1.21874573  0.00000000  1.87397196  1.63111827  2.01636083  1.93554987
13    2.44435018  2.02475065  2.08196727  2.53000954  1.50420723  2.34372729  2.27495025  2.49706641  1.83875863  2.29459738  1.26866386  2.17772194  1.87397196  0.00000000  1.58139925  1.80918686  2.25707549
14    2.52729122  1.94527413  2.14870977  2.52449838  0.72852959  2.37846710  2.23047442  2.48364148  2.21006211  2.26134435  1.26347953  2.11235864  1.63111827  1.58139925  0.00000000  1.47819381  2.20875964
15    2.52533602  2.18992755  1.30093987  2.51891930  1.42783384  2.24478724  2.37145096  2.49813557  1.79937789  2.36340922  1.81414734  2.30926559  2.01636083  1.80918686  1.47819381  0.00000000  2.36001860
18    2.21775521  1.76032021  2.53423376  2.46969829  2.16523894  2.44362623  0.42659285  2.44910444  2.42983251  1.39166889  2.16971091  1.71664237  1.93554987  2.25707549  2.20875964  2.36001860  0.00000000

--------------------------------------------------------------------------------
n=16
(result of R-step: (2,4:15)0.52786557)
V=[0, 1, 2, 3, 4, 5, 6, 7, 8, 9, 10, 11, 12, 13, 14, 18]
total successes of this branch: 3
Matrix on 16 elements:

0    0.00000000  2.48532310  2.38924901  2.48741441  2.43821258  2.42371972  2.14465316  2.49285401  2.51046653  2.19409285  2.41091463  2.54228581  2.51126576  2.44435018  2.52729122  2.21775521
1    2.48532310  0.00000000  2.37146068  2.48494085  1.74769182  2.41482536  1.91929830  2.39886686  2.24404096  1.99940481  1.91385382  1.05454995  1.34214198  2.02475065  1.94527413  1.76032021
2    2.38924901  2.37146068  0.00000000  2.37816491  2.27689524  1.93904515  2.41945322  2.38323447  1.13686741  2.36129511  2.38981242  2.42930357  2.37896609  1.96899766  2.03574015  2.42126414
3    2.48741441  2.48494085  2.37816491  0.00000000  2.43701418  1.90979984  2.52649490  1.56791638  2.50104768  2.44902847  2.54465577  2.21755436  2.31583635  2.53000954  2.52449838  2.46969829
4    2.43821258  1.74769182  2.27689524  2.43701418  0.00000000  2.34734511  2.07850820  2.38732543  2.30081740  2.12649862  0.93125601  1.93578397  1.37167908  1.39123761  0.61555997  2.05226933
5    2.42371972  2.41482536  1.93904515  1.90979984  2.34734511  0.00000000  2.45907878  1.95591937  2.11934627  2.24346734  2.45719852  2.37502592  2.37453658  2.34372729  2.37846710  2.44362623
6    2.14465316  1.91929830  2.41945322  2.52649490  2.07850820  2.45907878  0.00000000  2.48339412  2.44789543  1.22270723  2.18749052  2.09172016  2.09701339  2.27495025  2.23047442  0.42659285
7    2.49285401  2.39886686  2.38323447  1.56791638  2.38732543  1.95591937  2.48339412  0.00000000  2.49193499  2.41856788  2.49966141  2.29687821  2.34359949  2.49706641  2.48364148  2.44910444
8    2.51046653  2.24404096  1.13686741  2.50104768  2.30081740  2.11934627  2.44789543  2.49193499  0.00000000  2.41125178  2.42201966  2.34964366  2.34070341  1.83875863  2.21006211  2.42983251
9    2.19409285  1.99940481  2.36129511  2.44902847  2.12649862  2.24346734  1.22270723  2.41856788  2.41125178  0.00000000  2.23560434  2.14176043  2.14623443  2.29459738  2.26134435  1.39166889
10    2.41091463  1.91385382  2.38981242  2.54465577  0.93125601  2.45719852  2.18749052  2.49966141  2.42201966  2.23560434  0.00000000  2.09077978  1.63794221  1.26866386  1.26347953  2.16971091
11    2.54228581  1.05454995  2.42930357  2.21755436  1.93578397  2.37502592  2.09172016  2.29687821  2.34964366  2.14176043  2.09077978  0.00000000  1.21874573  2.17772194  2.11235864  1.71664237
12    2.51126576  1.34214198  2.37896609  2.31583635  1.37167908  2.37453658  2.09701339  2.34359949  2.34070341  2.14623443  1.63794221  1.21874573  0.00000000  1.87397196  1.63111827  1.93554987
13    2.44435018  2.02475065  1.96899766  2.53000954  1.39123761  2.34372729  2.27495025  2.49706641  1.83875863  2.29459738  1.26866386  2.17772194  1.87397196  0.00000000  1.58139925  2.25707549
14    2.52729122  1.94527413  2.03574015  2.52449838  0.61555997  2.37846710  2.23047442  2.48364148  2.21006211  2.26134435  1.26347953  2.11235864  1.63111827  1.58139925  0.00000000  2.20875964
18    2.21775521  1.76032021  2.42126414  2.46969829  2.05226933  2.44362623  0.42659285  2.44910444  2.42983251  1.39166889  2.16971091  1.71664237  1.93554987  2.25707549  2.20875964  0.00000000

--------------------------------------------------------------------------------
n=15
(result of R-step: (2,4:14)0.16128800)
V=[0, 1, 2, 3, 4, 5, 6, 7, 8, 9, 10, 11, 12, 13, 18]
total successes of this branch: 3
Matrix on 15 elements:

0    0.00000000  2.48532310  2.29902244  2.48741441  2.34798602  2.42371972  2.14465316  2.49285401  2.51046653  2.19409285  2.41091463  2.54228581  2.51126576  2.44435018  2.21775521
1    2.48532310  0.00000000  2.28123412  2.48494085  1.65746526  2.41482536  1.91929830  2.39886686  2.24404096  1.99940481  1.91385382  1.05454995  1.34214198  2.02475065  1.76032021
2    2.29902244  2.28123412  0.00000000  2.28793835  2.09644211  1.84881858  2.32922665  2.29300791  1.04664085  2.27106854  2.29958585  2.33907700  2.28873952  1.87877109  2.33103757
3    2.48741441  2.48494085  2.28793835  0.00000000  2.34678762  1.90979984  2.52649490  1.56791638  2.50104768  2.44902847  2.54465577  2.21755436  2.31583635  2.53000954  2.46969829
4    2.34798602  1.65746526  2.09644211  2.34678762  0.00000000  2.25711854  1.98828164  2.29709886  2.21059084  2.03627205  0.84102944  1.84555740  1.28145252  1.30101104  1.96204276
5    2.42371972  2.41482536  1.84881858  1.90979984  2.25711854  0.00000000  2.45907878  1.95591937  2.11934627  2.24346734  2.45719852  2.37502592  2.37453658  2.34372729  2.44362623
6    2.14465316  1.91929830  2.32922665  2.52649490  1.98828164  2.45907878  0.00000000  2.48339412  2.44789543  1.22270723  2.18749052  2.09172016  2.09701339  2.27495025  0.42659285
7    2.49285401  2.39886686  2.29300791  1.56791638  2.29709886  1.95591937  2.48339412  0.00000000  2.49193499  2.41856788  2.49966141  2.29687821  2.34359949  2.49706641  2.44910444
8    2.51046653  2.24404096  1.04664085  2.50104768  2.21059084  2.11934627  2.44789543  2.49193499  0.00000000  2.41125178  2.42201966  2.34964366  2.34070341  1.83875863  2.42983251
9    2.19409285  1.99940481  2.27106854  2.44902847  2.03627205  2.24346734  1.22270723  2.41856788  2.41125178  0.00000000  2.23560434  2.14176043  2.14623443  2.29459738  1.39166889
10    2.41091463  1.91385382  2.29958585  2.54465577  0.84102944  2.45719852  2.18749052  2.49966141  2.42201966  2.23560434  0.00000000  2.09077978  1.63794221  1.26866386  2.16971091
11    2.54228581  1.05454995  2.33907700  2.21755436  1.84555740  2.37502592  2.09172016  2.29687821  2.34964366  2.14176043  2.09077978  0.00000000  1.21874573  2.17772194  1.71664237
12    2.51126576  1.34214198  2.28873952  2.31583635  1.28145252  2.37453658  2.09701339  2.34359949  2.34070341  2.14623443  1.63794221  1.21874573  0.00000000  1.87397196  1.93554987
13    2.44435018  2.02475065  1.87877109  2.53000954  1.30101104  2.34372729  2.27495025  2.49706641  1.83875863  2.29459738  1.26866386  2.17772194  1.87397196  0.00000000  2.25707549
18    2.21775521  1.76032021  2.33103757  2.46969829  1.96204276  2.44362623  0.42659285  2.44910444  2.42983251  1.39166889  2.16971091  1.71664237  1.93554987  2.25707549  0.00000000

--------------------------------------------------------------------------------
n=14
(result of R-step: (6,11:18)0.81615682)
V=[0, 1, 2, 3, 4, 5, 6, 7, 8, 9, 10, 11, 12, 13]
total successes of this branch: 3
Matrix on 14 elements:

0    0.00000000  2.48532310  2.29902244  2.48741441  2.34798602  2.42371972  2.11889563  2.49285401  2.51046653  2.19409285  2.41091463  2.51652828  2.51126576  2.44435018
1    2.48532310  0.00000000  2.28123412  2.48494085  1.65746526  2.41482536  1.89354077  2.39886686  2.24404096  1.99940481  1.91385382  1.02879242  1.34214198  2.02475065
2    2.29902244  2.28123412  0.00000000  2.28793835  2.09644211  1.84881858  2.30346913  2.29300791  1.04664085  2.27106854  2.29958585  2.31331948  2.28873952  1.87877109
3    2.48741441  2.48494085  2.28793835  0.00000000  2.34678762  1.90979984  2.50073737  1.56791638  2.50104768  2.44902847  2.54465577  2.19179683  2.31583635  2.53000954
4    2.34798602  1.65746526  2.09644211  2.34678762  0.00000000  2.25711854  1.96252411  2.29709886  2.21059084  2.03627205  0.84102944  1.81979988  1.28145252  1.30101104
5    2.42371972  2.41482536  1.84881858  1.90979984  2.25711854  0.00000000  2.43332125  1.95591937  2.11934627  2.24346734  2.45719852  2.34926839  2.37453658  2.34372729
6    2.11889563  1.89354077  2.30346913  2.50073737  1.96252411  2.43332125  0.00000000  2.45763659  2.42213791  1.19694970  2.16173299  2.04020511  2.07125587  2.24919272
7    2.49285401  2.39886686  2.29300791  1.56791638  2.29709886  1.95591937  2.45763659  0.00000000  2.49193499  2.41856788  2.49966141  2.27112068  2.34359949  2.49706641
8    2.51046653  2.24404096  1.04664085  2.50104768  2.21059084  2.11934627  2.42213791  2.49193499  0.00000000  2.41125178  2.42201966  2.32388613  2.34070341  1.83875863
9    2.19409285  1.99940481  2.27106854  2.44902847  2.03627205  2.24346734  1.19694970  2.41856788  2.41125178  0.00000000  2.23560434  2.11600291  2.14623443  2.29459738
10    2.41091463  1.91385382  2.29958585  2.54465577  0.84102944  2.45719852  2.16173299  2.49966141  2.42201966  2.23560434  0.00000000  2.06502226  1.63794221  1.26866386
11    2.51652828  1.02879242  2.31331948  2.19179683  1.81979988  2.34926839  2.04020511  2.27112068  2.32388613  2.11600291  2.06502226  0.00000000  1.19298821  2.15196441
12    2.51126576  1.34214198  2.28873952  2.31583635  1.28145252  2.37453658  2.07125587  2.34359949  2.34070341  2.14623443  1.63794221  1.19298821  0.00000000  1.87397196
13    2.44435018  2.02475065  1.87877109  2.53000954  1.30101104  2.34372729  2.24919272  2.49706641  1.83875863  2.29459738  1.26866386  2.15196441  1.87397196  0.00000000

--------------------------------------------------------------------------------
n=13
(result of R-step: (4,11:12)0.39965635)
V=[0, 1, 2, 3, 4, 5, 6, 7, 8, 9, 10, 11, 13]
total successes of this branch: 3
Matrix on 13 elements:

0    0.00000000  2.48532310  2.29902244  2.48741441  2.18928623  2.42371972  2.11889563  2.49285401  2.51046653  2.19409285  2.41091463  2.18038983  2.44435018
1    2.48532310  0.00000000  2.28123412  2.48494085  1.49876547  2.41482536  1.89354077  2.39886686  2.24404096  1.99940481  1.91385382  0.69265397  2.02475065
2    2.29902244  2.28123412  0.00000000  2.28793835  1.93774232  1.84881858  2.30346913  2.29300791  1.04664085  2.27106854  2.29958585  1.97718103  1.87877109
3    2.48741441  2.48494085  2.28793835  0.00000000  2.18808783  1.90979984  2.50073737  1.56791638  2.50104768  2.44902847  2.54465577  1.85565839  2.53000954
4    2.18928623  1.49876547  1.93774232  2.18808783  0.00000000  2.09841875  1.80382432  2.13839908  2.05189105  1.87757226  0.68232965  1.32496164  1.14231125
5    2.42371972  2.41482536  1.84881858  1.90979984  2.09841875  0.00000000  2.43332125  1.95591937  2.11934627  2.24346734  2.45719852  2.01312995  2.34372729
6    2.11889563  1.89354077  2.30346913  2.50073737  1.80382432  2.43332125  0.00000000  2.45763659  2.42213791  1.19694970  2.16173299  1.70406666  2.24919272
7    2.49285401  2.39886686  2.29300791  1.56791638  2.13839908  1.95591937  2.45763659  0.00000000  2.49193499  2.41856788  2.49966141  1.93498224  2.49706641
8    2.51046653  2.24404096  1.04664085  2.50104768  2.05189105  2.11934627  2.42213791  2.49193499  0.00000000  2.41125178  2.42201966  1.98774769  1.83875863
9    2.19409285  1.99940481  2.27106854  2.44902847  1.87757226  2.24346734  1.19694970  2.41856788  2.41125178  0.00000000  2.23560434  1.77986446  2.29459738
10    2.41091463  1.91385382  2.29958585  2.54465577  0.68232965  2.45719852  2.16173299  2.49966141  2.42201966  2.23560434  0.00000000  1.72888381  1.26866386
11    2.18038983  0.69265397  1.97718103  1.85565839  1.32496164  2.01312995  1.70406666  1.93498224  1.98774769  1.77986446  1.72888381  0.00000000  1.81582597
13    2.44435018  2.02475065  1.87877109  2.53000954  1.14231125  2.34372729  2.24919272  2.49706641  1.83875863  2.29459738  1.26866386  1.81582597  0.00000000

--------------------------------------------------------------------------------
n=12
(result of R-step: (1,3:11)0.80919162)
V=[0, 1, 2, 3, 4, 5, 6, 7, 8, 9, 10, 13]
total successes of this branch: 3
Matrix on 12 elements:

0    0.00000000  2.16164282  2.29902244  2.09383268  2.18928623  2.42371972  2.11889563  2.49285401  2.51046653  2.19409285  2.41091463  2.44435018
1    2.16164282  0.00000000  1.95755383  1.76767884  1.17508519  2.09114507  1.56986049  2.07518658  1.92036068  1.67572453  1.59017354  1.70107036
2    2.29902244  1.95755383  0.00000000  1.89435662  1.93774232  1.84881858  2.30346913  2.29300791  1.04664085  2.27106854  2.29958585  1.87877109
3    2.09383268  1.76767884  1.89435662  0.00000000  1.79450610  1.51621811  2.10715564  1.17433465  2.10746596  2.05544674  2.15107405  2.13642781
4    2.18928623  1.17508519  1.93774232  1.79450610  0.00000000  2.09841875  1.80382432  2.13839908  2.05189105  1.87757226  0.68232965  1.14231125
5    2.42371972  2.09114507  1.84881858  1.51621811  2.09841875  0.00000000  2.43332125  1.95591937  2.11934627  2.24346734  2.45719852  2.34372729
6    2.11889563  1.56986049  2.30346913  2.10715564  1.80382432  2.43332125  0.00000000  2.45763659  2.42213791  1.19694970  2.16173299  2.24919272
7    2.49285401  2.07518658  2.29300791  1.17433465  2.13839908  1.95591937  2.45763659  0.00000000  2.49193499  2.41856788  2.49966141  2.49706641
8    2.51046653  1.92036068  1.04664085  2.10746596  2.05189105  2.11934627  2.42213791  2.49193499  0.00000000  2.41125178  2.42201966  1.83875863
9    2.19409285  1.67572453  2.27106854  2.05544674  1.87757226  2.24346734  1.19694970  2.41856788  2.41125178  0.00000000  2.23560434  2.29459738
10    2.41091463  1.59017354  2.29958585  2.15107405  0.68232965  2.45719852  2.16173299  2.49966141  2.42201966  2.23560434  0.00000000  1.26866386
13    2.44435018  1.70107036  1.87877109  2.13642781  1.14231125  2.34372729  2.24919272  2.49706641  1.83875863  2.29459738  1.26866386  0.00000000

--------------------------------------------------------------------------------
n=11
(result of R-step: (5,6:9)0.14167399)
V=[0, 1, 2, 3, 4, 5, 6, 7, 8, 10, 13]
total successes of this branch: 3
Matrix on 11 elements:

0    0.00000000  2.16164282  2.29902244  2.09383268  2.18928623  1.99007327  1.64110526  2.49285401  2.51046653  2.41091463  2.44435018
1    2.16164282  0.00000000  1.95755383  1.76767884  1.17508519  1.65749862  1.09207012  2.07518658  1.92036068  1.59017354  1.70107036
2    2.29902244  1.95755383  0.00000000  1.89435662  1.93774232  1.41517213  1.82567876  2.29300791  1.04664085  2.29958585  1.87877109
3    2.09383268  1.76767884  1.89435662  0.00000000  1.79450610  1.08257166  1.62936527  1.17433465  2.10746596  2.15107405  2.13642781
4    2.18928623  1.17508519  1.93774232  1.79450610  0.00000000  1.66477230  1.32603395  2.13839908  2.05189105  0.68232965  1.14231125
5    1.99007327  1.65749862  1.41517213  1.08257166  1.66477230  0.00000000  1.52188442  1.52227292  1.68569981  2.02355206  1.91008083
6    1.64110526  1.09207012  1.82567876  1.62936527  1.32603395  1.52188442  0.00000000  1.97984622  1.94434753  1.68394262  1.77140235
7    2.49285401  2.07518658  2.29300791  1.17433465  2.13839908  1.52227292  1.97984622  0.00000000  2.49193499  2.49966141  2.49706641
8    2.51046653  1.92036068  1.04664085  2.10746596  2.05189105  1.68569981  1.94434753  2.49193499  0.00000000  2.42201966  1.83875863
10    2.41091463  1.59017354  2.29958585  2.15107405  0.68232965  2.02355206  1.68394262  2.49966141  2.42201966  0.00000000  1.26866386
13    2.44435018  1.70107036  1.87877109  2.13642781  1.14231125  1.91008083  1.77140235  2.49706641  1.83875863  1.26866386  0.00000000

--------------------------------------------------------------------------------
n=10
(result of R-step: (8,10:13)0.33586052)
V=[0, 1, 2, 3, 4, 5, 6, 7, 8, 10]
total successes of this branch: 3
Matrix on 10 elements:

0    0.00000000  2.16164282  2.29902244  2.09383268  2.18928623  1.99007327  1.64110526  2.49285401  2.16776512  2.06821321
1    2.16164282  0.00000000  1.95755383  1.76767884  1.17508519  1.65749862  1.09207012  2.07518658  1.57765926  1.24747213
2    2.29902244  1.95755383  0.00000000  1.89435662  1.93774232  1.41517213  1.82567876  2.29300791  0.70393943  1.95688444
3    2.09383268  1.76767884  1.89435662  0.00000000  1.79450610  1.08257166  1.62936527  1.17433465  1.76476454  1.80837263
4    2.18928623  1.17508519  1.93774232  1.79450610  0.00000000  1.66477230  1.32603395  2.13839908  1.70918964  0.33962824
5    1.99007327  1.65749862  1.41517213  1.08257166  1.66477230  0.00000000  1.52188442  1.52227292  1.34299840  1.68085065
6    1.64110526  1.09207012  1.82567876  1.62936527  1.32603395  1.52188442  0.00000000  1.97984622  1.60164612  1.34124121
7    2.49285401  2.07518658  2.29300791  1.17433465  2.13839908  1.52227292  1.97984622  0.00000000  2.14923357  2.15696000
8    2.16776512  1.57765926  0.70393943  1.76476454  1.70918964  1.34299840  1.60164612  2.14923357  0.00000000  1.73661683
10    2.06821321  1.24747213  1.95688444  1.80837263  0.33962824  1.68085065  1.34124121  2.15696000  1.73661683  0.00000000

--------------------------------------------------------------------------------
n=9
(result of R-step: (0,4:10)0.08515391)
V=[0, 1, 2, 3, 4, 5, 6, 7, 8]
total successes of this branch: 3
Matrix on 9 elements:

0    0.00000000  1.70966379  1.84704342  1.64185366  1.64722415  1.53809424  1.18912624  2.04087499  1.71578609
1    1.70966379  0.00000000  1.95755383  1.76767884  1.08500213  1.65749862  1.09207012  2.07518658  1.57765926
2    1.84704342  1.95755383  0.00000000  1.89435662  1.84765927  1.41517213  1.82567876  2.29300791  0.70393943
3    1.64185366  1.76767884  1.89435662  0.00000000  1.70442305  1.08257166  1.62936527  1.17433465  1.76476454
4    1.64722415  1.08500213  1.84765927  1.70442305  0.00000000  1.57468925  1.23595090  2.04831602  1.61910658
5    1.53809424  1.65749862  1.41517213  1.08257166  1.57468925  0.00000000  1.52188442  1.52227292  1.34299840
6    1.18912624  1.09207012  1.82567876  1.62936527  1.23595090  1.52188442  0.00000000  1.97984622  1.60164612
7    2.04087499  2.07518658  2.29300791  1.17433465  2.04831602  1.52227292  1.97984622  0.00000000  2.14923357
8    1.71578609  1.57765926  0.70393943  1.76476454  1.61910658  1.34299840  1.60164612  2.14923357  0.00000000

--------------------------------------------------------------------------------
n=8
(result of R-step: (1,2:8)0.15560348)
V=[0, 1, 2, 3, 4, 5, 6, 7]
total successes of this branch: 3
Matrix on 8 elements:

0    0.00000000  1.59852168  1.54551576  1.64185366  1.64722415  1.53809424  1.18912624  2.04087499
1    1.59852168  0.00000000  1.54488405  1.65653672  0.97386002  1.54635650  0.98092800  1.96404446
2    1.54551576  1.54488405  0.00000000  1.59282896  1.54613160  1.11364447  1.52415109  1.99148025
3    1.64185366  1.65653672  1.59282896  0.00000000  1.70442305  1.08257166  1.62936527  1.17433465
4    1.64722415  0.97386002  1.54613160  1.70442305  0.00000000  1.57468925  1.23595090  2.04831602
5    1.53809424  1.54635650  1.11364447  1.08257166  1.57468925  0.00000000  1.52188442  1.52227292
6    1.18912624  0.98092800  1.52415109  1.62936527  1.23595090  1.52188442  0.00000000  1.97984622
7    2.04087499  1.96404446  1.99148025  1.17433465  2.04831602  1.52227292  1.97984622  0.00000000

--------------------------------------------------------------------------------
n=7
(result of R-step: (1,3:7)0.08021807)
V=[0, 1, 2, 3, 4, 5, 6]
total successes of this branch: 3
Matrix on 7 elements:

0    0.00000000  1.36232433  1.54551576  1.29451419  1.64722415  1.53809424  1.18912624
1    1.36232433  0.00000000  1.30868670  1.07299990  0.73766267  1.31015915  0.74473065
2    1.54551576  1.30868670  0.00000000  1.24548949  1.54613160  1.11364447  1.52415109
3    1.29451419  1.07299990  1.24548949  0.00000000  1.35708358  0.73523219  1.28202580
4    1.64722415  0.73766267  1.54613160  1.35708358  0.00000000  1.57468925  1.23595090
5    1.53809424  1.31015915  1.11364447  0.73523219  1.57468925  0.00000000  1.52188442
6    1.18912624  0.74473065  1.52415109  1.28202580  1.23595090  1.52188442  0.00000000

--------------------------------------------------------------------------------
n=6
(result of R-step: (0,1:6)0.42041060)
V=[0, 1, 2, 3, 4, 5]
total successes of this branch: 3
Matrix on 6 elements:

0    0.00000000  0.97659619  1.20818060  0.95717904  1.30988900  1.20075909
1    0.97659619  0.00000000  1.26029372  1.02460692  0.68926968  1.26176617
2    1.20818060  1.26029372  0.00000000  1.24548949  1.54613160  1.11364447
3    0.95717904  1.02460692  1.24548949  0.00000000  1.35708358  0.73523219
4    1.30988900  0.68926968  1.54613160  1.35708358  0.00000000  1.57468925
5    1.20075909  1.26176617  1.11364447  0.73523219  1.57468925  0.00000000

--------------------------------------------------------------------------------
n=5
(result of R-step: (0,4:1)0.75280244)
V=[0, 2, 3, 4, 5]
total successes of this branch: 0
reason of abort: negative delta/dxy

--------------------------------------------------------------------------------
n=5
(result of R-step: (2,3:5)0.41925585)
V=[0, 1, 2, 3, 4]
total successes of this branch: 3
Matrix on 5 elements:

0    0.00000000  0.97659619  0.90766297  0.89285875  1.30988900
1    0.97659619  0.00000000  0.95977609  0.96028663  0.68926968
2    0.90766297  0.95977609  0.00000000  0.88065157  1.24561397
3    0.89285875  0.96028663  0.88065157  0.00000000  1.29276329
4    1.30988900  0.68926968  1.24561397  1.29276329  0.00000000

--------------------------------------------------------------------------------
n=4
(result of R-step: (0,1:2)0.92432518)
V=[0, 1, 3, 4]
total successes of this branch: 0
Matrix on 4 elements:

0    0.00000000  0.02468959  0.43248560  0.84951584
1    0.02468959  0.00000000  0.46875319  0.19773624
3    0.43248560  0.46875319  0.00000000  1.29276329
4    0.84951584  0.19773624  1.29276329  0.00000000
reason of abort: no pseudometric

--------------------------------------------------------------------------------
n=4
(result of R-step: (0,2:3)0.98280166)
V=[0, 1, 2, 4]
total successes of this branch: 1
Matrix on 4 elements:

0    0.00000000  0.52214604  0.31892148  0.85543884
1    0.52214604  0.00000000  0.82548476  0.68926968
2    0.31892148  0.82548476  0.00000000  1.11132264
4    0.85543884  0.68926968  1.11132264  0.00000000

--------------------------------------------------------------------------------
n=4
(result of R-step: (0,4:1)0.75280244)
V=[0, 2, 3, 4]
total successes of this branch: 0
reason of abort: negative delta/dxy

--------------------------------------------------------------------------------
n=4
(result of R-step: (0,4:2)0.99328767)
V=[0, 1, 3, 4]
total successes of this branch: 0
reason of abort: negative delta/dxy

