n=20
V=[0, 1, 2, 3, 4, 5, 6, 7, 8, 9, 10, 11, 12, 13, 14, 15, 16, 17, 18, 19]
total successes of this branch: 1
Matrix on 20 elements:

0    0.00000000  1.16970251  1.08639549  1.08365863  1.13383361  1.16488477  1.07068815  1.07325989  1.10897193  0.87580662  1.10008900  0.85077473  1.08560857  0.93435555  1.08461598  1.02029042  0.87341970  1.10695142  1.13778389  0.15472288
1    1.16970251  0.00000000  1.15456904  1.15477685  0.99294263  0.88718569  1.15563031  1.15546109  1.07765963  1.16260307  1.10472157  1.16141024  1.15462221  0.75411868  0.93401711  0.98045820  1.16248933  1.08177470  0.97948842  1.14296047
2    1.08639549  1.15456904  0.00000000  0.88983229  1.04420889  1.13815683  0.90107182  0.89884329  0.91459245  0.90030429  0.90590363  0.80079795  0.55890777  1.12992059  1.06535671  0.54344060  0.89081587  0.91387887  1.05616079  1.00967077
3    1.08365863  1.15477685  0.88983229  0.00000000  1.03908544  1.13945482  0.86979404  0.86159443  0.96163302  0.99273050  0.84186304  0.97745299  0.88882839  1.12906374  1.06128597  0.99384715  0.99127372  0.95678602  1.05185426  1.07096741
4    1.13383361  0.99294263  1.04420889  1.03908544  0.00000000  0.99590742  1.04450316  1.04342895  1.03031559  1.09178872  1.03339310  1.08472444  1.04422363  1.04388240  0.61435070  1.04406694  1.09111510  1.03106437  0.13927118  1.12114872
5    1.16488477  0.88718569  1.13815683  1.13945482  0.99590742  0.00000000  1.14090891  1.14062060  1.04788620  1.15234611  1.08001942  1.15023940  1.13829470  0.98758905  0.99385501  1.07269183  1.15214523  1.05279567  0.87104253  1.15185702
6    1.07068815  1.15563031  0.90107182  0.86979404  1.04450316  1.14090891  0.00000000  0.83663918  0.97005789  0.99111746  0.93487335  0.97774819  0.88302555  1.12491909  1.06434435  0.99839783  0.98984263  0.92200268  1.05676773  1.06047283
7    1.07325989  1.15546109  0.89884329  0.86159443  1.04342895  1.14062060  0.83663918  0.00000000  0.96838744  0.99143729  0.93091169  0.97768966  0.89572691  1.12574087  1.06373794  0.99749554  0.99012638  0.96143414  1.05579351  1.06255366
8    1.10897193  1.07765963  0.91459245  0.96163302  1.03031559  1.04788620  0.97005789  0.96838744  0.00000000  1.01778431  0.74009974  1.00246320  0.91737123  1.08898074  1.04479016  0.99041431  1.01632337  0.10758224  1.03255089  1.09221860
9    0.87580662  1.16260307  0.90030429  0.99273050  1.09178872  1.15234611  0.99111746  0.99143729  1.01778431  0.00000000  1.00899244  0.88922993  0.90485396  1.05891052  1.08367661  0.96926431  0.14991738  1.01637691  1.09949273  0.88901308
10    1.10008900  1.10472157  0.90590363  0.84186304  1.03339310  1.08001942  0.93487335  0.93091169  0.74009974  1.00899244  0.00000000  0.99368663  0.90735499  1.10304665  1.05057886  0.99161896  1.00753296  0.75037933  1.03932482  1.08476115
11    0.85077473  1.16141024  0.80079795  0.97745299  1.08472444  1.15023940  0.97774819  0.97768966  1.00246320  0.88922993  0.99368663  0.00000000  0.80966302  1.04909857  1.07593440  0.90875597  0.81130203  1.00115881  1.09305914  0.85896803
12    1.08560857  1.15462221  0.55890777  0.88882839  1.04422363  1.13829470  0.88302555  0.89572691  0.91737123  0.90485396  0.90735499  0.80966302  0.00000000  1.12967001  1.06530599  0.80706810  0.89577704  0.91555856  1.05619119  1.04624813
13    0.93435555  0.75411868  1.12992059  1.12906374  1.04388240  0.98758905  1.12491909  1.12574087  1.08898074  1.05891052  1.10304665  1.04909857  1.12967001  0.00000000  0.90318980  0.67877302  1.05797490  1.09087746  1.03672086  0.89823929
14    1.08461598  0.93401711  1.06535671  1.06128597  0.61435070  0.99385501  1.06434435  1.06373794  1.04479016  1.08367661  1.05057886  1.07593440  1.06530599  0.90318980  0.00000000  0.99484855  1.08293835  1.04582217  0.66263058  1.07193099
15    1.02029042  0.98045820  0.54344060  0.99384715  1.04406694  1.07269183  0.99839783  0.99749554  0.99041431  0.96926431  0.99161896  0.90875597  0.80706810  0.67877302  0.99484855  0.00000000  0.96349454  0.99083566  1.04770855  0.87784911
16    0.87341970  1.16248933  0.89081587  0.99127372  1.09111510  1.15214523  0.98984263  0.99012638  1.01632337  0.14991738  1.00753296  0.81130203  0.89577704  1.05797490  1.08293835  0.96349454  0.00000000  1.01492579  1.09887925  0.88614814
17    1.10695142  1.08177470  0.91387887  0.95678602  1.03106437  1.05279567  0.92200268  0.96143414  0.10758224  1.01637691  0.75037933  1.00115881  0.91555856  1.09087746  1.04582217  0.99083566  1.01492579  0.00000000  1.03382899  1.09054315
18    1.13778389  0.97948842  1.05616079  1.05185426  0.13927118  0.87104253  1.05676773  1.05579351  1.03255089  1.09949273  1.03932482  1.09305914  1.05619119  1.03672086  0.66263058  1.04770855  1.09887925  1.03382899  0.00000000  1.12505538
19    0.15472288  1.14296047  1.00967077  1.07096741  1.12114872  1.15185702  1.06047283  1.06255366  1.09221860  0.88901308  1.08476115  0.85896803  1.04624813  0.89823929  1.07193099  0.87784911  0.88614814  1.09054315  1.12505538  0.00000000

--------------------------------------------------------------------------------
n=19
(result of R-step: (0,15:19)0.85869042)
V=[0, 1, 2, 3, 4, 5, 6, 7, 8, 9, 10, 11, 12, 13, 14, 15, 16, 17, 18]
total successes of this branch: 1
Matrix on 19 elements:

0    0.00000000  1.16356172  1.08025471  1.07751785  1.12769282  1.15874398  1.06454736  1.06711910  1.10283114  0.86966583  1.09394821  0.84463394  1.07946778  0.92821476  1.07847520  1.00800884  0.86727892  1.10081064  1.13164310
1    1.16356172  0.00000000  1.15456904  1.15477685  0.99294263  0.88718569  1.15563031  1.15546109  1.07765963  1.16260307  1.10472157  1.16141024  1.15462221  0.75411868  0.93401711  0.97431741  1.16248933  1.08177470  0.97948842
2    1.08025471  1.15456904  0.00000000  0.88983229  1.04420889  1.13815683  0.90107182  0.89884329  0.91459245  0.90030429  0.90590363  0.80079795  0.55890777  1.12992059  1.06535671  0.53729981  0.89081587  0.91387887  1.05616079
3    1.07751785  1.15477685  0.88983229  0.00000000  1.03908544  1.13945482  0.86979404  0.86159443  0.96163302  0.99273050  0.84186304  0.97745299  0.88882839  1.12906374  1.06128597  0.98770636  0.99127372  0.95678602  1.05185426
4    1.12769282  0.99294263  1.04420889  1.03908544  0.00000000  0.99590742  1.04450316  1.04342895  1.03031559  1.09178872  1.03339310  1.08472444  1.04422363  1.04388240  0.61435070  1.03792615  1.09111510  1.03106437  0.13927118
5    1.15874398  0.88718569  1.13815683  1.13945482  0.99590742  0.00000000  1.14090891  1.14062060  1.04788620  1.15234611  1.08001942  1.15023940  1.13829470  0.98758905  0.99385501  1.06655104  1.15214523  1.05279567  0.87104253
6    1.06454736  1.15563031  0.90107182  0.86979404  1.04450316  1.14090891  0.00000000  0.83663918  0.97005789  0.99111746  0.93487335  0.97774819  0.88302555  1.12491909  1.06434435  0.99225704  0.98984263  0.92200268  1.05676773
7    1.06711910  1.15546109  0.89884329  0.86159443  1.04342895  1.14062060  0.83663918  0.00000000  0.96838744  0.99143729  0.93091169  0.97768966  0.89572691  1.12574087  1.06373794  0.99135475  0.99012638  0.96143414  1.05579351
8    1.10283114  1.07765963  0.91459245  0.96163302  1.03031559  1.04788620  0.97005789  0.96838744  0.00000000  1.01778431  0.74009974  1.00246320  0.91737123  1.08898074  1.04479016  0.98427352  1.01632337  0.10758224  1.03255089
9    0.86966583  1.16260307  0.90030429  0.99273050  1.09178872  1.15234611  0.99111746  0.99143729  1.01778431  0.00000000  1.00899244  0.88922993  0.90485396  1.05891052  1.08367661  0.96312352  0.14991738  1.01637691  1.09949273
10    1.09394821  1.10472157  0.90590363  0.84186304  1.03339310  1.08001942  0.93487335  0.93091169  0.74009974  1.00899244  0.00000000  0.99368663  0.90735499  1.10304665  1.05057886  0.98547817  1.00753296  0.75037933  1.03932482
11    0.84463394  1.16141024  0.80079795  0.97745299  1.08472444  1.15023940  0.97774819  0.97768966  1.00246320  0.88922993  0.99368663  0.00000000  0.80966302  1.04909857  1.07593440  0.90261519  0.81130203  1.00115881  1.09305914
12    1.07946778  1.15462221  0.55890777  0.88882839  1.04422363  1.13829470  0.88302555  0.89572691  0.91737123  0.90485396  0.90735499  0.80966302  0.00000000  1.12967001  1.06530599  0.80092731  0.89577704  0.91555856  1.05619119
13    0.92821476  0.75411868  1.12992059  1.12906374  1.04388240  0.98758905  1.12491909  1.12574087  1.08898074  1.05891052  1.10304665  1.04909857  1.12967001  0.00000000  0.90318980  0.67263223  1.05797490  1.09087746  1.03672086
14    1.07847520  0.93401711  1.06535671  1.06128597  0.61435070  0.99385501  1.06434435  1.06373794  1.04479016  1.08367661  1.05057886  1.07593440  1.06530599  0.90318980  0.00000000  0.98870776  1.08293835  1.04582217  0.66263058
15    1.00800884  0.97431741  0.53729981  0.98770636  1.03792615  1.06655104  0.99225704  0.99135475  0.98427352  0.96312352  0.98547817  0.90261519  0.80092731  0.67263223  0.98870776  0.00000000  0.95735375  0.98469487  1.04156776
16    0.86727892  1.16248933  0.89081587  0.99127372  1.09111510  1.15214523  0.98984263  0.99012638  1.01632337  0.14991738  1.00753296  0.81130203  0.89577704  1.05797490  1.08293835  0.95735375  0.00000000  1.01492579  1.09887925
17    1.10081064  1.08177470  0.91387887  0.95678602  1.03106437  1.05279567  0.92200268  0.96143414  0.10758224  1.01637691  0.75037933  1.00115881  0.91555856  1.09087746  1.04582217  0.98469487  1.01492579  0.00000000  1.03382899
18    1.13164310  0.97948842  1.05616079  1.05185426  0.13927118  0.87104253  1.05676773  1.05579351  1.03255089  1.09949273  1.03932482  1.09305914  1.05619119  1.03672086  0.66263058  1.04156776  1.09887925  1.03382899  0.00000000

--------------------------------------------------------------------------------
n=18
(result of R-step: (2,13:15)0.56521243)
V=[0, 1, 2, 3, 4, 5, 6, 7, 8, 9, 10, 11, 12, 13, 14, 16, 17, 18]
total successes of this branch: 1
Matrix on 18 elements:

0    0.00000000  1.16356172  1.03410819  1.07751785  1.12769282  1.15874398  1.06454736  1.06711910  1.10283114  0.86966583  1.09394821  0.84463394  1.07946778  0.88206825  1.07847520  0.86727892  1.10081064  1.13164310
1    1.16356172  0.00000000  1.10842252  1.15477685  0.99294263  0.88718569  1.15563031  1.15546109  1.07765963  1.16260307  1.10472157  1.16141024  1.15462221  0.70797216  0.93401711  1.16248933  1.08177470  0.97948842
2    1.03410819  1.10842252  0.00000000  0.84368577  0.99806237  1.09201031  0.85492530  0.85269677  0.86844594  0.85415777  0.85975711  0.75465143  0.51276125  1.03762755  1.01921019  0.84466935  0.86773235  1.01001427
3    1.07751785  1.15477685  0.84368577  0.00000000  1.03908544  1.13945482  0.86979404  0.86159443  0.96163302  0.99273050  0.84186304  0.97745299  0.88882839  1.08291723  1.06128597  0.99127372  0.95678602  1.05185426
4    1.12769282  0.99294263  0.99806237  1.03908544  0.00000000  0.99590742  1.04450316  1.04342895  1.03031559  1.09178872  1.03339310  1.08472444  1.04422363  0.99773588  0.61435070  1.09111510  1.03106437  0.13927118
5    1.15874398  0.88718569  1.09201031  1.13945482  0.99590742  0.00000000  1.14090891  1.14062060  1.04788620  1.15234611  1.08001942  1.15023940  1.13829470  0.94144253  0.99385501  1.15214523  1.05279567  0.87104253
6    1.06454736  1.15563031  0.85492530  0.86979404  1.04450316  1.14090891  0.00000000  0.83663918  0.97005789  0.99111746  0.93487335  0.97774819  0.88302555  1.07877257  1.06434435  0.98984263  0.92200268  1.05676773
7    1.06711910  1.15546109  0.85269677  0.86159443  1.04342895  1.14062060  0.83663918  0.00000000  0.96838744  0.99143729  0.93091169  0.97768966  0.89572691  1.07959436  1.06373794  0.99012638  0.96143414  1.05579351
8    1.10283114  1.07765963  0.86844594  0.96163302  1.03031559  1.04788620  0.97005789  0.96838744  0.00000000  1.01778431  0.74009974  1.00246320  0.91737123  1.04283422  1.04479016  1.01632337  0.10758224  1.03255089
9    0.86966583  1.16260307  0.85415777  0.99273050  1.09178872  1.15234611  0.99111746  0.99143729  1.01778431  0.00000000  1.00899244  0.88922993  0.90485396  1.01276400  1.08367661  0.14991738  1.01637691  1.09949273
10    1.09394821  1.10472157  0.85975711  0.84186304  1.03339310  1.08001942  0.93487335  0.93091169  0.74009974  1.00899244  0.00000000  0.99368663  0.90735499  1.05690013  1.05057886  1.00753296  0.75037933  1.03932482
11    0.84463394  1.16141024  0.75465143  0.97745299  1.08472444  1.15023940  0.97774819  0.97768966  1.00246320  0.88922993  0.99368663  0.00000000  0.80966302  1.00295205  1.07593440  0.81130203  1.00115881  1.09305914
12    1.07946778  1.15462221  0.51276125  0.88882839  1.04422363  1.13829470  0.88302555  0.89572691  0.91737123  0.90485396  0.90735499  0.80966302  0.00000000  1.08352350  1.06530599  0.89577704  0.91555856  1.05619119
13    0.88206825  0.70797216  1.03762755  1.08291723  0.99773588  0.94144253  1.07877257  1.07959436  1.04283422  1.01276400  1.05690013  1.00295205  1.08352350  0.00000000  0.85704328  1.01182838  1.04473094  0.99057434
14    1.07847520  0.93401711  1.01921019  1.06128597  0.61435070  0.99385501  1.06434435  1.06373794  1.04479016  1.08367661  1.05057886  1.07593440  1.06530599  0.85704328  0.00000000  1.08293835  1.04582217  0.66263058
16    0.86727892  1.16248933  0.84466935  0.99127372  1.09111510  1.15214523  0.98984263  0.99012638  1.01632337  0.14991738  1.00753296  0.81130203  0.89577704  1.01182838  1.08293835  0.00000000  1.01492579  1.09887925
17    1.10081064  1.08177470  0.86773235  0.95678602  1.03106437  1.05279567  0.92200268  0.96143414  0.10758224  1.01637691  0.75037933  1.00115881  0.91555856  1.04473094  1.04582217  1.01492579  0.00000000  1.03382899
18    1.13164310  0.97948842  1.01001427  1.05185426  0.13927118  0.87104253  1.05676773  1.05579351  1.03255089  1.09949273  1.03932482  1.09305914  1.05619119  0.99057434  0.66263058  1.09887925  1.03382899  0.00000000

--------------------------------------------------------------------------------
n=17
(result of R-step: (4,5:18)0.87278172)
V=[0, 1, 2, 3, 4, 5, 6, 7, 8, 9, 10, 11, 12, 13, 14, 16, 17]
total successes of this branch: 1
Matrix on 17 elements:

0    0.00000000  1.16356172  1.03410819  1.07751785  1.12048968  1.15154084  1.06454736  1.06711910  1.10283114  0.86966583  1.09394821  0.84463394  1.07946778  0.88206825  1.07847520  0.86727892  1.10081064
1    1.16356172  0.00000000  1.10842252  1.15477685  0.98573949  0.87998255  1.15563031  1.15546109  1.07765963  1.16260307  1.10472157  1.16141024  1.15462221  0.70797216  0.93401711  1.16248933  1.08177470
2    1.03410819  1.10842252  0.00000000  0.84368577  0.99085923  1.08480717  0.85492530  0.85269677  0.86844594  0.85415777  0.85975711  0.75465143  0.51276125  1.03762755  1.01921019  0.84466935  0.86773235
3    1.07751785  1.15477685  0.84368577  0.00000000  1.03188229  1.13225168  0.86979404  0.86159443  0.96163302  0.99273050  0.84186304  0.97745299  0.88882839  1.08291723  1.06128597  0.99127372  0.95678602
4    1.12048968  0.98573949  0.99085923  1.03188229  0.00000000  0.98150113  1.03730002  1.03622581  1.02311244  1.08458557  1.02618996  1.07752129  1.03702049  0.99053274  0.60714755  1.08391196  1.02386122
5    1.15154084  0.87998255  1.08480717  1.13225168  0.98150113  0.00000000  1.13370577  1.13341745  1.04068305  1.14514297  1.07281627  1.14303626  1.13109156  0.93423938  0.98665186  1.14494208  1.04559253
6    1.06454736  1.15563031  0.85492530  0.86979404  1.03730002  1.13370577  0.00000000  0.83663918  0.97005789  0.99111746  0.93487335  0.97774819  0.88302555  1.07877257  1.06434435  0.98984263  0.92200268
7    1.06711910  1.15546109  0.85269677  0.86159443  1.03622581  1.13341745  0.83663918  0.00000000  0.96838744  0.99143729  0.93091169  0.97768966  0.89572691  1.07959436  1.06373794  0.99012638  0.96143414
8    1.10283114  1.07765963  0.86844594  0.96163302  1.02311244  1.04068305  0.97005789  0.96838744  0.00000000  1.01778431  0.74009974  1.00246320  0.91737123  1.04283422  1.04479016  1.01632337  0.10758224
9    0.86966583  1.16260307  0.85415777  0.99273050  1.08458557  1.14514297  0.99111746  0.99143729  1.01778431  0.00000000  1.00899244  0.88922993  0.90485396  1.01276400  1.08367661  0.14991738  1.01637691
10    1.09394821  1.10472157  0.85975711  0.84186304  1.02618996  1.07281627  0.93487335  0.93091169  0.74009974  1.00899244  0.00000000  0.99368663  0.90735499  1.05690013  1.05057886  1.00753296  0.75037933
11    0.84463394  1.16141024  0.75465143  0.97745299  1.07752129  1.14303626  0.97774819  0.97768966  1.00246320  0.88922993  0.99368663  0.00000000  0.80966302  1.00295205  1.07593440  0.81130203  1.00115881
12    1.07946778  1.15462221  0.51276125  0.88882839  1.03702049  1.13109156  0.88302555  0.89572691  0.91737123  0.90485396  0.90735499  0.80966302  0.00000000  1.08352350  1.06530599  0.89577704  0.91555856
13    0.88206825  0.70797216  1.03762755  1.08291723  0.99053274  0.93423938  1.07877257  1.07959436  1.04283422  1.01276400  1.05690013  1.00295205  1.08352350  0.00000000  0.85704328  1.01182838  1.04473094
14    1.07847520  0.93401711  1.01921019  1.06128597  0.60714755  0.98665186  1.06434435  1.06373794  1.04479016  1.08367661  1.05057886  1.07593440  1.06530599  0.85704328  0.00000000  1.08293835  1.04582217
16    0.86727892  1.16248933  0.84466935  0.99127372  1.08391196  1.14494208  0.98984263  0.99012638  1.01632337  0.14991738  1.00753296  0.81130203  0.89577704  1.01182838  1.08293835  0.00000000  1.01492579
17    1.10081064  1.08177470  0.86773235  0.95678602  1.02386122  1.04559253  0.92200268  0.96143414  0.10758224  1.01637691  0.75037933  1.00115881  0.91555856  1.04473094  1.04582217  1.01492579  0.00000000

--------------------------------------------------------------------------------
n=16
(result of R-step: (4,13:14)0.75326796)
V=[0, 1, 2, 3, 4, 5, 6, 7, 8, 9, 10, 11, 12, 13, 16, 17]
total successes of this branch: 1
Matrix on 16 elements:

0    0.00000000  1.16356172  1.03410819  1.07751785  0.89086378  1.15154084  1.06454736  1.06711910  1.10283114  0.86966583  1.09394821  0.84463394  1.07946778  0.69138572  0.86727892  1.10081064
1    1.16356172  0.00000000  1.10842252  1.15477685  0.75611359  0.87998255  1.15563031  1.15546109  1.07765963  1.16260307  1.10472157  1.16141024  1.15462221  0.51728964  1.16248933  1.08177470
2    1.03410819  1.10842252  0.00000000  0.84368577  0.76123333  1.08480717  0.85492530  0.85269677  0.86844594  0.85415777  0.85975711  0.75465143  0.51276125  0.84694502  0.84466935  0.86773235
3    1.07751785  1.15477685  0.84368577  0.00000000  0.80225639  1.13225168  0.86979404  0.86159443  0.96163302  0.99273050  0.84186304  0.97745299  0.88882839  0.89223470  0.99127372  0.95678602
4    0.89086378  0.75611359  0.76123333  0.80225639  0.00000000  0.75187523  0.80767411  0.80659991  0.79348654  0.85495967  0.79656405  0.84789539  0.80739459  0.57022431  0.85428606  0.79423532
5    1.15154084  0.87998255  1.08480717  1.13225168  0.75187523  0.00000000  1.13370577  1.13341745  1.04068305  1.14514297  1.07281627  1.14303626  1.13109156  0.74355686  1.14494208  1.04559253
6    1.06454736  1.15563031  0.85492530  0.86979404  0.80767411  1.13370577  0.00000000  0.83663918  0.97005789  0.99111746  0.93487335  0.97774819  0.88302555  0.88809004  0.98984263  0.92200268
7    1.06711910  1.15546109  0.85269677  0.86159443  0.80659991  1.13341745  0.83663918  0.00000000  0.96838744  0.99143729  0.93091169  0.97768966  0.89572691  0.88891183  0.99012638  0.96143414
8    1.10283114  1.07765963  0.86844594  0.96163302  0.79348654  1.04068305  0.97005789  0.96838744  0.00000000  1.01778431  0.74009974  1.00246320  0.91737123  0.85215169  1.01632337  0.10758224
9    0.86966583  1.16260307  0.85415777  0.99273050  0.85495967  1.14514297  0.99111746  0.99143729  1.01778431  0.00000000  1.00899244  0.88922993  0.90485396  0.82208147  0.14991738  1.01637691
10    1.09394821  1.10472157  0.85975711  0.84186304  0.79656405  1.07281627  0.93487335  0.93091169  0.74009974  1.00899244  0.00000000  0.99368663  0.90735499  0.86621760  1.00753296  0.75037933
11    0.84463394  1.16141024  0.75465143  0.97745299  0.84789539  1.14303626  0.97774819  0.97768966  1.00246320  0.88922993  0.99368663  0.00000000  0.80966302  0.81226952  0.81130203  1.00115881
12    1.07946778  1.15462221  0.51276125  0.88882839  0.80739459  1.13109156  0.88302555  0.89572691  0.91737123  0.90485396  0.90735499  0.80966302  0.00000000  0.89284097  0.89577704  0.91555856
13    0.69138572  0.51728964  0.84694502  0.89223470  0.57022431  0.74355686  0.88809004  0.88891183  0.85215169  0.82208147  0.86621760  0.81226952  0.89284097  0.00000000  0.82114586  0.85404841
16    0.86727892  1.16248933  0.84466935  0.99127372  0.85428606  1.14494208  0.98984263  0.99012638  1.01632337  0.14991738  1.00753296  0.81130203  0.89577704  0.82114586  0.00000000  1.01492579
17    1.10081064  1.08177470  0.86773235  0.95678602  0.79423532  1.04559253  0.92200268  0.96143414  0.10758224  1.01637691  0.75037933  1.00115881  0.91555856  0.85404841  1.01492579  0.00000000

--------------------------------------------------------------------------------
n=15
(result of R-step: (0,1:13)0.36155451)
V=[0, 1, 2, 3, 4, 5, 6, 7, 8, 9, 10, 11, 12, 16, 17]
total successes of this branch: 1
Matrix on 15 elements:

0    0.00000000  0.65093078  0.78086312  0.82427277  0.63761870  0.89829576  0.81130228  0.81387402  0.84958607  0.61642075  0.84070314  0.59138886  0.82622271  0.61403384  0.84756556
1    0.65093078  0.00000000  0.84903666  0.89539099  0.49672772  0.62059669  0.89624444  0.89607523  0.81827377  0.90321721  0.84533571  0.90202438  0.89523634  0.90310346  0.82238884
2    0.78086312  0.84903666  0.00000000  0.84368577  0.76123333  1.08480717  0.85492530  0.85269677  0.86844594  0.85415777  0.85975711  0.75465143  0.51276125  0.84466935  0.86773235
3    0.82427277  0.89539099  0.84368577  0.00000000  0.80225639  1.13225168  0.86979404  0.86159443  0.96163302  0.99273050  0.84186304  0.97745299  0.88882839  0.99127372  0.95678602
4    0.63761870  0.49672772  0.76123333  0.80225639  0.00000000  0.75187523  0.80767411  0.80659991  0.79348654  0.85495967  0.79656405  0.84789539  0.80739459  0.85428606  0.79423532
5    0.89829576  0.62059669  1.08480717  1.13225168  0.75187523  0.00000000  1.13370577  1.13341745  1.04068305  1.14514297  1.07281627  1.14303626  1.13109156  1.14494208  1.04559253
6    0.81130228  0.89624444  0.85492530  0.86979404  0.80767411  1.13370577  0.00000000  0.83663918  0.97005789  0.99111746  0.93487335  0.97774819  0.88302555  0.98984263  0.92200268
7    0.81387402  0.89607523  0.85269677  0.86159443  0.80659991  1.13341745  0.83663918  0.00000000  0.96838744  0.99143729  0.93091169  0.97768966  0.89572691  0.99012638  0.96143414
8    0.84958607  0.81827377  0.86844594  0.96163302  0.79348654  1.04068305  0.97005789  0.96838744  0.00000000  1.01778431  0.74009974  1.00246320  0.91737123  1.01632337  0.10758224
9    0.61642075  0.90321721  0.85415777  0.99273050  0.85495967  1.14514297  0.99111746  0.99143729  1.01778431  0.00000000  1.00899244  0.88922993  0.90485396  0.14991738  1.01637691
10    0.84070314  0.84533571  0.85975711  0.84186304  0.79656405  1.07281627  0.93487335  0.93091169  0.74009974  1.00899244  0.00000000  0.99368663  0.90735499  1.00753296  0.75037933
11    0.59138886  0.90202438  0.75465143  0.97745299  0.84789539  1.14303626  0.97774819  0.97768966  1.00246320  0.88922993  0.99368663  0.00000000  0.80966302  0.81130203  1.00115881
12    0.82622271  0.89523634  0.51276125  0.88882839  0.80739459  1.13109156  0.88302555  0.89572691  0.91737123  0.90485396  0.90735499  0.80966302  0.00000000  0.89577704  0.91555856
16    0.61403384  0.90310346  0.84466935  0.99127372  0.85428606  1.14494208  0.98984263  0.99012638  1.01632337  0.14991738  1.00753296  0.81130203  0.89577704  0.00000000  1.01492579
17    0.84756556  0.82238884  0.86773235  0.95678602  0.79423532  1.04559253  0.92200268  0.96143414  0.10758224  1.01637691  0.75037933  1.00115881  0.91555856  1.01492579  0.00000000

--------------------------------------------------------------------------------
n=14
(result of R-step: (6,8:17)0.05277714)
V=[0, 1, 2, 3, 4, 5, 6, 7, 8, 9, 10, 11, 12, 16]
total successes of this branch: 1
Matrix on 14 elements:

0    0.00000000  0.65093078  0.78086312  0.82427277  0.63761870  0.89829576  0.78153878  0.81387402  0.81982256  0.61642075  0.84070314  0.59138886  0.82622271  0.61403384
1    0.65093078  0.00000000  0.84903666  0.89539099  0.49672772  0.62059669  0.86648094  0.89607523  0.78851026  0.90321721  0.84533571  0.90202438  0.89523634  0.90310346
2    0.78086312  0.84903666  0.00000000  0.84368577  0.76123333  1.08480717  0.82516179  0.85269677  0.83868243  0.85415777  0.85975711  0.75465143  0.51276125  0.84466935
3    0.82427277  0.89539099  0.84368577  0.00000000  0.80225639  1.13225168  0.84003053  0.86159443  0.93186951  0.99273050  0.84186304  0.97745299  0.88882839  0.99127372
4    0.63761870  0.49672772  0.76123333  0.80225639  0.00000000  0.75187523  0.77791061  0.80659991  0.76372303  0.85495967  0.79656405  0.84789539  0.80739459  0.85428606
5    0.89829576  0.62059669  1.08480717  1.13225168  0.75187523  0.00000000  1.10394226  1.13341745  1.01091955  1.14514297  1.07281627  1.14303626  1.13109156  1.14494208
6    0.78153878  0.86648094  0.82516179  0.84003053  0.77791061  1.10394226  0.00000000  0.80687567  0.91053088  0.96135395  0.90510984  0.94798468  0.85326204  0.96007913
7    0.81387402  0.89607523  0.85269677  0.86159443  0.80659991  1.13341745  0.80687567  0.00000000  0.93862393  0.99143729  0.93091169  0.97768966  0.89572691  0.99012638
8    0.81982256  0.78851026  0.83868243  0.93186951  0.76372303  1.01091955  0.91053088  0.93862393  0.00000000  0.98802081  0.71033623  0.97269969  0.88760772  0.98655986
9    0.61642075  0.90321721  0.85415777  0.99273050  0.85495967  1.14514297  0.96135395  0.99143729  0.98802081  0.00000000  1.00899244  0.88922993  0.90485396  0.14991738
10    0.84070314  0.84533571  0.85975711  0.84186304  0.79656405  1.07281627  0.90510984  0.93091169  0.71033623  1.00899244  0.00000000  0.99368663  0.90735499  1.00753296
11    0.59138886  0.90202438  0.75465143  0.97745299  0.84789539  1.14303626  0.94798468  0.97768966  0.97269969  0.88922993  0.99368663  0.00000000  0.80966302  0.81130203
12    0.82622271  0.89523634  0.51276125  0.88882839  0.80739459  1.13109156  0.85326204  0.89572691  0.88760772  0.90485396  0.90735499  0.80966302  0.00000000  0.89577704
16    0.61403384  0.90310346  0.84466935  0.99127372  0.85428606  1.14494208  0.96007913  0.99012638  0.98655986  0.14991738  1.00753296  0.81130203  0.89577704  0.00000000

--------------------------------------------------------------------------------
n=13
(result of R-step: (2,6:12)0.94990074)
V=[0, 1, 2, 3, 4, 5, 6, 7, 8, 9, 10, 11, 16]
total successes of this branch: 1
Matrix on 13 elements:

0    0.00000000  0.65093078  0.55657888  0.82427277  0.63761870  0.89829576  0.54087153  0.81387402  0.81982256  0.61642075  0.84070314  0.59138886  0.61403384
1    0.65093078  0.00000000  0.62475242  0.89539099  0.49672772  0.62059669  0.62581369  0.89607523  0.78851026  0.90321721  0.84533571  0.90202438  0.90310346
2    0.55657888  0.62475242  0.00000000  0.61940154  0.53694910  0.86052293  0.36021032  0.62841254  0.61439819  0.62987354  0.63547288  0.53036720  0.62038512
3    0.82427277  0.89539099  0.61940154  0.00000000  0.80225639  1.13225168  0.59936329  0.86159443  0.93186951  0.99273050  0.84186304  0.97745299  0.99127372
4    0.63761870  0.49672772  0.53694910  0.80225639  0.00000000  0.75187523  0.53724336  0.80659991  0.76372303  0.85495967  0.79656405  0.84789539  0.85428606
5    0.89829576  0.62059669  0.86052293  1.13225168  0.75187523  0.00000000  0.86327502  1.13341745  1.01091955  1.14514297  1.07281627  1.14303626  1.14494208
6    0.54087153  0.62581369  0.36021032  0.59936329  0.53724336  0.86327502  0.00000000  0.56620843  0.66986363  0.72068671  0.66444260  0.70731744  0.71941188
7    0.81387402  0.89607523  0.62841254  0.86159443  0.80659991  1.13341745  0.56620843  0.00000000  0.93862393  0.99143729  0.93091169  0.97768966  0.99012638
8    0.81982256  0.78851026  0.61439819  0.93186951  0.76372303  1.01091955  0.66986363  0.93862393  0.00000000  0.98802081  0.71033623  0.97269969  0.98655986
9    0.61642075  0.90321721  0.62987354  0.99273050  0.85495967  1.14514297  0.72068671  0.99143729  0.98802081  0.00000000  1.00899244  0.88922993  0.14991738
10    0.84070314  0.84533571  0.63547288  0.84186304  0.79656405  1.07281627  0.66444260  0.93091169  0.71033623  1.00899244  0.00000000  0.99368663  1.00753296
11    0.59138886  0.90202438  0.53036720  0.97745299  0.84789539  1.14303626  0.70731744  0.97768966  0.97269969  0.88922993  0.99368663  0.00000000  0.81130203
16    0.61403384  0.90310346  0.62038512  0.99127372  0.85428606  1.14494208  0.71941188  0.99012638  0.98655986  0.14991738  1.00753296  0.81130203  0.00000000

--------------------------------------------------------------------------------
n=12
(result of R-step: (3,8:10)0.35091953)
V=[0, 1, 2, 3, 4, 5, 6, 7, 8, 9, 11, 16]
total successes of this branch: 1
Matrix on 12 elements:

0    0.00000000  0.65093078  0.55657888  0.51410789  0.63761870  0.89829576  0.54087153  0.81387402  0.53942119  0.61642075  0.59138886  0.61403384
1    0.65093078  0.00000000  0.62475242  0.58522611  0.49672772  0.62059669  0.62581369  0.89607523  0.50810889  0.90321721  0.90202438  0.90310346
2    0.55657888  0.62475242  0.00000000  0.30923666  0.53694910  0.86052293  0.36021032  0.62841254  0.33399682  0.62987354  0.53036720  0.62038512
3    0.51410789  0.58522611  0.30923666  0.00000000  0.49209151  0.82208680  0.28919841  0.55142955  0.34130326  0.68256562  0.66728811  0.68110884
4    0.63761870  0.49672772  0.53694910  0.49209151  0.00000000  0.75187523  0.53724336  0.80659991  0.48332166  0.85495967  0.84789539  0.85428606
5    0.89829576  0.62059669  0.86052293  0.82208680  0.75187523  0.00000000  0.86327502  1.13341745  0.73051818  1.14514297  1.14303626  1.14494208
6    0.54087153  0.62581369  0.36021032  0.28919841  0.53724336  0.86327502  0.00000000  0.56620843  0.38946226  0.72068671  0.70731744  0.71941188
7    0.81387402  0.89607523  0.62841254  0.55142955  0.80659991  1.13341745  0.56620843  0.00000000  0.65822256  0.99143729  0.97768966  0.99012638
8    0.53942119  0.50810889  0.33399682  0.34130326  0.48332166  0.73051818  0.38946226  0.65822256  0.00000000  0.70761943  0.69229832  0.70615849
9    0.61642075  0.90321721  0.62987354  0.68256562  0.85495967  1.14514297  0.72068671  0.99143729  0.70761943  0.00000000  0.88922993  0.14991738
11    0.59138886  0.90202438  0.53036720  0.66728811  0.84789539  1.14303626  0.70731744  0.97768966  0.69229832  0.88922993  0.00000000  0.81130203
16    0.61403384  0.90310346  0.62038512  0.68110884  0.85428606  1.14494208  0.71941188  0.99012638  0.70615849  0.14991738  0.81130203  0.00000000

--------------------------------------------------------------------------------
n=11
(result of R-step: (3,6:7)0.19827619)
V=[0, 1, 2, 3, 4, 5, 6, 8, 9, 11, 16]
total successes of this branch: 1
Matrix on 11 elements:

0    0.00000000  0.65093078  0.55657888  0.41005299  0.63761870  0.89829576  0.39708250  0.53942119  0.61642075  0.59138886  0.61403384
1    0.65093078  0.00000000  0.62475242  0.48117121  0.49672772  0.62059669  0.48202466  0.50810889  0.90321721  0.90202438  0.90310346
2    0.55657888  0.62475242  0.00000000  0.20518175  0.53694910  0.86052293  0.21642128  0.33399682  0.62987354  0.53036720  0.62038512
3    0.41005299  0.48117121  0.20518175  0.00000000  0.38803661  0.71803189  0.04135447  0.23724835  0.57851072  0.56323320  0.57705393
4    0.63761870  0.49672772  0.53694910  0.38803661  0.00000000  0.75187523  0.39345433  0.48332166  0.85495967  0.84789539  0.85428606
5    0.89829576  0.62059669  0.86052293  0.71803189  0.75187523  0.00000000  0.71948598  0.73051818  1.14514297  1.14303626  1.14494208
6    0.39708250  0.48202466  0.21642128  0.04135447  0.39345433  0.71948598  0.00000000  0.24567323  0.57689768  0.56352841  0.57562285
8    0.53942119  0.50810889  0.33399682  0.23724835  0.48332166  0.73051818  0.24567323  0.00000000  0.70761943  0.69229832  0.70615849
9    0.61642075  0.90321721  0.62987354  0.57851072  0.85495967  1.14514297  0.57689768  0.70761943  0.00000000  0.88922993  0.14991738
11    0.59138886  0.90202438  0.53036720  0.56323320  0.84789539  1.14303626  0.56352841  0.69229832  0.88922993  0.00000000  0.81130203
16    0.61403384  0.90310346  0.62038512  0.57705393  0.85428606  1.14494208  0.57562285  0.70615849  0.14991738  0.81130203  0.00000000

--------------------------------------------------------------------------------
n=10
(result of R-step: (9,11:16)0.90464508)
V=[0, 1, 2, 3, 4, 5, 6, 8, 9, 11]
total successes of this branch: 1
Matrix on 10 elements:

0    0.00000000  0.65093078  0.55657888  0.41005299  0.63761870  0.89829576  0.39708250  0.53942119  0.58042602  0.55539412
1    0.65093078  0.00000000  0.62475242  0.48117121  0.49672772  0.62059669  0.48202466  0.50810889  0.86722247  0.86602964
2    0.55657888  0.62475242  0.00000000  0.20518175  0.53694910  0.86052293  0.21642128  0.33399682  0.59387880  0.49437246
3    0.41005299  0.48117121  0.20518175  0.00000000  0.38803661  0.71803189  0.04135447  0.23724835  0.54251598  0.52723846
4    0.63761870  0.49672772  0.53694910  0.38803661  0.00000000  0.75187523  0.39345433  0.48332166  0.81896493  0.81190065
5    0.89829576  0.62059669  0.86052293  0.71803189  0.75187523  0.00000000  0.71948598  0.73051818  1.10914823  1.10704152
6    0.39708250  0.48202466  0.21642128  0.04135447  0.39345433  0.71948598  0.00000000  0.24567323  0.54090294  0.52753367
8    0.53942119  0.50810889  0.33399682  0.23724835  0.48332166  0.73051818  0.24567323  0.00000000  0.67162470  0.65630358
9    0.58042602  0.86722247  0.59387880  0.54251598  0.81896493  1.10914823  0.54090294  0.67162470  0.00000000  0.81724045
11    0.55539412  0.86602964  0.49437246  0.52723846  0.81190065  1.10704152  0.52753367  0.65630358  0.81724045  0.00000000

--------------------------------------------------------------------------------
n=9
(result of R-step: (0,2:11)0.45205773)
V=[0, 1, 2, 3, 4, 5, 6, 8, 9]
total successes of this branch: 1
Matrix on 9 elements:

0    0.00000000  0.62772805  0.52121831  0.38685026  0.61441598  0.87509304  0.37387977  0.51621846  0.55722329
1    0.62772805  0.00000000  0.61259458  0.48117121  0.49672772  0.62059669  0.48202466  0.50810889  0.86722247
2    0.52121831  0.61259458  0.00000000  0.19302391  0.52479126  0.84836509  0.20426344  0.32183898  0.58172096
3    0.38685026  0.48117121  0.19302391  0.00000000  0.38803661  0.71803189  0.04135447  0.23724835  0.54251598
4    0.61441598  0.49672772  0.52479126  0.38803661  0.00000000  0.75187523  0.39345433  0.48332166  0.81896493
5    0.87509304  0.62059669  0.84836509  0.71803189  0.75187523  0.00000000  0.71948598  0.73051818  1.10914823
6    0.37387977  0.48202466  0.20426344  0.04135447  0.39345433  0.71948598  0.00000000  0.24567323  0.54090294
8    0.51621846  0.50810889  0.32183898  0.23724835  0.48332166  0.73051818  0.24567323  0.00000000  0.67162470
9    0.55722329  0.86722247  0.58172096  0.54251598  0.81896493  1.10914823  0.54090294  0.67162470  0.00000000

--------------------------------------------------------------------------------
n=8
(result of R-step: (0,2:9)0.53087837)
V=[0, 1, 2, 3, 4, 5, 6, 8]
total successes of this branch: 1
Matrix on 8 elements:

0    0.00000000  0.56545894  0.39668008  0.32458114  0.55214686  0.81282392  0.31161066  0.45394935
1    0.56545894  0.00000000  0.55032547  0.48117121  0.49672772  0.62059669  0.48202466  0.50810889
2    0.39668008  0.55032547  0.00000000  0.13075480  0.46252214  0.78609598  0.14199433  0.25956987
3    0.32458114  0.48117121  0.13075480  0.00000000  0.38803661  0.71803189  0.04135447  0.23724835
4    0.55214686  0.49672772  0.46252214  0.38803661  0.00000000  0.75187523  0.39345433  0.48332166
5    0.81282392  0.62059669  0.78609598  0.71803189  0.75187523  0.00000000  0.71948598  0.73051818
6    0.31161066  0.48202466  0.14199433  0.04135447  0.39345433  0.71948598  0.00000000  0.24567323
8    0.45394935  0.50810889  0.25956987  0.23724835  0.48332166  0.73051818  0.24567323  0.00000000

--------------------------------------------------------------------------------
n=7
(result of R-step: (0,3:6)0.05718025)
V=[0, 1, 2, 3, 4, 5, 8]
total successes of this branch: 1
Matrix on 7 elements:

0    0.00000000  0.48190487  0.31312601  0.22683508  0.46859279  0.72926985  0.37039528
1    0.48190487  0.00000000  0.55032547  0.46697922  0.49672772  0.62059669  0.50810889
2    0.31312601  0.55032547  0.00000000  0.11656281  0.46252214  0.78609598  0.25956987
3    0.22683508  0.46697922  0.11656281  0.00000000  0.37384461  0.70383990  0.22305636
4    0.46859279  0.49672772  0.46252214  0.37384461  0.00000000  0.75187523  0.48332166
5    0.72926985  0.62059669  0.78609598  0.70383990  0.75187523  0.00000000  0.73051818
8    0.37039528  0.50810889  0.25956987  0.22305636  0.48332166  0.73051818  0.00000000

--------------------------------------------------------------------------------
n=6
(result of R-step: (2,5:8)0.71236278)
V=[0, 1, 2, 3, 4, 5]
total successes of this branch: 1
Matrix on 6 elements:

0    0.00000000  0.48190487  0.24582281  0.22683508  0.46859279  0.32431208
1    0.48190487  0.00000000  0.48302226  0.46697922  0.49672772  0.21563892
2    0.24582281  0.48302226  0.00000000  0.04925960  0.39521893  0.31383500
3    0.22683508  0.46697922  0.04925960  0.00000000  0.37384461  0.29888213
4    0.46859279  0.49672772  0.39521893  0.37384461  0.00000000  0.34691746
5    0.32431208  0.21563892  0.31383500  0.29888213  0.34691746  0.00000000

--------------------------------------------------------------------------------
n=5
(result of R-step: (1,2:5)0.94216890)
V=[0, 1, 2, 3, 4]
total successes of this branch: 1
Matrix on 5 elements:

0    0.00000000  0.30590399  0.22259698  0.22683508  0.46859279
1    0.30590399  0.00000000  0.28379555  0.29097834  0.32072685
2    0.22259698  0.28379555  0.00000000  0.02603377  0.37199310
3    0.22683508  0.29097834  0.02603377  0.00000000  0.37384461
4    0.46859279  0.32072685  0.37199310  0.37384461  0.00000000

--------------------------------------------------------------------------------
n=4
(result of R-step: (0,3:2)0.06678908)
V=[0, 1, 3, 4]
total successes of this branch: 0
Matrix on 4 elements:

0    0.00000000  0.16297900  0.07369627  0.32566781
1    0.16297900  0.00000000  0.28076451  0.32072685
3    0.07369627  0.28076451  0.00000000  0.36363078
4    0.32566781  0.32072685  0.36363078  0.00000000
reason of abort: no pseudometric

--------------------------------------------------------------------------------
n=4
(result of R-step: (1,2:0)0.32953212)
V=[1, 2, 3, 4]
total successes of this branch: 0
Matrix on 4 elements:

1    0.00000000  0.26893521  0.28773947  0.31748798
2    0.26893521  0.00000000  0.01441229  0.36037162
3    0.28773947  0.01441229  0.00000000  0.37384461
4    0.31748798  0.36037162  0.37384461  0.00000000
reason of abort: no pseudometric

--------------------------------------------------------------------------------
n=4
(result of R-step: (1,2:3)0.01773453)
V=[0, 1, 2, 4]
total successes of this branch: 0
Matrix on 4 elements:

0    0.00000000  0.03933162  0.21331227  0.46859279
1    0.03933162  0.00000000  0.00793848  0.05415448
2    0.21331227  0.00793848  0.00000000  0.36270840
4    0.46859279  0.05415448  0.36270840  0.00000000
reason of abort: no pseudometric

--------------------------------------------------------------------------------
n=4
(result of R-step: (1,2:4)0.56053953)
V=[0, 1, 2, 3]
total successes of this branch: 0
reason of abort: negative delta/dxy

