n=20
V=[0, 1, 2, 3, 4, 5, 6, 7, 8, 9, 10, 11, 12, 13, 14, 15, 16, 17, 18, 19]
total successes of this branch: 3
Matrix on 20 elements:

0    0.00000000  1.29305859  1.25876906  1.24799175  1.12780039  1.15131095  1.28958556  1.20333194  1.27755085  1.13356073  1.23606706  1.12929494  1.26635151  1.25743784  1.13410896  1.22929634  1.13111056  1.19254678  1.27964871  1.29020998
1    1.29305859  0.00000000  1.28113605  1.28746154  1.29109924  1.25152751  0.86340347  1.10550940  1.02653973  1.28140374  1.28758946  1.28858369  1.12090224  1.11872503  1.27581424  1.11185133  1.28234849  1.27830898  0.25892123  0.12460460
2    1.25876906  1.28113605  0.00000000  1.24923286  1.25543073  1.25908771  1.28095670  1.26731516  1.07294161  1.25632673  1.24945081  1.25566320  0.71675705  0.79462958  1.25642284  1.04048224  1.25595300  0.75695754  1.27907048  1.26628029
3    1.24799175  1.28746154  1.24923286  0.00000000  1.18325378  1.19807896  1.28714505  1.23158696  1.27233928  1.18688611  0.73816100  1.18419621  1.25768638  1.25399480  1.18728807  1.24234006  1.18537942  1.21632638  1.27911094  1.28544550
4    1.12780039  1.29109924  1.25543073  1.18325378  0.00000000  1.05251700  1.28978983  1.14178262  1.27637164  0.81683120  1.18198640  0.65621856  1.26331812  1.24612779  0.67524664  1.19185590  0.33735320  0.94722379  1.26878348  1.28135345
5    1.15131095  1.25152751  1.25908771  1.19807896  1.05251700  0.00000000  1.25072392  0.93999269  1.25399022  0.97603178  1.19701008  1.02561447  1.25741592  1.21251867  1.03237519  1.07077278  1.05657236  1.13865288  1.20496781  1.24832852
6    1.28958556  0.86340347  1.28095670  1.28714505  1.28978983  1.25072392  0.00000000  1.06331675  0.95632086  1.28021827  1.28720083  1.28730644  1.18862305  1.17089937  1.26171941  1.11494362  1.26989573  1.27073742  0.89328103  0.87494773
7    1.20333194  1.10550940  1.26731516  1.23158696  1.14178262  0.93999269  1.06331675  0.00000000  1.14298384  1.09234193  1.23094120  1.12895500  1.23153501  1.12080485  1.12698368  0.71787723  1.14017719  1.19276789  0.95675247  1.10798239
8    1.27755085  1.02653973  1.07294161  1.27233928  1.27637164  1.25399022  0.95632086  1.14298384  0.00000000  1.27088795  1.27245839  1.27494887  1.06268075  1.07403905  1.26537950  1.10989853  1.26982333  1.17516898  1.04394261  1.03075204
9    1.13356073  1.28140374  1.25632673  1.18688611  0.81683120  0.97603178  1.28021827  1.09234193  1.27088795  0.00000000  1.18566736  0.82695145  1.26187202  1.23789319  0.84056443  1.16218925  0.82631220  1.03546437  1.25314796  1.27443357
10    1.23606706  1.28758946  1.24945081  0.73816100  1.18198640  1.19701008  1.28720083  1.23094120  1.27245839  1.18566736  0.00000000  1.18294144  1.25788442  1.25407349  1.18607267  1.24204195  1.18413911  1.21578290  1.27912323  1.28555439
11    1.12929494  1.28858369  1.25566320  1.18419621  0.65621856  1.02561447  1.28730644  1.12895500  1.27494887  0.82695145  1.18294144  0.00000000  1.26294292  1.24399128  0.46093101  1.18415875  0.66913076  0.83348344  1.26472677  1.27568568
12    1.26635151  1.12090224  0.71675705  1.25768638  1.26331812  1.25741592  1.18862305  1.23153501  1.06268075  1.26187202  1.25788442  1.26294292  0.00000000  0.55940390  1.26071087  0.87161711  1.26178984  1.00571766  1.13743659  1.11763779
13    1.25743784  1.11872503  0.79462958  1.25399480  1.24612779  1.21251867  1.17089937  1.12080485  1.07403905  1.23789319  1.25407349  1.24399128  0.55940390  0.00000000  1.24179611  0.88950462  1.24458860  1.03217458  1.11903586  1.11627210
14    1.13410896  1.27581424  1.25642284  1.18728807  0.67524664  1.03237519  1.26171941  1.12698368  1.26537950  0.84056443  1.18607267  0.46093101  1.26071087  1.24179611  0.00000000  1.18208000  0.68724600  0.69042427  1.25357112  1.25922368
15    1.22929634  1.11185133  1.04048224  1.24234006  1.19185590  1.07077278  1.11494362  0.71787723  1.10989853  1.16218925  1.24204195  1.18415875  0.87161711  0.88950462  1.18208000  0.00000000  1.19028226  1.11570218  1.05297087  1.11196047
16    1.13111056  1.28234849  1.25595300  1.18537942  0.33735320  1.05657236  1.26989573  1.14017719  1.26982333  0.82631220  1.18413911  0.66913076  1.26178984  1.24458860  0.68724600  1.19028226  0.00000000  0.95384295  1.26110061  1.27303830
17    1.19254678  1.27830898  0.75695754  1.21632638  0.94722379  1.13865288  1.27073742  1.19276789  1.17516898  1.03546437  1.21578290  0.83348344  1.00571766  1.03217458  0.69042427  1.11570218  0.95384295  0.00000000  1.26552464  1.24465811
18    1.27964871  0.25892123  1.27907048  1.27911094  1.26878348  1.20496781  0.89328103  0.95675247  1.04394261  1.25314796  1.27912323  1.26472677  1.13743659  1.11903586  1.25357112  1.05297087  1.26110061  1.26552464  0.00000000  0.28744941
19    1.29020998  0.12460460  1.26628029  1.28544550  1.28135345  1.24832852  0.87494773  1.10798239  1.03075204  1.27443357  1.28555439  1.27568568  1.11763779  1.11627210  1.25922368  1.11196047  1.27303830  1.24465811  0.28744941  0.00000000

--------------------------------------------------------------------------------
n=19
(result of R-step: (0,3:10)0.02285496)
V=[0, 1, 2, 3, 4, 5, 6, 7, 8, 9, 11, 12, 13, 14, 15, 16, 17, 18, 19]
total successes of this branch: 3
Matrix on 19 elements:

0    0.00000000  0.92994044  0.89565091  0.52175545  0.76468224  0.78819279  0.92646741  0.84021379  0.91443270  0.77044258  0.76617679  0.90323336  0.89431969  0.77099081  0.86617819  0.76799240  0.82942863  0.91653055  0.92709183
1    0.92994044  0.00000000  1.28113605  0.92434339  1.29109924  1.25152751  0.86340347  1.10550940  1.02653973  1.28140374  1.28858369  1.12090224  1.11872503  1.27581424  1.11185133  1.28234849  1.27830898  0.25892123  0.12460460
2    0.89565091  1.28113605  0.00000000  0.88611471  1.25543073  1.25908771  1.28095670  1.26731516  1.07294161  1.25632673  1.25566320  0.71675705  0.79462958  1.25642284  1.04048224  1.25595300  0.75695754  1.27907048  1.26628029
3    0.52175545  0.92434339  0.88611471  0.00000000  0.82013563  0.83496081  0.92402690  0.86846881  0.90922113  0.82376796  0.82107805  0.89456822  0.89087665  0.82416992  0.87922191  0.82226127  0.85320823  0.91599279  0.92232734
4    0.76468224  1.29109924  1.25543073  0.82013563  0.00000000  1.05251700  1.28978983  1.14178262  1.27637164  0.81683120  0.65621856  1.26331812  1.24612779  0.67524664  1.19185590  0.33735320  0.94722379  1.26878348  1.28135345
5    0.78819279  1.25152751  1.25908771  0.83496081  1.05251700  0.00000000  1.25072392  0.93999269  1.25399022  0.97603178  1.02561447  1.25741592  1.21251867  1.03237519  1.07077278  1.05657236  1.13865288  1.20496781  1.24832852
6    0.92646741  0.86340347  1.28095670  0.92402690  1.28978983  1.25072392  0.00000000  1.06331675  0.95632086  1.28021827  1.28730644  1.18862305  1.17089937  1.26171941  1.11494362  1.26989573  1.27073742  0.89328103  0.87494773
7    0.84021379  1.10550940  1.26731516  0.86846881  1.14178262  0.93999269  1.06331675  0.00000000  1.14298384  1.09234193  1.12895500  1.23153501  1.12080485  1.12698368  0.71787723  1.14017719  1.19276789  0.95675247  1.10798239
8    0.91443270  1.02653973  1.07294161  0.90922113  1.27637164  1.25399022  0.95632086  1.14298384  0.00000000  1.27088795  1.27494887  1.06268075  1.07403905  1.26537950  1.10989853  1.26982333  1.17516898  1.04394261  1.03075204
9    0.77044258  1.28140374  1.25632673  0.82376796  0.81683120  0.97603178  1.28021827  1.09234193  1.27088795  0.00000000  0.82695145  1.26187202  1.23789319  0.84056443  1.16218925  0.82631220  1.03546437  1.25314796  1.27443357
11    0.76617679  1.28858369  1.25566320  0.82107805  0.65621856  1.02561447  1.28730644  1.12895500  1.27494887  0.82695145  0.00000000  1.26294292  1.24399128  0.46093101  1.18415875  0.66913076  0.83348344  1.26472677  1.27568568
12    0.90323336  1.12090224  0.71675705  0.89456822  1.26331812  1.25741592  1.18862305  1.23153501  1.06268075  1.26187202  1.26294292  0.00000000  0.55940390  1.26071087  0.87161711  1.26178984  1.00571766  1.13743659  1.11763779
13    0.89431969  1.11872503  0.79462958  0.89087665  1.24612779  1.21251867  1.17089937  1.12080485  1.07403905  1.23789319  1.24399128  0.55940390  0.00000000  1.24179611  0.88950462  1.24458860  1.03217458  1.11903586  1.11627210
14    0.77099081  1.27581424  1.25642284  0.82416992  0.67524664  1.03237519  1.26171941  1.12698368  1.26537950  0.84056443  0.46093101  1.26071087  1.24179611  0.00000000  1.18208000  0.68724600  0.69042427  1.25357112  1.25922368
15    0.86617819  1.11185133  1.04048224  0.87922191  1.19185590  1.07077278  1.11494362  0.71787723  1.10989853  1.16218925  1.18415875  0.87161711  0.88950462  1.18208000  0.00000000  1.19028226  1.11570218  1.05297087  1.11196047
16    0.76799240  1.28234849  1.25595300  0.82226127  0.33735320  1.05657236  1.26989573  1.14017719  1.26982333  0.82631220  0.66913076  1.26178984  1.24458860  0.68724600  1.19028226  0.00000000  0.95384295  1.26110061  1.27303830
17    0.82942863  1.27830898  0.75695754  0.85320823  0.94722379  1.13865288  1.27073742  1.19276789  1.17516898  1.03546437  0.83348344  1.00571766  1.03217458  0.69042427  1.11570218  0.95384295  0.00000000  1.26552464  1.24465811
18    0.91653055  0.25892123  1.27907048  0.91599279  1.26878348  1.20496781  0.89328103  0.95675247  1.04394261  1.25314796  1.26472677  1.13743659  1.11903586  1.25357112  1.05297087  1.26110061  1.26552464  0.00000000  0.28744941
19    0.92709183  0.12460460  1.26628029  0.92232734  1.28135345  1.24832852  0.87494773  1.10798239  1.03075204  1.27443357  1.27568568  1.11763779  1.11627210  1.25922368  1.11196047  1.27303830  1.24465811  0.28744941  0.00000000

--------------------------------------------------------------------------------
n=18
(result of R-step: (1,17:19)0.97165897)
V=[0, 1, 2, 3, 4, 5, 6, 7, 8, 9, 11, 12, 13, 14, 15, 16, 17, 18]
total successes of this branch: 3
Matrix on 18 elements:

0    0.00000000  0.88446357  0.89565091  0.52175545  0.76468224  0.78819279  0.92646741  0.84021379  0.91443270  0.77044258  0.76617679  0.90323336  0.89431969  0.77099081  0.86617819  0.76799240  0.78395177  0.91653055
1    0.88446357  0.00000000  1.23565919  0.87886652  1.24562237  1.20605064  0.81792661  1.06003253  0.98106287  1.23592688  1.24310683  1.07542538  1.07324817  1.23033737  1.06637447  1.23687162  1.18735526  0.21344437
2    0.89565091  1.23565919  0.00000000  0.88611471  1.25543073  1.25908771  1.28095670  1.26731516  1.07294161  1.25632673  1.25566320  0.71675705  0.79462958  1.25642284  1.04048224  1.25595300  0.71148068  1.27907048
3    0.52175545  0.87886652  0.88611471  0.00000000  0.82013563  0.83496081  0.92402690  0.86846881  0.90922113  0.82376796  0.82107805  0.89456822  0.89087665  0.82416992  0.87922191  0.82226127  0.80773137  0.91599279
4    0.76468224  1.24562237  1.25543073  0.82013563  0.00000000  1.05251700  1.28978983  1.14178262  1.27637164  0.81683120  0.65621856  1.26331812  1.24612779  0.67524664  1.19185590  0.33735320  0.90174692  1.26878348
5    0.78819279  1.20605064  1.25908771  0.83496081  1.05251700  0.00000000  1.25072392  0.93999269  1.25399022  0.97603178  1.02561447  1.25741592  1.21251867  1.03237519  1.07077278  1.05657236  1.09317602  1.20496781
6    0.92646741  0.81792661  1.28095670  0.92402690  1.28978983  1.25072392  0.00000000  1.06331675  0.95632086  1.28021827  1.28730644  1.18862305  1.17089937  1.26171941  1.11494362  1.26989573  1.22526055  0.89328103
7    0.84021379  1.06003253  1.26731516  0.86846881  1.14178262  0.93999269  1.06331675  0.00000000  1.14298384  1.09234193  1.12895500  1.23153501  1.12080485  1.12698368  0.71787723  1.14017719  1.14729103  0.95675247
8    0.91443270  0.98106287  1.07294161  0.90922113  1.27637164  1.25399022  0.95632086  1.14298384  0.00000000  1.27088795  1.27494887  1.06268075  1.07403905  1.26537950  1.10989853  1.26982333  1.12969212  1.04394261
9    0.77044258  1.23592688  1.25632673  0.82376796  0.81683120  0.97603178  1.28021827  1.09234193  1.27088795  0.00000000  0.82695145  1.26187202  1.23789319  0.84056443  1.16218925  0.82631220  0.98998751  1.25314796
11    0.76617679  1.24310683  1.25566320  0.82107805  0.65621856  1.02561447  1.28730644  1.12895500  1.27494887  0.82695145  0.00000000  1.26294292  1.24399128  0.46093101  1.18415875  0.66913076  0.78800657  1.26472677
12    0.90323336  1.07542538  0.71675705  0.89456822  1.26331812  1.25741592  1.18862305  1.23153501  1.06268075  1.26187202  1.26294292  0.00000000  0.55940390  1.26071087  0.87161711  1.26178984  0.96024079  1.13743659
13    0.89431969  1.07324817  0.79462958  0.89087665  1.24612779  1.21251867  1.17089937  1.12080485  1.07403905  1.23789319  1.24399128  0.55940390  0.00000000  1.24179611  0.88950462  1.24458860  0.98669772  1.11903586
14    0.77099081  1.23033737  1.25642284  0.82416992  0.67524664  1.03237519  1.26171941  1.12698368  1.26537950  0.84056443  0.46093101  1.26071087  1.24179611  0.00000000  1.18208000  0.68724600  0.64494741  1.25357112
15    0.86617819  1.06637447  1.04048224  0.87922191  1.19185590  1.07077278  1.11494362  0.71787723  1.10989853  1.16218925  1.18415875  0.87161711  0.88950462  1.18208000  0.00000000  1.19028226  1.07022532  1.05297087
16    0.76799240  1.23687162  1.25595300  0.82226127  0.33735320  1.05657236  1.26989573  1.14017719  1.26982333  0.82631220  0.66913076  1.26178984  1.24458860  0.68724600  1.19028226  0.00000000  0.90836608  1.26110061
17    0.78395177  1.18735526  0.71148068  0.80773137  0.90174692  1.09317602  1.22526055  1.14729103  1.12969212  0.98998751  0.78800657  0.96024079  0.98669772  0.64494741  1.07022532  0.90836608  0.00000000  1.22004778
18    0.91653055  0.21344437  1.27907048  0.91599279  1.26878348  1.20496781  0.89328103  0.95675247  1.04394261  1.25314796  1.26472677  1.13743659  1.11903586  1.25357112  1.05297087  1.26110061  1.22004778  0.00000000

--------------------------------------------------------------------------------
n=17
(result of R-step: (1,7:18)0.85054739)
V=[0, 1, 2, 3, 4, 5, 6, 7, 8, 9, 11, 12, 13, 14, 15, 16, 17]
total successes of this branch: 3
Matrix on 17 elements:

0    0.00000000  0.87485828  0.89565091  0.52175545  0.76468224  0.78819279  0.92646741  0.78513164  0.91443270  0.77044258  0.76617679  0.90323336  0.89431969  0.77099081  0.86617819  0.76799240  0.78395177
1    0.87485828  0.00000000  1.22605390  0.86926124  1.23601708  1.19644535  0.80832132  0.99534509  0.97145758  1.22632159  1.23350154  1.06582009  1.06364288  1.22073208  1.05676918  1.22726633  1.17774997
2    0.89565091  1.22605390  0.00000000  0.88611471  1.25543073  1.25908771  1.28095670  1.21223301  1.07294161  1.25632673  1.25566320  0.71675705  0.79462958  1.25642284  1.04048224  1.25595300  0.71148068
3    0.52175545  0.86926124  0.88611471  0.00000000  0.82013563  0.83496081  0.92402690  0.81338666  0.90922113  0.82376796  0.82107805  0.89456822  0.89087665  0.82416992  0.87922191  0.82226127  0.80773137
4    0.76468224  1.23601708  1.25543073  0.82013563  0.00000000  1.05251700  1.28978983  1.08670046  1.27637164  0.81683120  0.65621856  1.26331812  1.24612779  0.67524664  1.19185590  0.33735320  0.90174692
5    0.78819279  1.19644535  1.25908771  0.83496081  1.05251700  0.00000000  1.25072392  0.88491054  1.25399022  0.97603178  1.02561447  1.25741592  1.21251867  1.03237519  1.07077278  1.05657236  1.09317602
6    0.92646741  0.80832132  1.28095670  0.92402690  1.28978983  1.25072392  0.00000000  1.00823460  0.95632086  1.28021827  1.28730644  1.18862305  1.17089937  1.26171941  1.11494362  1.26989573  1.22526055
7    0.78513164  0.99534509  1.21223301  0.81338666  1.08670046  0.88491054  1.00823460  0.00000000  1.08790168  1.03725978  1.07387285  1.17645286  1.06572270  1.07190153  0.66279508  1.08509503  1.09220888
8    0.91443270  0.97145758  1.07294161  0.90922113  1.27637164  1.25399022  0.95632086  1.08790168  0.00000000  1.27088795  1.27494887  1.06268075  1.07403905  1.26537950  1.10989853  1.26982333  1.12969212
9    0.77044258  1.22632159  1.25632673  0.82376796  0.81683120  0.97603178  1.28021827  1.03725978  1.27088795  0.00000000  0.82695145  1.26187202  1.23789319  0.84056443  1.16218925  0.82631220  0.98998751
11    0.76617679  1.23350154  1.25566320  0.82107805  0.65621856  1.02561447  1.28730644  1.07387285  1.27494887  0.82695145  0.00000000  1.26294292  1.24399128  0.46093101  1.18415875  0.66913076  0.78800657
12    0.90323336  1.06582009  0.71675705  0.89456822  1.26331812  1.25741592  1.18862305  1.17645286  1.06268075  1.26187202  1.26294292  0.00000000  0.55940390  1.26071087  0.87161711  1.26178984  0.96024079
13    0.89431969  1.06364288  0.79462958  0.89087665  1.24612779  1.21251867  1.17089937  1.06572270  1.07403905  1.23789319  1.24399128  0.55940390  0.00000000  1.24179611  0.88950462  1.24458860  0.98669772
14    0.77099081  1.22073208  1.25642284  0.82416992  0.67524664  1.03237519  1.26171941  1.07190153  1.26537950  0.84056443  0.46093101  1.26071087  1.24179611  0.00000000  1.18208000  0.68724600  0.64494741
15    0.86617819  1.05676918  1.04048224  0.87922191  1.19185590  1.07077278  1.11494362  0.66279508  1.10989853  1.16218925  1.18415875  0.87161711  0.88950462  1.18208000  0.00000000  1.19028226  1.07022532
16    0.76799240  1.22726633  1.25595300  0.82226127  0.33735320  1.05657236  1.26989573  1.08509503  1.26982333  0.82631220  0.66913076  1.26178984  1.24458860  0.68724600  1.19028226  0.00000000  0.90836608
17    0.78395177  1.17774997  0.71148068  0.80773137  0.90174692  1.09317602  1.22526055  1.09220888  1.12969212  0.98998751  0.78800657  0.96024079  0.98669772  0.64494741  1.07022532  0.90836608  0.00000000

--------------------------------------------------------------------------------
n=16
(result of R-step: (2,14:17)0.46877732)
V=[0, 1, 2, 3, 4, 5, 6, 7, 8, 9, 11, 12, 13, 14, 15, 16]
total successes of this branch: 3
Matrix on 16 elements:

0    0.00000000  0.87485828  0.80017142  0.52175545  0.76468224  0.78819279  0.92646741  0.78513164  0.91443270  0.77044258  0.76617679  0.90323336  0.89431969  0.67551132  0.86617819  0.76799240
1    0.87485828  0.00000000  1.13057441  0.86926124  1.23601708  1.19644535  0.80832132  0.99534509  0.97145758  1.22632159  1.23350154  1.06582009  1.06364288  1.12525260  1.05676918  1.22726633
2    0.80017142  1.13057441  0.00000000  0.79063522  1.15995125  1.16360823  1.18547722  1.11675352  0.97746212  1.16084725  1.16018372  0.62127757  0.69915009  1.06546387  0.94500276  1.16047351
3    0.52175545  0.86926124  0.79063522  0.00000000  0.82013563  0.83496081  0.92402690  0.81338666  0.90922113  0.82376796  0.82107805  0.89456822  0.89087665  0.72869044  0.87922191  0.82226127
4    0.76468224  1.23601708  1.15995125  0.82013563  0.00000000  1.05251700  1.28978983  1.08670046  1.27637164  0.81683120  0.65621856  1.26331812  1.24612779  0.57976716  1.19185590  0.33735320
5    0.78819279  1.19644535  1.16360823  0.83496081  1.05251700  0.00000000  1.25072392  0.88491054  1.25399022  0.97603178  1.02561447  1.25741592  1.21251867  0.93689571  1.07077278  1.05657236
6    0.92646741  0.80832132  1.18547722  0.92402690  1.28978983  1.25072392  0.00000000  1.00823460  0.95632086  1.28021827  1.28730644  1.18862305  1.17089937  1.16623993  1.11494362  1.26989573
7    0.78513164  0.99534509  1.11675352  0.81338666  1.08670046  0.88491054  1.00823460  0.00000000  1.08790168  1.03725978  1.07387285  1.17645286  1.06572270  0.97642204  0.66279508  1.08509503
8    0.91443270  0.97145758  0.97746212  0.90922113  1.27637164  1.25399022  0.95632086  1.08790168  0.00000000  1.27088795  1.27494887  1.06268075  1.07403905  1.16990002  1.10989853  1.26982333
9    0.77044258  1.22632159  1.16084725  0.82376796  0.81683120  0.97603178  1.28021827  1.03725978  1.27088795  0.00000000  0.82695145  1.26187202  1.23789319  0.74508495  1.16218925  0.82631220
11    0.76617679  1.23350154  1.16018372  0.82107805  0.65621856  1.02561447  1.28730644  1.07387285  1.27494887  0.82695145  0.00000000  1.26294292  1.24399128  0.36545152  1.18415875  0.66913076
12    0.90323336  1.06582009  0.62127757  0.89456822  1.26331812  1.25741592  1.18862305  1.17645286  1.06268075  1.26187202  1.26294292  0.00000000  0.55940390  1.16523138  0.87161711  1.26178984
13    0.89431969  1.06364288  0.69915009  0.89087665  1.24612779  1.21251867  1.17089937  1.06572270  1.07403905  1.23789319  1.24399128  0.55940390  0.00000000  1.14631662  0.88950462  1.24458860
14    0.67551132  1.12525260  1.06546387  0.72869044  0.57976716  0.93689571  1.16623993  0.97642204  1.16990002  0.74508495  0.36545152  1.16523138  1.14631662  0.00000000  1.08660052  0.59176652
15    0.86617819  1.05676918  0.94500276  0.87922191  1.19185590  1.07077278  1.11494362  0.66279508  1.10989853  1.16218925  1.18415875  0.87161711  0.88950462  1.08660052  0.00000000  1.19028226
16    0.76799240  1.22726633  1.16047351  0.82226127  0.33735320  1.05657236  1.26989573  1.08509503  1.26982333  0.82631220  0.66913076  1.26178984  1.24458860  0.59176652  1.19028226  0.00000000

--------------------------------------------------------------------------------
n=15
(result of R-step: (4,6:16)0.97953978)
V=[0, 1, 2, 3, 4, 5, 6, 7, 8, 9, 11, 12, 13, 14, 15]
total successes of this branch: 3
Matrix on 15 elements:

0    0.00000000  0.87485828  0.80017142  0.52175545  0.60595269  0.78819279  0.76773786  0.78513164  0.91443270  0.77044258  0.76617679  0.90323336  0.89431969  0.67551132  0.86617819
1    0.87485828  0.00000000  1.13057441  0.86926124  1.07728753  1.19644535  0.64959177  0.99534509  0.97145758  1.22632159  1.23350154  1.06582009  1.06364288  1.12525260  1.05676918
2    0.80017142  1.13057441  0.00000000  0.79063522  1.00122170  1.16360823  1.02674767  1.11675352  0.97746212  1.16084725  1.16018372  0.62127757  0.69915009  1.06546387  0.94500276
3    0.52175545  0.86926124  0.79063522  0.00000000  0.66140608  0.83496081  0.76529735  0.81338666  0.90922113  0.82376796  0.82107805  0.89456822  0.89087665  0.72869044  0.87922191
4    0.60595269  1.07728753  1.00122170  0.66140608  0.00000000  0.89378745  0.97233073  0.92797091  1.11764209  0.65810165  0.49748901  1.10458857  1.08739823  0.42103761  1.03312635
5    0.78819279  1.19644535  1.16360823  0.83496081  0.89378745  0.00000000  1.09199437  0.88491054  1.25399022  0.97603178  1.02561447  1.25741592  1.21251867  0.93689571  1.07077278
6    0.76773786  0.64959177  1.02674767  0.76529735  0.97233073  1.09199437  0.00000000  0.84950505  0.79759131  1.12148871  1.12857689  1.02989350  1.01216981  1.00751037  0.95621407
7    0.78513164  0.99534509  1.11675352  0.81338666  0.92797091  0.88491054  0.84950505  0.00000000  1.08790168  1.03725978  1.07387285  1.17645286  1.06572270  0.97642204  0.66279508
8    0.91443270  0.97145758  0.97746212  0.90922113  1.11764209  1.25399022  0.79759131  1.08790168  0.00000000  1.27088795  1.27494887  1.06268075  1.07403905  1.16990002  1.10989853
9    0.77044258  1.22632159  1.16084725  0.82376796  0.65810165  0.97603178  1.12148871  1.03725978  1.27088795  0.00000000  0.82695145  1.26187202  1.23789319  0.74508495  1.16218925
11    0.76617679  1.23350154  1.16018372  0.82107805  0.49748901  1.02561447  1.12857689  1.07387285  1.27494887  0.82695145  0.00000000  1.26294292  1.24399128  0.36545152  1.18415875
12    0.90323336  1.06582009  0.62127757  0.89456822  1.10458857  1.25741592  1.02989350  1.17645286  1.06268075  1.26187202  1.26294292  0.00000000  0.55940390  1.16523138  0.87161711
13    0.89431969  1.06364288  0.69915009  0.89087665  1.08739823  1.21251867  1.01216981  1.06572270  1.07403905  1.23789319  1.24399128  0.55940390  0.00000000  1.14631662  0.88950462
14    0.67551132  1.12525260  1.06546387  0.72869044  0.42103761  0.93689571  1.00751037  0.97642204  1.16990002  0.74508495  0.36545152  1.16523138  1.14631662  0.00000000  1.08660052
15    0.86617819  1.05676918  0.94500276  0.87922191  1.03312635  1.07077278  0.95621407  0.66279508  1.10989853  1.16218925  1.18415875  0.87161711  0.88950462  1.08660052  0.00000000

--------------------------------------------------------------------------------
n=14
(result of R-step: (6,11:14)0.03003305)
V=[0, 1, 2, 3, 4, 5, 6, 7, 8, 9, 11, 12, 13, 15]
total successes of this branch: 3
Matrix on 14 elements:

0    0.00000000  0.87485828  0.80017142  0.52175545  0.60595269  0.78819279  0.70879542  0.78513164  0.91443270  0.77044258  0.54850480  0.90323336  0.89431969  0.86617819
1    0.87485828  0.00000000  1.13057441  0.86926124  1.07728753  1.19644535  0.59064933  0.99534509  0.97145758  1.22632159  1.01582955  1.06582009  1.06364288  1.05676918
2    0.80017142  1.13057441  0.00000000  0.79063522  1.00122170  1.16360823  0.96780523  1.11675352  0.97746212  1.16084725  0.94251173  0.62127757  0.69915009  0.94500276
3    0.52175545  0.86926124  0.79063522  0.00000000  0.66140608  0.83496081  0.70635491  0.81338666  0.90922113  0.82376796  0.60340607  0.89456822  0.89087665  0.87922191
4    0.60595269  1.07728753  1.00122170  0.66140608  0.00000000  0.89378745  0.91338829  0.92797091  1.11764209  0.65810165  0.27981703  1.10458857  1.08739823  1.03312635
5    0.78819279  1.19644535  1.16360823  0.83496081  0.89378745  0.00000000  1.03305193  0.88491054  1.25399022  0.97603178  0.80794248  1.25741592  1.21251867  1.07077278
6    0.70879542  0.59064933  0.96780523  0.70635491  0.91338829  1.03305193  0.00000000  0.79056261  0.73864888  1.06254628  0.85196247  0.97095106  0.95322738  0.89727163
7    0.78513164  0.99534509  1.11675352  0.81338666  0.92797091  0.88491054  0.79056261  0.00000000  1.08790168  1.03725978  0.85620086  1.17645286  1.06572270  0.66279508
8    0.91443270  0.97145758  0.97746212  0.90922113  1.11764209  1.25399022  0.73864888  1.08790168  0.00000000  1.27088795  1.05727688  1.06268075  1.07403905  1.10989853
9    0.77044258  1.22632159  1.16084725  0.82376796  0.65810165  0.97603178  1.06254628  1.03725978  1.27088795  0.00000000  0.60927946  1.26187202  1.23789319  1.16218925
11    0.54850480  1.01582955  0.94251173  0.60340607  0.27981703  0.80794248  0.85196247  0.85620086  1.05727688  0.60927946  0.00000000  1.04527093  1.02631929  0.96648676
12    0.90323336  1.06582009  0.62127757  0.89456822  1.10458857  1.25741592  0.97095106  1.17645286  1.06268075  1.26187202  1.04527093  0.00000000  0.55940390  0.87161711
13    0.89431969  1.06364288  0.69915009  0.89087665  1.08739823  1.21251867  0.95322738  1.06572270  1.07403905  1.23789319  1.02631929  0.55940390  0.00000000  0.88950462
15    0.86617819  1.05676918  0.94500276  0.87922191  1.03312635  1.07077278  0.89727163  0.66279508  1.10989853  1.16218925  0.96648676  0.87161711  0.88950462  0.00000000

--------------------------------------------------------------------------------
n=13
(result of R-step: (4,5:11)0.93643083)
V=[0, 1, 2, 3, 4, 5, 6, 7, 8, 9, 12, 13, 15]
total successes of this branch: 3
Matrix on 13 elements:

0    0.00000000  0.87485828  0.80017142  0.52175545  0.45002423  0.47353478  0.70879542  0.78513164  0.91443270  0.77044258  0.90323336  0.89431969  0.86617819
1    0.87485828  0.00000000  1.13057441  0.86926124  0.92135907  0.88178734  0.59064933  0.99534509  0.97145758  1.22632159  1.06582009  1.06364288  1.05676918
2    0.80017142  1.13057441  0.00000000  0.79063522  0.84529323  0.84895021  0.96780523  1.11675352  0.97746212  1.16084725  0.62127757  0.69915009  0.94500276
3    0.52175545  0.86926124  0.79063522  0.00000000  0.50547761  0.52030279  0.70635491  0.81338666  0.90922113  0.82376796  0.89456822  0.89087665  0.87922191
4    0.45002423  0.92135907  0.84529323  0.50547761  0.00000000  0.42320097  0.75745983  0.77204245  0.96171362  0.50217319  0.94866010  0.93146977  0.87719788
5    0.47353478  0.88178734  0.84895021  0.52030279  0.42320097  0.00000000  0.71839392  0.57025252  0.93933220  0.66137376  0.94275791  0.89786065  0.75611476
6    0.70879542  0.59064933  0.96780523  0.70635491  0.75745983  0.71839392  0.00000000  0.79056261  0.73864888  1.06254628  0.97095106  0.95322738  0.89727163
7    0.78513164  0.99534509  1.11675352  0.81338666  0.77204245  0.57025252  0.79056261  0.00000000  1.08790168  1.03725978  1.17645286  1.06572270  0.66279508
8    0.91443270  0.97145758  0.97746212  0.90922113  0.96171362  0.93933220  0.73864888  1.08790168  0.00000000  1.27088795  1.06268075  1.07403905  1.10989853
9    0.77044258  1.22632159  1.16084725  0.82376796  0.50217319  0.66137376  1.06254628  1.03725978  1.27088795  0.00000000  1.26187202  1.23789319  1.16218925
12    0.90323336  1.06582009  0.62127757  0.89456822  0.94866010  0.94275791  0.97095106  1.17645286  1.06268075  1.26187202  0.00000000  0.55940390  0.87161711
13    0.89431969  1.06364288  0.69915009  0.89087665  0.93146977  0.89786065  0.95322738  1.06572270  1.07403905  1.23789319  0.55940390  0.00000000  0.88950462
15    0.86617819  1.05676918  0.94500276  0.87922191  0.87719788  0.75611476  0.89727163  0.66279508  1.10989853  1.16218925  0.87161711  0.88950462  0.00000000

--------------------------------------------------------------------------------
n=12
(result of R-step: (4,5:9)0.75498935)
V=[0, 1, 2, 3, 4, 5, 6, 7, 8, 12, 13, 15]
total successes of this branch: 3
Matrix on 12 elements:

0    0.00000000  0.87485828  0.80017142  0.52175545  0.39450925  0.41801981  0.70879542  0.78513164  0.91443270  0.90323336  0.89431969  0.86617819
1    0.87485828  0.00000000  1.13057441  0.86926124  0.86584410  0.82627236  0.59064933  0.99534509  0.97145758  1.06582009  1.06364288  1.05676918
2    0.80017142  1.13057441  0.00000000  0.79063522  0.78977826  0.79343524  0.96780523  1.11675352  0.97746212  0.62127757  0.69915009  0.94500276
3    0.52175545  0.86926124  0.79063522  0.00000000  0.44996264  0.46478782  0.70635491  0.81338666  0.90922113  0.89456822  0.89087665  0.87922191
4    0.39450925  0.86584410  0.78977826  0.44996264  0.00000000  0.31217103  0.70194485  0.71652748  0.90619865  0.89314513  0.87595480  0.82168291
5    0.41801981  0.82627236  0.79343524  0.46478782  0.31217103  0.00000000  0.66287894  0.51473755  0.88381723  0.88724294  0.84234568  0.70059979
6    0.70879542  0.59064933  0.96780523  0.70635491  0.70194485  0.66287894  0.00000000  0.79056261  0.73864888  0.97095106  0.95322738  0.89727163
7    0.78513164  0.99534509  1.11675352  0.81338666  0.71652748  0.51473755  0.79056261  0.00000000  1.08790168  1.17645286  1.06572270  0.66279508
8    0.91443270  0.97145758  0.97746212  0.90922113  0.90619865  0.88381723  0.73864888  1.08790168  0.00000000  1.06268075  1.07403905  1.10989853
12    0.90323336  1.06582009  0.62127757  0.89456822  0.89314513  0.88724294  0.97095106  1.17645286  1.06268075  0.00000000  0.55940390  0.87161711
13    0.89431969  1.06364288  0.69915009  0.89087665  0.87595480  0.84234568  0.95322738  1.06572270  1.07403905  0.55940390  0.00000000  0.88950462
15    0.86617819  1.05676918  0.94500276  0.87922191  0.82168291  0.70059979  0.89727163  0.66279508  1.10989853  0.87161711  0.88950462  0.00000000

--------------------------------------------------------------------------------
n=11
(result of R-step: (7,12:15)0.58799459)
V=[0, 1, 2, 3, 4, 5, 6, 7, 8, 12, 13]
total successes of this branch: 3
Matrix on 11 elements:

0    0.00000000  0.87485828  0.80017142  0.52175545  0.39450925  0.41801981  0.70879542  0.66123412  0.91443270  0.72425369  0.89431969
1    0.87485828  0.00000000  1.13057441  0.86926124  0.86584410  0.82627236  0.59064933  0.87144758  0.97145758  0.88684042  1.06364288
2    0.80017142  1.13057441  0.00000000  0.79063522  0.78977826  0.79343524  0.96780523  0.99285600  0.97746212  0.44229790  0.69915009
3    0.52175545  0.86926124  0.79063522  0.00000000  0.44996264  0.46478782  0.70635491  0.68948915  0.90922113  0.71558856  0.89087665
4    0.39450925  0.86584410  0.78977826  0.44996264  0.00000000  0.31217103  0.70194485  0.59262996  0.90619865  0.71416546  0.87595480
5    0.41801981  0.82627236  0.79343524  0.46478782  0.31217103  0.00000000  0.66287894  0.39084003  0.88381723  0.70826327  0.84234568
6    0.70879542  0.59064933  0.96780523  0.70635491  0.70194485  0.66287894  0.00000000  0.66666509  0.73864888  0.79197140  0.95322738
7    0.66123412  0.87144758  0.99285600  0.68948915  0.59262996  0.39084003  0.66666509  0.00000000  0.96400417  0.87357567  0.94182519
8    0.91443270  0.97145758  0.97746212  0.90922113  0.90619865  0.88381723  0.73864888  0.96400417  0.00000000  0.88370108  1.07403905
12    0.72425369  0.88684042  0.44229790  0.71558856  0.71416546  0.70826327  0.79197140  0.87357567  0.88370108  0.00000000  0.38042423
13    0.89431969  1.06364288  0.69915009  0.89087665  0.87595480  0.84234568  0.95322738  0.94182519  1.07403905  0.38042423  0.00000000

--------------------------------------------------------------------------------
n=10
(result of R-step: (7,12:13)0.14144288)
V=[0, 1, 2, 3, 4, 5, 6, 7, 8, 12]
total successes of this branch: 3
Matrix on 10 elements:

0    0.00000000  0.87485828  0.80017142  0.52175545  0.39450925  0.41801981  0.70879542  0.61587692  0.91443270  0.67889649
1    0.87485828  0.00000000  1.13057441  0.86926124  0.86584410  0.82627236  0.59064933  0.82609037  0.97145758  0.84148322
2    0.80017142  1.13057441  0.00000000  0.79063522  0.78977826  0.79343524  0.96780523  0.94749880  0.97746212  0.39694070
3    0.52175545  0.86926124  0.79063522  0.00000000  0.44996264  0.46478782  0.70635491  0.64413194  0.90922113  0.67023135
4    0.39450925  0.86584410  0.78977826  0.44996264  0.00000000  0.31217103  0.70194485  0.54727276  0.90619865  0.66880826
5    0.41801981  0.82627236  0.79343524  0.46478782  0.31217103  0.00000000  0.66287894  0.34548283  0.88381723  0.66290606
6    0.70879542  0.59064933  0.96780523  0.70635491  0.70194485  0.66287894  0.00000000  0.62130789  0.73864888  0.74661419
7    0.61587692  0.82609037  0.94749880  0.64413194  0.54727276  0.34548283  0.62130789  0.00000000  0.91864697  0.78286127
8    0.91443270  0.97145758  0.97746212  0.90922113  0.90619865  0.88381723  0.73864888  0.91864697  0.00000000  0.83834388
12    0.67889649  0.84148322  0.39694070  0.67023135  0.66880826  0.66290606  0.74661419  0.78286127  0.83834388  0.00000000

--------------------------------------------------------------------------------
n=9
(result of R-step: (1,2:12)0.22113025)
V=[0, 1, 2, 3, 4, 5, 6, 7, 8]
total successes of this branch: 3
Matrix on 9 elements:

0    0.00000000  0.65167882  0.61738929  0.52175545  0.39450925  0.41801981  0.70879542  0.61587692  0.91443270
1    0.65167882  0.00000000  0.72461281  0.64608177  0.64266463  0.60309290  0.36746986  0.60291091  0.74827811
2    0.61738929  0.72461281  0.00000000  0.60785309  0.60699612  0.61065311  0.78502310  0.76471667  0.79467999
3    0.52175545  0.64608177  0.60785309  0.00000000  0.44996264  0.46478782  0.70635491  0.64413194  0.90922113
4    0.39450925  0.64266463  0.60699612  0.44996264  0.00000000  0.31217103  0.70194485  0.54727276  0.90619865
5    0.41801981  0.60309290  0.61065311  0.46478782  0.31217103  0.00000000  0.66287894  0.34548283  0.88381723
6    0.70879542  0.36746986  0.78502310  0.70635491  0.70194485  0.66287894  0.00000000  0.62130789  0.73864888
7    0.61587692  0.60291091  0.76471667  0.64413194  0.54727276  0.34548283  0.62130789  0.00000000  0.91864697
8    0.91443270  0.74827811  0.79467999  0.90922113  0.90619865  0.88381723  0.73864888  0.91864697  0.00000000

--------------------------------------------------------------------------------
n=8
(result of R-step: (2,6:8)0.39052799)
V=[0, 1, 2, 3, 4, 5, 6, 7]
total successes of this branch: 3
Matrix on 8 elements:

0    0.00000000  0.65167882  0.52149802  0.52175545  0.39450925  0.41801981  0.55231453  0.61587692
1    0.65167882  0.00000000  0.62872155  0.64608177  0.64266463  0.60309290  0.21098897  0.60291091
2    0.52149802  0.62872155  0.00000000  0.51196182  0.51110486  0.51476184  0.53265094  0.66882540
3    0.52175545  0.64608177  0.51196182  0.00000000  0.44996264  0.46478782  0.54987402  0.64413194
4    0.39450925  0.64266463  0.51110486  0.44996264  0.00000000  0.31217103  0.54546396  0.54727276
5    0.41801981  0.60309290  0.51476184  0.46478782  0.31217103  0.00000000  0.50639805  0.34548283
6    0.55231453  0.21098897  0.53265094  0.54987402  0.54546396  0.50639805  0.00000000  0.46482700
7    0.61587692  0.60291091  0.66882540  0.64413194  0.54727276  0.34548283  0.46482700  0.00000000

--------------------------------------------------------------------------------
n=7
(result of R-step: (5,6:7)0.62378494)
V=[0, 1, 2, 3, 4, 5, 6]
total successes of this branch: 3
Matrix on 7 elements:

0    0.00000000  0.65167882  0.52149802  0.52175545  0.39450925  0.41190004  0.55017465
1    0.65167882  0.00000000  0.62872155  0.64608177  0.64266463  0.59697313  0.20884909
2    0.52149802  0.62872155  0.00000000  0.51196182  0.51110486  0.50864207  0.53051106
3    0.52175545  0.64608177  0.51196182  0.00000000  0.44996264  0.45866805  0.54773414
4    0.39450925  0.64266463  0.51110486  0.44996264  0.00000000  0.30605126  0.54332408
5    0.41190004  0.59697313  0.50864207  0.45866805  0.30605126  0.00000000  0.49813841
6    0.55017465  0.20884909  0.53051106  0.54773414  0.54332408  0.49813841  0.00000000

--------------------------------------------------------------------------------
n=6
(result of R-step: (0,1:6)0.00801847)
V=[0, 1, 2, 3, 4, 5]
total successes of this branch: 3
Matrix on 6 elements:

0    0.00000000  0.43312815  0.45465095  0.45490838  0.32766219  0.34505297
1    0.43312815  0.00000000  0.47701795  0.49437817  0.49096103  0.44526953
2    0.45465095  0.47701795  0.00000000  0.51196182  0.51110486  0.50864207
3    0.45490838  0.49437817  0.51196182  0.00000000  0.44996264  0.45866805
4    0.32766219  0.49096103  0.51110486  0.44996264  0.00000000  0.30605126
5    0.34505297  0.44526953  0.50864207  0.45866805  0.30605126  0.00000000

--------------------------------------------------------------------------------
n=5
(result of R-step: (0,2:3)0.56252827)
V=[0, 1, 2, 4, 5]
total successes of this branch: 0
Matrix on 5 elements:

0    0.00000000  0.24294929  0.01970389  0.13748333  0.15487411
1    0.24294929  0.00000000  0.23224975  0.49096103  0.44526953
2    0.01970389  0.23224975  0.00000000  0.26633666  0.26387387
4    0.13748333  0.49096103  0.26633666  0.00000000  0.30605126
5    0.15487411  0.44526953  0.26387387  0.30605126  0.00000000
reason of abort: no pseudometric

--------------------------------------------------------------------------------
n=5
(result of R-step: (1,4:5)0.14226557)
V=[0, 1, 2, 3, 4]
total successes of this branch: 3
Matrix on 5 elements:

0    0.00000000  0.35662073  0.45465095  0.45490838  0.19136254
1    0.35662073  0.00000000  0.40051053  0.41787075  0.27815396
2    0.45465095  0.40051053  0.00000000  0.51196182  0.37480521
3    0.45490838  0.41787075  0.51196182  0.00000000  0.31366299
4    0.19136254  0.27815396  0.37480521  0.31366299  0.00000000

--------------------------------------------------------------------------------
n=4
(result of R-step: (0,1:3)0.53885806)
V=[0, 1, 2, 4]
total successes of this branch: 0
Matrix on 4 elements:

0    0.00000000  0.00794331  0.26148476 -0.00180365
1    0.00794331  0.00000000  0.24499930  0.12264273
2    0.26148476  0.24499930  0.00000000  0.37480521
4   -0.00180365  0.12264273  0.37480521  0.00000000
reason of abort: no pseudometric

--------------------------------------------------------------------------------
n=4
(result of R-step: (0,2:1)0.02025628)
V=[0, 2, 3, 4]
total successes of this branch: 1
Matrix on 4 elements:

0    0.00000000  0.10596096  0.35334239  0.08979655
2    0.10596096  0.00000000  0.26483782  0.12768121
3    0.35334239  0.26483782  0.00000000  0.31366299
4    0.08979655  0.12768121  0.31366299  0.00000000

--------------------------------------------------------------------------------
n=4
(result of R-step: (0,2:3)0.56252827)
V=[0, 1, 2, 4]
