n=20
V=[0, 1, 2, 3, 4, 5, 6, 7, 8, 9, 10, 11, 12, 13, 14, 15, 16, 17, 18, 19]
total successes of this branch: 3
Matrix on 20 elements:

0    0.00000000  2.06470222  1.98789094  1.86735462  1.82879817  1.81930328  1.85933998  1.84344907  2.01738265  1.76760474  2.02367134  1.37026703  2.00486875  1.88653293  2.01152680  1.93730931  2.03704374  1.78164017  1.82060072  1.93517110
1    2.06470222  0.00000000  2.05995969  2.06326831  1.93841479  1.94592352  2.03731527  1.98585734  1.64297397  1.95764562  1.63439044  2.06423941  1.67105898  1.80781920  1.65035120  1.86374787  1.36006477  1.96286636  1.94909195  1.86652961
2    1.98789094  2.05995969  0.00000000  1.93565202  2.01301958  2.01152549  1.95173425  1.98362102  2.05062026  2.00919303  1.57194158  1.97103015  1.61489210  2.02891802  2.04964903  1.77247855  1.73099194  2.00446078  2.00947683  1.77728852
3    1.86735462  2.06326831  1.93565202  0.00000000  1.93566500  1.93160344  1.72291618  1.83360942  2.03787975  1.92526281  1.99509852  1.63044856  1.97825036  1.97888376  2.03523953  1.41146583  2.01731579  1.90830183  1.89142736  1.42108257
4    1.82879817  1.93841479  2.01301958  1.93566500  0.00000000  1.67860104  1.87983638  1.76373927  1.88831565  1.48813898  1.97826701  1.86329084  1.95588533  1.67867739  1.87893381  1.94595127  1.96527874  1.53914038  1.68554202  1.94180034
5    1.81930328  1.94592352  2.01152549  1.93160344  1.67860104  0.00000000  1.87901237  1.77473833  1.87355130  1.70002694  1.98096664  1.85554963  1.95945084  1.78264809  1.86948316  1.94576966  1.96954571  1.71385270  0.48383187  1.94187344
6    1.85933998  2.03731527  1.95173425  1.72291618  1.87983638  1.87901237  0.00000000  1.77279861  2.00679018  1.87671522  1.99159979  1.81530741  1.96877226  1.93864856  2.00374067  1.84798540  2.00649896  1.85748486  1.87479762  1.84627259
7    1.84344907  1.98585734  1.98362102  1.83360942  1.76373927  1.77473833  1.77279861  0.00000000  1.94514786  1.77587734  1.98466274  1.84027320  1.89362775  1.85647309  1.94117945  1.86414129  1.98505207  1.55957924  1.77632790  1.82373147
8    2.01738265  1.64297397  2.05062026  2.03787975  1.88831565  1.87355130  2.00679018  1.94514786  0.00000000  1.90796975  1.86072958  2.02399836  1.86953694  1.49039023  0.93720559  1.95224224  1.78976068  1.91484977  1.87798834  1.95208062
9    1.76760474  1.95764562  2.00919303  1.92526281  1.48813898  1.70002694  1.87671522  1.77587734  1.90796975  0.00000000  1.98518110  1.81849095  1.96334444  1.44853145  1.88740873  1.94463528  1.97620699  0.82334834  1.70610853  1.94079085
10    2.02367134  1.63439044  1.57194158  1.99509852  1.97826701  1.98096664  1.99159979  1.98466274  1.86072958  1.98518110  0.00000000  2.01444909  1.20313001  1.92592529  1.86364725  1.59221696  1.06699590  1.98508518  1.98134821  1.60115716
11    1.37026703  2.06423941  1.97103015  1.63044856  1.86329084  1.85554963  1.81530741  1.84027320  2.02399836  1.81849095  2.01444909  0.00000000  1.99627732  1.91634037  2.01918039  1.81654896  2.03067629  1.82252188  1.84947167  1.81708942
12    2.00486875  1.67105898  1.61489210  1.97825036  1.95588533  1.95945084  1.96877226  1.89362775  1.86953694  1.96334444  1.20313001  1.99627732  0.00000000  1.91867934  1.87173618  1.39137118  1.35563310  1.95044297  1.95995844  1.40281295
13    1.88653293  1.80781920  2.02891802  1.97888376  1.67867739  1.78264809  1.93864856  1.85647309  1.49039023  1.44853145  1.92592529  1.91634037  1.91867934  0.00000000  1.46447401  1.94825723  1.88743324  1.52402337  1.78794665  1.94616632
14    2.01152680  1.65035120  2.04964903  2.03523953  1.87893381  1.86948316  2.00374067  1.94117945  0.93720559  1.88740873  1.86364725  2.01918039  1.87173618  1.46447401  0.00000000  1.95206390  1.79413177  1.89735931  1.87395874  1.95181594
15    1.93730931  1.86374787  1.77247855  1.41146583  1.94595127  1.94576966  1.84798540  1.86414129  1.95224224  1.94463528  1.59221696  1.81654896  1.39137118  1.94825723  1.95206390  0.00000000  1.68071181  1.92973941  1.93134292  0.13069126
16    2.03704374  1.36006477  1.73099194  2.01731579  1.96527874  1.96954571  2.00649896  1.98505207  1.78976068  1.97620699  1.06699590  2.03067629  1.35563310  1.88743324  1.79413177  1.68071181  0.00000000  1.97784383  1.97083555  1.68764490
17    1.78164017  1.96286636  2.00446078  1.90830183  1.53914038  1.71385270  1.85748486  1.55957924  1.91484977  0.82334834  1.98508518  1.82252188  1.95044297  1.52402337  1.89735931  1.92973941  1.97784383  0.00000000  1.71910302  1.92130689
18    1.82060072  1.94909195  2.00947683  1.89142736  1.68554202  0.48383187  1.87479762  1.77632790  1.87798834  1.70610853  1.98134821  1.84947167  1.95995844  1.78794665  1.87395874  1.93134292  1.97083555  1.71910302  0.00000000  1.92781157
19    1.93517110  1.86652961  1.77728852  1.42108257  1.94180034  1.94187344  1.84627259  1.82373147  1.95208062  1.94079085  1.60115716  1.81708942  1.40281295  1.94616632  1.95181594  0.13069126  1.68764490  1.92130689  1.92781157  0.00000000

--------------------------------------------------------------------------------
n=19
(result of R-step: (1,10:16)0.32591076)
V=[0, 1, 2, 3, 4, 5, 6, 7, 8, 9, 10, 11, 12, 13, 14, 15, 17, 18, 19]
total successes of this branch: 3
Matrix on 19 elements:

0    0.00000000  1.66836711  1.98789094  1.86735462  1.82879817  1.81930328  1.85933998  1.84344907  2.01738265  1.76760474  1.62733622  1.37026703  2.00486875  1.88653293  2.01152680  1.93730931  1.78164017  1.82060072  1.93517110
1    1.66836711  0.00000000  1.66362458  1.66693319  1.54207967  1.54958841  1.64098016  1.58952222  1.24663885  1.56131051  0.84172021  1.66790429  1.27472387  1.41148409  1.25401609  1.46741276  1.56653125  1.55275683  1.47019450
2    1.98789094  1.66362458  0.00000000  1.93565202  2.01301958  2.01152549  1.95173425  1.98362102  2.05062026  2.00919303  1.17560647  1.97103015  1.61489210  2.02891802  2.04964903  1.77247855  2.00446078  2.00947683  1.77728852
3    1.86735462  1.66693319  1.93565202  0.00000000  1.93566500  1.93160344  1.72291618  1.83360942  2.03787975  1.92526281  1.59876340  1.63044856  1.97825036  1.97888376  2.03523953  1.41146583  1.90830183  1.89142736  1.42108257
4    1.82879817  1.54207967  2.01301958  1.93566500  0.00000000  1.67860104  1.87983638  1.76373927  1.88831565  1.48813898  1.58193190  1.86329084  1.95588533  1.67867739  1.87893381  1.94595127  1.53914038  1.68554202  1.94180034
5    1.81930328  1.54958841  2.01152549  1.93160344  1.67860104  0.00000000  1.87901237  1.77473833  1.87355130  1.70002694  1.58463152  1.85554963  1.95945084  1.78264809  1.86948316  1.94576966  1.71385270  0.48383187  1.94187344
6    1.85933998  1.64098016  1.95173425  1.72291618  1.87983638  1.87901237  0.00000000  1.77279861  2.00679018  1.87671522  1.59526468  1.81530741  1.96877226  1.93864856  2.00374067  1.84798540  1.85748486  1.87479762  1.84627259
7    1.84344907  1.58952222  1.98362102  1.83360942  1.76373927  1.77473833  1.77279861  0.00000000  1.94514786  1.77587734  1.58832763  1.84027320  1.89362775  1.85647309  1.94117945  1.86414129  1.55957924  1.77632790  1.82373147
8    2.01738265  1.24663885  2.05062026  2.03787975  1.88831565  1.87355130  2.00679018  1.94514786  0.00000000  1.90796975  1.46439446  2.02399836  1.86953694  1.49039023  0.93720559  1.95224224  1.91484977  1.87798834  1.95208062
9    1.76760474  1.56131051  2.00919303  1.92526281  1.48813898  1.70002694  1.87671522  1.77587734  1.90796975  0.00000000  1.58884599  1.81849095  1.96334444  1.44853145  1.88740873  1.94463528  0.82334834  1.70610853  1.94079085
10    1.62733622  0.84172021  1.17560647  1.59876340  1.58193190  1.58463152  1.59526468  1.58832763  1.46439446  1.58884599  0.00000000  1.61811397  0.80679489  1.52959017  1.46731214  1.19588185  1.58875006  1.58501310  1.20482205
11    1.37026703  1.66790429  1.97103015  1.63044856  1.86329084  1.85554963  1.81530741  1.84027320  2.02399836  1.81849095  1.61811397  0.00000000  1.99627732  1.91634037  2.01918039  1.81654896  1.82252188  1.84947167  1.81708942
12    2.00486875  1.27472387  1.61489210  1.97825036  1.95588533  1.95945084  1.96877226  1.89362775  1.86953694  1.96334444  0.80679489  1.99627732  0.00000000  1.91867934  1.87173618  1.39137118  1.95044297  1.95995844  1.40281295
13    1.88653293  1.41148409  2.02891802  1.97888376  1.67867739  1.78264809  1.93864856  1.85647309  1.49039023  1.44853145  1.52959017  1.91634037  1.91867934  0.00000000  1.46447401  1.94825723  1.52402337  1.78794665  1.94616632
14    2.01152680  1.25401609  2.04964903  2.03523953  1.87893381  1.86948316  2.00374067  1.94117945  0.93720559  1.88740873  1.46731214  2.01918039  1.87173618  1.46447401  0.00000000  1.95206390  1.89735931  1.87395874  1.95181594
15    1.93730931  1.46741276  1.77247855  1.41146583  1.94595127  1.94576966  1.84798540  1.86414129  1.95224224  1.94463528  1.19588185  1.81654896  1.39137118  1.94825723  1.95206390  0.00000000  1.92973941  1.93134292  0.13069126
17    1.78164017  1.56653125  2.00446078  1.90830183  1.53914038  1.71385270  1.85748486  1.55957924  1.91484977  0.82334834  1.58875006  1.82252188  1.95044297  1.52402337  1.89735931  1.92973941  0.00000000  1.71910302  1.92130689
18    1.82060072  1.55275683  2.00947683  1.89142736  1.68554202  0.48383187  1.87479762  1.77632790  1.87798834  1.70610853  1.58501310  1.84947167  1.95995844  1.78794665  1.87395874  1.93134292  1.71910302  0.00000000  1.92781157
19    1.93517110  1.47019450  1.77728852  1.42108257  1.94180034  1.94187344  1.84627259  1.82373147  1.95208062  1.94079085  1.20482205  1.81708942  1.40281295  1.94616632  1.95181594  0.13069126  1.92130689  1.92781157  0.00000000

--------------------------------------------------------------------------------
n=18
(result of R-step: (3,5:18)0.02700100)
V=[0, 1, 2, 3, 4, 5, 6, 7, 8, 9, 10, 11, 12, 13, 14, 15, 17, 19]
total successes of this branch: 3
Matrix on 18 elements:

0    0.00000000  1.66836711  1.98789094  1.64552673  1.82879817  1.59747539  1.85933998  1.84344907  2.01738265  1.76760474  1.62733622  1.37026703  2.00486875  1.88653293  2.01152680  1.93730931  1.78164017  1.93517110
1    1.66836711  0.00000000  1.66362458  1.44510530  1.54207967  1.32776051  1.64098016  1.58952222  1.24663885  1.56131051  0.84172021  1.66790429  1.27472387  1.41148409  1.25401609  1.46741276  1.56653125  1.47019450
2    1.98789094  1.66362458  0.00000000  1.71382413  2.01301958  1.78969759  1.95173425  1.98362102  2.05062026  2.00919303  1.17560647  1.97103015  1.61489210  2.02891802  2.04964903  1.77247855  2.00446078  1.77728852
3    1.64552673  1.44510530  1.71382413  0.00000000  1.71383710  1.48794764  1.50108828  1.61178152  1.81605185  1.70343492  1.37693551  1.40862066  1.75642246  1.75705586  1.81341163  1.18963794  1.68647394  1.19925467
4    1.82879817  1.54207967  2.01301958  1.71383710  0.00000000  1.45677314  1.87983638  1.76373927  1.88831565  1.48813898  1.58193190  1.86329084  1.95588533  1.67867739  1.87893381  1.94595127  1.53914038  1.94180034
5    1.59747539  1.32776051  1.78969759  1.48794764  1.45677314  0.00000000  1.65718447  1.55291043  1.65172341  1.47819904  1.36280363  1.63372173  1.73762294  1.56082019  1.64765526  1.72394177  1.49202481  1.72004555
6    1.85933998  1.64098016  1.95173425  1.50108828  1.87983638  1.65718447  0.00000000  1.77279861  2.00679018  1.87671522  1.59526468  1.81530741  1.96877226  1.93864856  2.00374067  1.84798540  1.85748486  1.84627259
7    1.84344907  1.58952222  1.98362102  1.61178152  1.76373927  1.55291043  1.77279861  0.00000000  1.94514786  1.77587734  1.58832763  1.84027320  1.89362775  1.85647309  1.94117945  1.86414129  1.55957924  1.82373147
8    2.01738265  1.24663885  2.05062026  1.81605185  1.88831565  1.65172341  2.00679018  1.94514786  0.00000000  1.90796975  1.46439446  2.02399836  1.86953694  1.49039023  0.93720559  1.95224224  1.91484977  1.95208062
9    1.76760474  1.56131051  2.00919303  1.70343492  1.48813898  1.47819904  1.87671522  1.77587734  1.90796975  0.00000000  1.58884599  1.81849095  1.96334444  1.44853145  1.88740873  1.94463528  0.82334834  1.94079085
10    1.62733622  0.84172021  1.17560647  1.37693551  1.58193190  1.36280363  1.59526468  1.58832763  1.46439446  1.58884599  0.00000000  1.61811397  0.80679489  1.52959017  1.46731214  1.19588185  1.58875006  1.20482205
11    1.37026703  1.66790429  1.97103015  1.40862066  1.86329084  1.63372173  1.81530741  1.84027320  2.02399836  1.81849095  1.61811397  0.00000000  1.99627732  1.91634037  2.01918039  1.81654896  1.82252188  1.81708942
12    2.00486875  1.27472387  1.61489210  1.75642246  1.95588533  1.73762294  1.96877226  1.89362775  1.86953694  1.96334444  0.80679489  1.99627732  0.00000000  1.91867934  1.87173618  1.39137118  1.95044297  1.40281295
13    1.88653293  1.41148409  2.02891802  1.75705586  1.67867739  1.56082019  1.93864856  1.85647309  1.49039023  1.44853145  1.52959017  1.91634037  1.91867934  0.00000000  1.46447401  1.94825723  1.52402337  1.94616632
14    2.01152680  1.25401609  2.04964903  1.81341163  1.87893381  1.64765526  2.00374067  1.94117945  0.93720559  1.88740873  1.46731214  2.01918039  1.87173618  1.46447401  0.00000000  1.95206390  1.89735931  1.95181594
15    1.93730931  1.46741276  1.77247855  1.18963794  1.94595127  1.72394177  1.84798540  1.86414129  1.95224224  1.94463528  1.19588185  1.81654896  1.39137118  1.94825723  1.95206390  0.00000000  1.92973941  0.13069126
17    1.78164017  1.56653125  2.00446078  1.68647394  1.53914038  1.49202481  1.85748486  1.55957924  1.91484977  0.82334834  1.58875006  1.82252188  1.95044297  1.52402337  1.89735931  1.92973941  0.00000000  1.92130689
19    1.93517110  1.47019450  1.77728852  1.19925467  1.94180034  1.72004555  1.84627259  1.82373147  1.95208062  1.94079085  1.20482205  1.81708942  1.40281295  1.94616632  1.95181594  0.13069126  1.92130689  0.00000000

--------------------------------------------------------------------------------
n=17
(result of R-step: (7,15:19)0.02278073)
V=[0, 1, 2, 3, 4, 5, 6, 7, 8, 9, 10, 11, 12, 13, 14, 15, 17]
total successes of this branch: 3
Matrix on 17 elements:

0    0.00000000  1.66836711  1.98789094  1.64552673  1.82879817  1.59747539  1.85933998  1.79830835  2.01738265  1.76760474  1.62733622  1.37026703  2.00486875  1.88653293  2.01152680  1.89216858  1.78164017
1    1.66836711  0.00000000  1.66362458  1.44510530  1.54207967  1.32776051  1.64098016  1.54438150  1.24663885  1.56131051  0.84172021  1.66790429  1.27472387  1.41148409  1.25401609  1.42227203  1.56653125
2    1.98789094  1.66362458  0.00000000  1.71382413  2.01301958  1.78969759  1.95173425  1.93848029  2.05062026  2.00919303  1.17560647  1.97103015  1.61489210  2.02891802  2.04964903  1.72733782  2.00446078
3    1.64552673  1.44510530  1.71382413  0.00000000  1.71383710  1.48794764  1.50108828  1.56664080  1.81605185  1.70343492  1.37693551  1.40862066  1.75642246  1.75705586  1.81341163  1.14449721  1.68647394
4    1.82879817  1.54207967  2.01301958  1.71383710  0.00000000  1.45677314  1.87983638  1.71859855  1.88831565  1.48813898  1.58193190  1.86329084  1.95588533  1.67867739  1.87893381  1.90081054  1.53914038
5    1.59747539  1.32776051  1.78969759  1.48794764  1.45677314  0.00000000  1.65718447  1.50776971  1.65172341  1.47819904  1.36280363  1.63372173  1.73762294  1.56082019  1.64765526  1.67880104  1.49202481
6    1.85933998  1.64098016  1.95173425  1.50108828  1.87983638  1.65718447  0.00000000  1.72765789  2.00679018  1.87671522  1.59526468  1.81530741  1.96877226  1.93864856  2.00374067  1.80284467  1.85748486
7    1.79830835  1.54438150  1.93848029  1.56664080  1.71859855  1.50776971  1.72765789  0.00000000  1.90000714  1.73073662  1.54318691  1.79513247  1.84848703  1.81133236  1.89603872  1.77385984  1.51443852
8    2.01738265  1.24663885  2.05062026  1.81605185  1.88831565  1.65172341  2.00679018  1.90000714  0.00000000  1.90796975  1.46439446  2.02399836  1.86953694  1.49039023  0.93720559  1.90710151  1.91484977
9    1.76760474  1.56131051  2.00919303  1.70343492  1.48813898  1.47819904  1.87671522  1.73073662  1.90796975  0.00000000  1.58884599  1.81849095  1.96334444  1.44853145  1.88740873  1.89949456  0.82334834
10    1.62733622  0.84172021  1.17560647  1.37693551  1.58193190  1.36280363  1.59526468  1.54318691  1.46439446  1.58884599  0.00000000  1.61811397  0.80679489  1.52959017  1.46731214  1.15074113  1.58875006
11    1.37026703  1.66790429  1.97103015  1.40862066  1.86329084  1.63372173  1.81530741  1.79513247  2.02399836  1.81849095  1.61811397  0.00000000  1.99627732  1.91634037  2.01918039  1.77140824  1.82252188
12    2.00486875  1.27472387  1.61489210  1.75642246  1.95588533  1.73762294  1.96877226  1.84848703  1.86953694  1.96334444  0.80679489  1.99627732  0.00000000  1.91867934  1.87173618  1.34623046  1.95044297
13    1.88653293  1.41148409  2.02891802  1.75705586  1.67867739  1.56082019  1.93864856  1.81133236  1.49039023  1.44853145  1.52959017  1.91634037  1.91867934  0.00000000  1.46447401  1.90311650  1.52402337
14    2.01152680  1.25401609  2.04964903  1.81341163  1.87893381  1.64765526  2.00374067  1.89603872  0.93720559  1.88740873  1.46731214  2.01918039  1.87173618  1.46447401  0.00000000  1.90692317  1.89735931
15    1.89216858  1.42227203  1.72733782  1.14449721  1.90081054  1.67880104  1.80284467  1.77385984  1.90710151  1.89949456  1.15074113  1.77140824  1.34623046  1.90311650  1.90692317  0.00000000  1.88459869
17    1.78164017  1.56653125  2.00446078  1.68647394  1.53914038  1.49202481  1.85748486  1.51443852  1.91484977  0.82334834  1.58875006  1.82252188  1.95044297  1.52402337  1.89735931  1.88459869  0.00000000

--------------------------------------------------------------------------------
n=16
(result of R-step: (3,12:15)0.49129094)
V=[0, 1, 2, 3, 4, 5, 6, 7, 8, 9, 10, 11, 12, 13, 14, 17]
total successes of this branch: 3
Matrix on 16 elements:

0    0.00000000  1.66836711  1.98789094  1.45506130  1.82879817  1.59747539  1.85933998  1.79830835  2.01738265  1.76760474  1.62733622  1.37026703  1.59257542  1.88653293  2.01152680  1.78164017
1    1.66836711  0.00000000  1.66362458  1.25463987  1.54207967  1.32776051  1.64098016  1.54438150  1.24663885  1.56131051  0.84172021  1.66790429  0.86243054  1.41148409  1.25401609  1.56653125
2    1.98789094  1.66362458  0.00000000  1.52335870  2.01301958  1.78969759  1.95173425  1.93848029  2.05062026  2.00919303  1.17560647  1.97103015  1.20259877  2.02891802  2.04964903  2.00446078
3    1.45506130  1.25463987  1.52335870  0.00000000  1.52337167  1.29748221  1.31062285  1.37617537  1.62558642  1.51296948  1.18647008  1.21815523  1.15366371  1.56659043  1.62294620  1.49600850
4    1.82879817  1.54207967  2.01301958  1.52337167  0.00000000  1.45677314  1.87983638  1.71859855  1.88831565  1.48813898  1.58193190  1.86329084  1.54359200  1.67867739  1.87893381  1.53914038
5    1.59747539  1.32776051  1.78969759  1.29748221  1.45677314  0.00000000  1.65718447  1.50776971  1.65172341  1.47819904  1.36280363  1.63372173  1.32532961  1.56082019  1.64765526  1.49202481
6    1.85933998  1.64098016  1.95173425  1.31062285  1.87983638  1.65718447  0.00000000  1.72765789  2.00679018  1.87671522  1.59526468  1.81530741  1.55647893  1.93864856  2.00374067  1.85748486
7    1.79830835  1.54438150  1.93848029  1.37617537  1.71859855  1.50776971  1.72765789  0.00000000  1.90000714  1.73073662  1.54318691  1.79513247  1.43619370  1.81133236  1.89603872  1.51443852
8    2.01738265  1.24663885  2.05062026  1.62558642  1.88831565  1.65172341  2.00679018  1.90000714  0.00000000  1.90796975  1.46439446  2.02399836  1.45724361  1.49039023  0.93720559  1.91484977
9    1.76760474  1.56131051  2.00919303  1.51296948  1.48813898  1.47819904  1.87671522  1.73073662  1.90796975  0.00000000  1.58884599  1.81849095  1.55105111  1.44853145  1.88740873  0.82334834
10    1.62733622  0.84172021  1.17560647  1.18647008  1.58193190  1.36280363  1.59526468  1.54318691  1.46439446  1.58884599  0.00000000  1.61811397  0.39450157  1.52959017  1.46731214  1.58875006
11    1.37026703  1.66790429  1.97103015  1.21815523  1.86329084  1.63372173  1.81530741  1.79513247  2.02399836  1.81849095  1.61811397  0.00000000  1.58398399  1.91634037  2.01918039  1.82252188
12    1.59257542  0.86243054  1.20259877  1.15366371  1.54359200  1.32532961  1.55647893  1.43619370  1.45724361  1.55105111  0.39450157  1.58398399  0.00000000  1.50638601  1.45944286  1.53814964
13    1.88653293  1.41148409  2.02891802  1.56659043  1.67867739  1.56082019  1.93864856  1.81133236  1.49039023  1.44853145  1.52959017  1.91634037  1.50638601  0.00000000  1.46447401  1.52402337
14    2.01152680  1.25401609  2.04964903  1.62294620  1.87893381  1.64765526  2.00374067  1.89603872  0.93720559  1.88740873  1.46731214  2.01918039  1.45944286  1.46447401  0.00000000  1.89735931
17    1.78164017  1.56653125  2.00446078  1.49600850  1.53914038  1.49202481  1.85748486  1.51443852  1.91484977  0.82334834  1.58875006  1.82252188  1.53814964  1.52402337  1.89735931  0.00000000

--------------------------------------------------------------------------------
n=15
(result of R-step: (0,3:11)0.67723690)
V=[0, 1, 2, 3, 4, 5, 6, 7, 8, 9, 10, 12, 13, 14, 17]
total successes of this branch: 3
Matrix on 15 elements:

0    0.00000000  1.10168662  1.42121046  0.73399366  1.26211769  1.03079490  1.29265949  1.23162787  1.45070217  1.20092426  1.06065574  1.02589494  1.31985245  1.44484631  1.21495968
1    1.10168662  0.00000000  1.66362458  1.10025271  1.54207967  1.32776051  1.64098016  1.54438150  1.24663885  1.56131051  0.84172021  0.86243054  1.41148409  1.25401609  1.56653125
2    1.42121046  1.66362458  0.00000000  1.36897154  2.01301958  1.78969759  1.95173425  1.93848029  2.05062026  2.00919303  1.17560647  1.20259877  2.02891802  2.04964903  2.00446078
3    0.73399366  1.10025271  1.36897154  0.00000000  1.36898452  1.14309506  1.15623570  1.22178822  1.47119927  1.35858233  1.03208292  0.99927655  1.41220328  1.46855905  1.34162135
4    1.26211769  1.54207967  2.01301958  1.36898452  0.00000000  1.45677314  1.87983638  1.71859855  1.88831565  1.48813898  1.58193190  1.54359200  1.67867739  1.87893381  1.53914038
5    1.03079490  1.32776051  1.78969759  1.14309506  1.45677314  0.00000000  1.65718447  1.50776971  1.65172341  1.47819904  1.36280363  1.32532961  1.56082019  1.64765526  1.49202481
6    1.29265949  1.64098016  1.95173425  1.15623570  1.87983638  1.65718447  0.00000000  1.72765789  2.00679018  1.87671522  1.59526468  1.55647893  1.93864856  2.00374067  1.85748486
7    1.23162787  1.54438150  1.93848029  1.22178822  1.71859855  1.50776971  1.72765789  0.00000000  1.90000714  1.73073662  1.54318691  1.43619370  1.81133236  1.89603872  1.51443852
8    1.45070217  1.24663885  2.05062026  1.47119927  1.88831565  1.65172341  2.00679018  1.90000714  0.00000000  1.90796975  1.46439446  1.45724361  1.49039023  0.93720559  1.91484977
9    1.20092426  1.56131051  2.00919303  1.35858233  1.48813898  1.47819904  1.87671522  1.73073662  1.90796975  0.00000000  1.58884599  1.55105111  1.44853145  1.88740873  0.82334834
10    1.06065574  0.84172021  1.17560647  1.03208292  1.58193190  1.36280363  1.59526468  1.54318691  1.46439446  1.58884599  0.00000000  0.39450157  1.52959017  1.46731214  1.58875006
12    1.02589494  0.86243054  1.20259877  0.99927655  1.54359200  1.32532961  1.55647893  1.43619370  1.45724361  1.55105111  0.39450157  0.00000000  1.50638601  1.45944286  1.53814964
13    1.31985245  1.41148409  2.02891802  1.41220328  1.67867739  1.56082019  1.93864856  1.81133236  1.49039023  1.44853145  1.52959017  1.50638601  0.00000000  1.46447401  1.52402337
14    1.44484631  1.25401609  2.04964903  1.46855905  1.87893381  1.64765526  2.00374067  1.89603872  0.93720559  1.88740873  1.46731214  1.45944286  1.46447401  0.00000000  1.89735931
17    1.21495968  1.56653125  2.00446078  1.34162135  1.53914038  1.49202481  1.85748486  1.51443852  1.91484977  0.82334834  1.58875006  1.53814964  1.52402337  1.89735931  0.00000000

--------------------------------------------------------------------------------
n=14
(result of R-step: (7,9:17)0.18505569)
V=[0, 1, 2, 3, 4, 5, 6, 7, 8, 9, 10, 12, 13, 14]
total successes of this branch: 3
Matrix on 14 elements:

0    0.00000000  1.10168662  1.42121046  0.73399366  1.26211769  1.03079490  1.29265949  0.97324347  1.45070217  0.89739914  1.06065574  1.02589494  1.31985245  1.44484631
1    1.10168662  0.00000000  1.66362458  1.10025271  1.54207967  1.32776051  1.64098016  1.28599710  1.24663885  1.25778539  0.84172021  0.86243054  1.41148409  1.25401609
2    1.42121046  1.66362458  0.00000000  1.36897154  2.01301958  1.78969759  1.95173425  1.68009590  2.05062026  1.70566791  1.17560647  1.20259877  2.02891802  2.04964903
3    0.73399366  1.10025271  1.36897154  0.00000000  1.36898452  1.14309506  1.15623570  0.96340382  1.47119927  1.05505721  1.03208292  0.99927655  1.41220328  1.46855905
4    1.26211769  1.54207967  2.01301958  1.36898452  0.00000000  1.45677314  1.87983638  1.46021415  1.88831565  1.18461387  1.58193190  1.54359200  1.67867739  1.87893381
5    1.03079490  1.32776051  1.78969759  1.14309506  1.45677314  0.00000000  1.65718447  1.24938531  1.65172341  1.17467392  1.36280363  1.32532961  1.56082019  1.64765526
6    1.29265949  1.64098016  1.95173425  1.15623570  1.87983638  1.65718447  0.00000000  1.46927349  2.00679018  1.57319011  1.59526468  1.55647893  1.93864856  2.00374067
7    0.97324347  1.28599710  1.68009590  0.96340382  1.46021415  1.24938531  1.46927349  0.00000000  1.64162275  1.16882711  1.28480251  1.17780930  1.55294797  1.63765433
8    1.45070217  1.24663885  2.05062026  1.47119927  1.88831565  1.65172341  2.00679018  1.64162275  0.00000000  1.60444463  1.46439446  1.45724361  1.49039023  0.93720559
9    0.89739914  1.25778539  1.70566791  1.05505721  1.18461387  1.17467392  1.57319011  1.16882711  1.60444463  0.00000000  1.28532087  1.24752600  1.14500634  1.58388362
10    1.06065574  0.84172021  1.17560647  1.03208292  1.58193190  1.36280363  1.59526468  1.28480251  1.46439446  1.28532087  0.00000000  0.39450157  1.52959017  1.46731214
12    1.02589494  0.86243054  1.20259877  0.99927655  1.54359200  1.32532961  1.55647893  1.17780930  1.45724361  1.24752600  0.39450157  0.00000000  1.50638601  1.45944286
13    1.31985245  1.41148409  2.02891802  1.41220328  1.67867739  1.56082019  1.93864856  1.55294797  1.49039023  1.14500634  1.52959017  1.50638601  0.00000000  1.46447401
14    1.44484631  1.25401609  2.04964903  1.46855905  1.87893381  1.64765526  2.00374067  1.63765433  0.93720559  1.58388362  1.46731214  1.45944286  1.46447401  0.00000000

--------------------------------------------------------------------------------
n=13
(result of R-step: (7,10:12)0.10433000)
V=[0, 1, 2, 3, 4, 5, 6, 7, 8, 9, 10, 13, 14]
total successes of this branch: 3
Matrix on 13 elements:

0    0.00000000  1.10168662  1.42121046  0.73399366  1.26211769  1.03079490  1.29265949  0.72072108  1.45070217  0.89739914  0.90094335  1.31985245  1.44484631
1    1.10168662  0.00000000  1.66362458  1.10025271  1.54207967  1.32776051  1.64098016  1.03347471  1.24663885  1.25778539  0.68200782  1.41148409  1.25401609
2    1.42121046  1.66362458  0.00000000  1.36897154  2.01301958  1.78969759  1.95173425  1.42757351  2.05062026  1.70566791  1.01589408  2.02891802  2.04964903
3    0.73399366  1.10025271  1.36897154  0.00000000  1.36898452  1.14309506  1.15623570  0.71088143  1.47119927  1.05505721  0.87237053  1.41220328  1.46855905
4    1.26211769  1.54207967  2.01301958  1.36898452  0.00000000  1.45677314  1.87983638  1.20769176  1.88831565  1.18461387  1.42221950  1.67867739  1.87893381
5    1.03079490  1.32776051  1.78969759  1.14309506  1.45677314  0.00000000  1.65718447  0.99686292  1.65172341  1.17467392  1.20309123  1.56082019  1.64765526
6    1.29265949  1.64098016  1.95173425  1.15623570  1.87983638  1.65718447  0.00000000  1.21675110  2.00679018  1.57319011  1.43555228  1.93864856  2.00374067
7    0.72072108  1.03347471  1.42757351  0.71088143  1.20769176  0.99686292  1.21675110  0.00000000  1.38910036  0.91630472  0.87256773  1.30042558  1.38513194
8    1.45070217  1.24663885  2.05062026  1.47119927  1.88831565  1.65172341  2.00679018  1.38910036  0.00000000  1.60444463  1.30468207  1.49039023  0.93720559
9    0.89739914  1.25778539  1.70566791  1.05505721  1.18461387  1.17467392  1.57319011  0.91630472  1.60444463  0.00000000  1.12560848  1.14500634  1.58388362
10    0.90094335  0.68200782  1.01589408  0.87237053  1.42221950  1.20309123  1.43555228  0.87256773  1.30468207  1.12560848  0.00000000  1.36987778  1.30759974
13    1.31985245  1.41148409  2.02891802  1.41220328  1.67867739  1.56082019  1.93864856  1.30042558  1.49039023  1.14500634  1.36987778  0.00000000  1.46447401
14    1.44484631  1.25401609  2.04964903  1.46855905  1.87893381  1.64765526  2.00374067  1.38513194  0.93720559  1.58388362  1.30759974  1.46447401  0.00000000

--------------------------------------------------------------------------------
n=12
(result of R-step: (1,2:10)0.46582218)
V=[0, 1, 2, 3, 4, 5, 6, 7, 8, 9, 13, 14]
total successes of this branch: 3
Matrix on 12 elements:

0    0.00000000  0.92483557  0.84802429  0.73399366  1.26211769  1.03079490  1.29265949  0.72072108  1.45070217  0.89739914  1.31985245  1.44484631
1    0.92483557  0.00000000  0.91358736  0.92340166  1.36522862  1.15090946  1.46412911  0.85662366  1.06978780  1.08093434  1.23463304  1.07716504
2    0.84802429  0.91358736  0.00000000  0.79578538  1.43983341  1.21651143  1.37854809  0.85438734  1.47743410  1.13248175  1.45573185  1.47646287
3    0.73399366  0.92340166  0.79578538  0.00000000  1.36898452  1.14309506  1.15623570  0.71088143  1.47119927  1.05505721  1.41220328  1.46855905
4    1.26211769  1.36522862  1.43983341  1.36898452  0.00000000  1.45677314  1.87983638  1.20769176  1.88831565  1.18461387  1.67867739  1.87893381
5    1.03079490  1.15090946  1.21651143  1.14309506  1.45677314  0.00000000  1.65718447  0.99686292  1.65172341  1.17467392  1.56082019  1.64765526
6    1.29265949  1.46412911  1.37854809  1.15623570  1.87983638  1.65718447  0.00000000  1.21675110  2.00679018  1.57319011  1.93864856  2.00374067
7    0.72072108  0.85662366  0.85438734  0.71088143  1.20769176  0.99686292  1.21675110  0.00000000  1.38910036  0.91630472  1.30042558  1.38513194
8    1.45070217  1.06978780  1.47743410  1.47119927  1.88831565  1.65172341  2.00679018  1.38910036  0.00000000  1.60444463  1.49039023  0.93720559
9    0.89739914  1.08093434  1.13248175  1.05505721  1.18461387  1.17467392  1.57319011  0.91630472  1.60444463  0.00000000  1.14500634  1.58388362
13    1.31985245  1.23463304  1.45573185  1.41220328  1.67867739  1.56082019  1.93864856  1.30042558  1.49039023  1.14500634  0.00000000  1.46447401
14    1.44484631  1.07716504  1.47646287  1.46855905  1.87893381  1.64765526  2.00374067  1.38513194  0.93720559  1.58388362  1.46447401  0.00000000

--------------------------------------------------------------------------------
n=11
(result of R-step: (8,13:14)0.95524749)
V=[0, 1, 2, 3, 4, 5, 6, 7, 8, 9, 13]
total successes of this branch: 3
Matrix on 11 elements:

0    0.00000000  0.92483557  0.84802429  0.73399366  1.26211769  1.03079490  1.29265949  0.72072108  0.99505748  0.89739914  0.86420776
1    0.92483557  0.00000000  0.91358736  0.92340166  1.36522862  1.15090946  1.46412911  0.85662366  0.61414311  1.08093434  0.77898835
2    0.84802429  0.91358736  0.00000000  0.79578538  1.43983341  1.21651143  1.37854809  0.85438734  1.02178941  1.13248175  1.00008717
3    0.73399366  0.92340166  0.79578538  0.00000000  1.36898452  1.14309506  1.15623570  0.71088143  1.01555458  1.05505721  0.95655859
4    1.26211769  1.36522862  1.43983341  1.36898452  0.00000000  1.45677314  1.87983638  1.20769176  1.43267096  1.18461387  1.22303271
5    1.03079490  1.15090946  1.21651143  1.14309506  1.45677314  0.00000000  1.65718447  0.99686292  1.19607872  1.17467392  1.10517551
6    1.29265949  1.46412911  1.37854809  1.15623570  1.87983638  1.65718447  0.00000000  1.21675110  1.55114549  1.57319011  1.48300387
7    0.72072108  0.85662366  0.85438734  0.71088143  1.20769176  0.99686292  1.21675110  0.00000000  0.93345567  0.91630472  0.84478089
8    0.99505748  0.61414311  1.02178941  1.01555458  1.43267096  1.19607872  1.55114549  0.93345567  0.00000000  1.14879995  0.57910086
9    0.89739914  1.08093434  1.13248175  1.05505721  1.18461387  1.17467392  1.57319011  0.91630472  1.14879995  0.00000000  0.68936165
13    0.86420776  0.77898835  1.00008717  0.95655859  1.22303271  1.10517551  1.48300387  0.84478089  0.57910086  0.68936165  0.00000000

--------------------------------------------------------------------------------
n=10
(result of R-step: (8,9:13)0.47613573)
V=[0, 1, 2, 3, 4, 5, 6, 7, 8, 9]
total successes of this branch: 3
Matrix on 10 elements:

0    0.00000000  0.92483557  0.84802429  0.73399366  1.26211769  1.03079490  1.29265949  0.72072108  0.93522620  0.68544830
1    0.92483557  0.00000000  0.91358736  0.92340166  1.36522862  1.15090946  1.46412911  0.85662366  0.55431184  0.86898349
2    0.84802429  0.91358736  0.00000000  0.79578538  1.43983341  1.21651143  1.37854809  0.85438734  0.96195813  0.92053090
3    0.73399366  0.92340166  0.79578538  0.00000000  1.36898452  1.14309506  1.15623570  0.71088143  0.95572330  0.84310637
4    1.26211769  1.36522862  1.43983341  1.36898452  0.00000000  1.45677314  1.87983638  1.20769176  1.37283968  0.97266302
5    1.03079490  1.15090946  1.21651143  1.14309506  1.45677314  0.00000000  1.65718447  0.99686292  1.13624744  0.96272308
6    1.29265949  1.46412911  1.37854809  1.15623570  1.87983638  1.65718447  0.00000000  1.21675110  1.49131421  1.36123926
7    0.72072108  0.85662366  0.85438734  0.71088143  1.20769176  0.99686292  1.21675110  0.00000000  0.87362439  0.70435387
8    0.93522620  0.55431184  0.96195813  0.95572330  1.37283968  1.13624744  1.49131421  0.87362439  0.00000000  0.87701782
9    0.68544830  0.86898349  0.92053090  0.84310637  0.97266302  0.96272308  1.36123926  0.70435387  0.87701782  0.00000000

--------------------------------------------------------------------------------
n=9
(result of R-step: (0,4:9)0.15227829)
V=[0, 1, 2, 3, 4, 5, 6, 7, 8]
total successes of this branch: 3
Matrix on 9 elements:

0    0.00000000  0.77804328  0.70123200  0.58720137  0.40185262  0.88400261  1.14586720  0.57392879  0.78843391
1    0.77804328  0.00000000  0.91358736  0.92340166  0.65175584  1.15090946  1.46412911  0.85662366  0.55431184
2    0.70123200  0.91358736  0.00000000  0.79578538  0.72636063  1.21651143  1.37854809  0.85438734  0.96195813
3    0.58720137  0.92340166  0.79578538  0.00000000  0.65551174  1.14309506  1.15623570  0.71088143  0.95572330
4    0.40185262  0.65175584  0.72636063  0.65551174  0.00000000  0.74330037  1.16636361  0.49421899  0.65936691
5    0.88400261  1.15090946  1.21651143  1.14309506  0.74330037  0.00000000  1.65718447  0.99686292  1.13624744
6    1.14586720  1.46412911  1.37854809  1.15623570  1.16636361  1.65718447  0.00000000  1.21675110  1.49131421
7    0.57392879  0.85662366  0.85438734  0.71088143  0.49421899  0.99686292  1.21675110  0.00000000  0.87362439
8    0.78843391  0.55431184  0.96195813  0.95572330  0.65936691  1.13624744  1.49131421  0.87362439  0.00000000

--------------------------------------------------------------------------------
n=8
(result of R-step: (1,5:8)0.80717287)
V=[0, 1, 2, 3, 4, 5, 6, 7]
total successes of this branch: 3
Matrix on 8 elements:

0    0.00000000  0.56592857  0.70123200  0.58720137  0.40185262  0.32052963  1.14586720  0.57392879
1    0.56592857  0.00000000  0.70147265  0.71128695  0.43964114  0.37532178  1.25201440  0.64450896
2    0.70123200  0.70147265  0.00000000  0.79578538  0.72636063  0.65303845  1.37854809  0.85438734
3    0.58720137  0.71128695  0.79578538  0.00000000  0.65551174  0.57962208  1.15623570  0.71088143
4    0.40185262  0.43964114  0.72636063  0.65551174  0.00000000  0.17982739  1.16636361  0.49421899
5    0.32052963  0.37532178  0.65303845  0.57962208  0.17982739  0.00000000  1.09371150  0.43338994
6    1.14586720  1.25201440  1.37854809  1.15623570  1.16636361  1.09371150  0.00000000  1.21675110
7    0.57392879  0.64450896  0.85438734  0.71088143  0.49421899  0.43338994  1.21675110  0.00000000

--------------------------------------------------------------------------------
n=7
(result of R-step: (4,6:7)0.52030014)
V=[0, 1, 2, 3, 4, 5, 6]
total successes of this branch: 3
Matrix on 7 elements:

0    0.00000000  0.56592857  0.70123200  0.58720137  0.28697464  0.32052963  0.31751645
1    0.56592857  0.00000000  0.70147265  0.71128695  0.32476316  0.37532178  0.42366365
2    0.70123200  0.70147265  0.00000000  0.79578538  0.61148266  0.65303845  0.55019734
3    0.58720137  0.71128695  0.79578538  0.00000000  0.54063377  0.57962208  0.32788495
4    0.28697464  0.32476316  0.61148266  0.54063377  0.00000000  0.06494942  0.22313488
5    0.32052963  0.37532178  0.65303845  0.57962208  0.06494942  0.00000000  0.26536074
6    0.31751645  0.42366365  0.55019734  0.32788495  0.22313488  0.26536074  0.00000000

--------------------------------------------------------------------------------
n=6
(result of R-step: (3,4:6)0.79213214)
V=[0, 1, 2, 3, 4, 5]
total successes of this branch: 3
Matrix on 6 elements:

0    0.00000000  0.56592857  0.70123200  0.32033807  0.28178161  0.32052963
1    0.56592857  0.00000000  0.70147265  0.44442365  0.31957013  0.37532178
2    0.70123200  0.70147265  0.00000000  0.52892208  0.60628963  0.65303845
3    0.32033807  0.44442365  0.52892208  0.00000000  0.26857744  0.31275878
4    0.28178161  0.31957013  0.60628963  0.26857744  0.00000000  0.05975638
5    0.32052963  0.37532178  0.65303845  0.31275878  0.05975638  0.00000000

--------------------------------------------------------------------------------
n=5
(result of R-step: (0,4:5)0.05945750)
V=[0, 1, 2, 3, 4]
total successes of this branch: 3
Matrix on 5 elements:

0    0.00000000  0.44484827  0.58015170  0.19925777  0.15969202
1    0.44484827  0.00000000  0.70147265  0.44442365  0.31856084
2    0.58015170  0.70147265  0.00000000  0.52892208  0.60528034
3    0.19925777  0.44442365  0.52892208  0.00000000  0.26756814
4    0.15969202  0.31856084  0.60528034  0.26756814  0.00000000

--------------------------------------------------------------------------------
n=4
(result of R-step: (0,1:4)0.65132412)
V=[0, 1, 2, 3]
total successes of this branch: 1
Matrix on 4 elements:

0    0.00000000  0.36219148  0.56344941  0.18255547
1    0.36219148  0.00000000  0.63551816  0.37846916
2    0.56344941  0.63551816  0.00000000  0.52892208
3    0.18255547  0.37846916  0.52892208  0.00000000

--------------------------------------------------------------------------------
n=4
(result of R-step: (0,2:3)0.42687084)
V=[0, 1, 2, 4]
total successes of this branch: 1
Matrix on 4 elements:

0    0.00000000  0.42814598  0.18938384  0.14298973
1    0.42814598  0.00000000  0.32740709  0.31856084
2    0.18938384  0.32740709  0.00000000  0.23121477
4    0.14298973  0.31856084  0.23121477  0.00000000

--------------------------------------------------------------------------------
n=4
(result of R-step: (0,3:1)0.76400686)
V=[0, 2, 3, 4]
total successes of this branch: 0
reason of abort: negative delta/dxy

--------------------------------------------------------------------------------
n=4
(result of R-step: (0,4:2)0.62466212)
V=[0, 1, 3, 4]
total successes of this branch: 0
reason of abort: negative delta/dxy

--------------------------------------------------------------------------------
n=4
(result of R-step: (1,2:0)0.57325383)
V=[1, 2, 3, 4]
total successes of this branch: 0
reason of abort: negative delta/dxy

--------------------------------------------------------------------------------
n=4
