n=20
V=[0, 1, 2, 3, 4, 5, 6, 7, 8, 9, 10, 11, 12, 13, 14, 15, 16, 17, 18, 19]
total successes of this branch: 1
Matrix on 20 elements:

0    0.00000000  2.34582927  2.18532682  2.21793364  2.18690181  2.21754823  2.09261727  2.16635059  2.28482542  2.18741185  2.20572708  1.75437462  2.25048580  2.22422331  2.20734237  2.18576055  2.18800821  2.20293624  2.21392807  2.11712618
1    2.34582927  0.00000000  2.27681870  2.09956178  2.26825673  2.10165695  2.08643018  2.09541691  1.77927305  1.93494424  2.17480660  2.18031771  1.74795579  2.08231566  2.16641896  2.20570211  2.10406373  2.01897742  2.12425327  1.86417898
2    2.18532682  2.27681870  0.00000000  2.24554514  1.97576804  2.24115555  2.23162490  2.23724982  2.26792496  2.24952762  1.30491642  2.21964564  1.61541197  1.35190246  1.63408409  0.97562445  2.24444431  2.09414706  1.93687899  1.77783599
3    2.21793364  2.09956178  2.24554514  0.00000000  2.23185283  1.87856441  2.15803335  1.99309285  2.11106847  2.13487087  2.21797331  2.06932377  2.18014414  2.19297485  2.21055981  2.22252273  0.61086895  0.98582222  0.77274632  2.15035452
4    2.18690181  2.26825673  1.97576804  2.23185283  0.00000000  2.22882591  2.22807024  2.22851623  2.26034838  2.24398940  2.03411572  2.21440711  2.10891721  2.08701761  1.44846112  2.03156334  2.23103109  2.20185393  2.16696564  2.13727395
5    2.21754823  2.10165695  2.24115555  1.87856441  2.22882591  0.00000000  2.15890320  1.91081357  2.11292251  2.13622612  2.21486385  2.01481011  2.17869742  2.19102604  2.20812336  2.21932817  1.88476129  1.95499264  1.98892065  2.13464288
6    2.09261727  2.08643018  2.23162490  2.15803335  2.22807024  2.15890320  0.00000000  1.98663914  2.08703162  1.77603501  2.20197885  2.02257039  2.16506429  2.17509977  2.19905893  2.13685327  2.15683749  2.15880315  2.17245401  2.12676051
7    2.16635059  2.09541691  2.23724982  1.99309285  2.22851623  1.91081357  1.98663914  0.00000000  2.10231223  2.04368762  2.20958348  1.36321588  2.17311046  2.18449934  2.20440869  2.19698509  1.99626014  2.03851570  2.06413398  1.95540274
8    2.28482542  1.77927305  2.26792496  2.11106847  2.26034838  2.11292251  2.08703162  2.10231223  0.00000000  1.78439623  2.01955532  2.16419223  1.94279187  1.67999060  1.94249314  2.16734150  2.11424488  2.07327892  2.08103854  2.00230649
9    2.18741185  1.93494424  2.24952762  2.13487087  2.24398940  2.13622612  1.77603501  2.04368762  1.78439623  0.00000000  2.15416144  2.09241645  2.08412768  2.06769612  2.14743561  1.91492738  2.13583136  2.12347759  2.14120105  2.08635579
10    2.20572708  2.17480660  1.30491642  2.21797331  2.03411572  2.21486385  2.20197885  2.20958348  2.01955532  2.15416144  0.00000000  2.20827599  1.26554397  1.58428664  1.78774955  1.48157603  2.21774943  1.99023513  1.51208870  1.51895972
11    1.75437462  2.18031771  2.21964564  2.06932377  2.21440711  2.01481011  2.02257039  1.36321588  2.16419223  2.09241645  2.20827599  0.00000000  2.19934410  2.19796751  2.20540333  2.19317947  2.06356626  2.09600821  2.11492077  1.61562847
12    2.25048580  1.74795579  1.61541197  2.18014414  2.10891721  2.17869742  2.16506429  2.17311046  1.94279187  2.08412768  1.26554397  2.19934410  0.00000000  1.74339296  1.90872381  1.71291402  2.18143004  1.78607670  1.88001922  0.61157901
13    2.22422331  2.08231566  1.35190246  2.19297485  2.08701761  2.19102604  2.17509977  2.18449934  1.67999060  2.06769612  1.58428664  2.19796751  1.74339296  0.00000000  1.31381168  1.50080158  2.19354609  2.08598918  1.99323457  1.86558712
14    2.20734237  2.16641896  1.63408409  2.21055981  1.44846112  2.20812336  2.19905893  2.20440869  1.94249314  2.14743561  1.78774955  2.20540333  1.90872381  1.31381168  0.00000000  1.74087127  2.21050099  2.13839615  2.07181514  1.98847422
15    2.18576055  2.20570211  0.97562445  2.22252273  2.03156334  2.21932817  2.13685327  2.19698509  2.16734150  1.91492738  1.48157603  2.19317947  1.71291402  1.50080158  1.74087127  0.00000000  2.22185069  2.10024839  1.97938198  1.84201416
16    2.18800821  2.10406373  2.24444431  0.61086895  2.23103109  1.88476129  2.15683749  1.99626014  2.11424488  2.13583136  2.21774943  2.06356626  2.18143004  2.19354609  2.21050099  2.22185069  0.00000000  0.92212868  1.13816480  2.14974708
17    2.20293624  2.01897742  2.09414706  0.98582222  2.20185393  1.95499264  2.15880315  2.03851570  2.07327892  2.12347759  1.99023513  2.09600821  1.78607670  2.08598918  2.13839615  2.10024839  0.92212868  0.00000000  1.31541908  1.86938937
18    2.21392807  2.12425327  1.93687899  0.77274632  2.16696564  1.98892065  2.17245401  2.06413398  2.08103854  2.14120105  1.51208870  2.11492077  1.88001922  1.99323457  2.07181514  1.97938198  1.13816480  1.31541908  0.00000000  1.94316310
19    2.11712618  1.86417898  1.77783599  2.15035452  2.13727395  2.13464288  2.12676051  1.95540274  2.00230649  2.08635579  1.51895972  1.61562847  0.61157901  1.86558712  1.98847422  1.84201416  2.14974708  1.86938937  1.94316310  0.00000000

--------------------------------------------------------------------------------
n=19
(result of R-step: (2,9:15)0.79198040)
V=[0, 1, 2, 3, 4, 5, 6, 7, 8, 9, 10, 11, 12, 13, 14, 16, 17, 18, 19]
total successes of this branch: 1
Matrix on 19 elements:

0    0.00000000  2.34582927  1.86481471  2.21793364  2.18690181  2.21754823  2.09261727  2.16635059  2.28482542  1.86689974  2.20572708  1.75437462  2.25048580  2.22422331  2.20734237  2.18800821  2.20293624  2.21392807  2.11712618
1    2.34582927  0.00000000  1.95630659  2.09956178  2.26825673  2.10165695  2.08643018  2.09541691  1.77927305  1.61443214  2.17480660  2.18031771  1.74795579  2.08231566  2.16641896  2.10406373  2.01897742  2.12425327  1.86417898
2    1.86481471  1.95630659  0.00000000  1.92503304  1.65525593  1.92064344  1.91111280  1.91673771  1.94741285  1.60850341  0.98440431  1.89913353  1.29489986  1.03139036  1.31357198  1.92393220  1.77363496  1.61636688  1.45732389
3    2.21793364  2.09956178  1.92503304  0.00000000  2.23185283  1.87856441  2.15803335  1.99309285  2.11106847  1.81435877  2.21797331  2.06932377  2.18014414  2.19297485  2.21055981  0.61086895  0.98582222  0.77274632  2.15035452
4    2.18690181  2.26825673  1.65525593  2.23185283  0.00000000  2.22882591  2.22807024  2.22851623  2.26034838  1.92347730  2.03411572  2.21440711  2.10891721  2.08701761  1.44846112  2.23103109  2.20185393  2.16696564  2.13727395
5    2.21754823  2.10165695  1.92064344  1.87856441  2.22882591  0.00000000  2.15890320  1.91081357  2.11292251  1.81571401  2.21486385  2.01481011  2.17869742  2.19102604  2.20812336  1.88476129  1.95499264  1.98892065  2.13464288
6    2.09261727  2.08643018  1.91111280  2.15803335  2.22807024  2.15890320  0.00000000  1.98663914  2.08703162  1.45552291  2.20197885  2.02257039  2.16506429  2.17509977  2.19905893  2.15683749  2.15880315  2.17245401  2.12676051
7    2.16635059  2.09541691  1.91673771  1.99309285  2.22851623  1.91081357  1.98663914  0.00000000  2.10231223  1.72317551  2.20958348  1.36321588  2.17311046  2.18449934  2.20440869  1.99626014  2.03851570  2.06413398  1.95540274
8    2.28482542  1.77927305  1.94741285  2.11106847  2.26034838  2.11292251  2.08703162  2.10231223  0.00000000  1.46388412  2.01955532  2.16419223  1.94279187  1.67999060  1.94249314  2.11424488  2.07327892  2.08103854  2.00230649
9    1.86689974  1.61443214  1.60850341  1.81435877  1.92347730  1.81571401  1.45552291  1.72317551  1.46388412  0.00000000  1.83364933  1.77190435  1.76361558  1.74718402  1.82692351  1.81531926  1.80296549  1.82068894  1.76584368
10    2.20572708  2.17480660  0.98440431  2.21797331  2.03411572  2.21486385  2.20197885  2.20958348  2.01955532  1.83364933  0.00000000  2.20827599  1.26554397  1.58428664  1.78774955  2.21774943  1.99023513  1.51208870  1.51895972
11    1.75437462  2.18031771  1.89913353  2.06932377  2.21440711  2.01481011  2.02257039  1.36321588  2.16419223  1.77190435  2.20827599  0.00000000  2.19934410  2.19796751  2.20540333  2.06356626  2.09600821  2.11492077  1.61562847
12    2.25048580  1.74795579  1.29489986  2.18014414  2.10891721  2.17869742  2.16506429  2.17311046  1.94279187  1.76361558  1.26554397  2.19934410  0.00000000  1.74339296  1.90872381  2.18143004  1.78607670  1.88001922  0.61157901
13    2.22422331  2.08231566  1.03139036  2.19297485  2.08701761  2.19102604  2.17509977  2.18449934  1.67999060  1.74718402  1.58428664  2.19796751  1.74339296  0.00000000  1.31381168  2.19354609  2.08598918  1.99323457  1.86558712
14    2.20734237  2.16641896  1.31357198  2.21055981  1.44846112  2.20812336  2.19905893  2.20440869  1.94249314  1.82692351  1.78774955  2.20540333  1.90872381  1.31381168  0.00000000  2.21050099  2.13839615  2.07181514  1.98847422
16    2.18800821  2.10406373  1.92393220  0.61086895  2.23103109  1.88476129  2.15683749  1.99626014  2.11424488  1.81531926  2.21774943  2.06356626  2.18143004  2.19354609  2.21050099  0.00000000  0.92212868  1.13816480  2.14974708
17    2.20293624  2.01897742  1.77363496  0.98582222  2.20185393  1.95499264  2.15880315  2.03851570  2.07327892  1.80296549  1.99023513  2.09600821  1.78607670  2.08598918  2.13839615  0.92212868  0.00000000  1.31541908  1.86938937
18    2.21392807  2.12425327  1.61636688  0.77274632  2.16696564  1.98892065  2.17245401  2.06413398  2.08103854  1.82068894  1.51208870  2.11492077  1.88001922  1.99323457  2.07181514  1.13816480  1.31541908  0.00000000  1.94316310
19    2.11712618  1.86417898  1.45732389  2.15035452  2.13727395  2.13464288  2.12676051  1.95540274  2.00230649  1.76584368  1.51895972  1.61562847  0.61157901  1.86558712  1.98847422  2.14974708  1.86938937  1.94316310  0.00000000

--------------------------------------------------------------------------------
n=18
(result of R-step: (3,10:18)0.67185124)
V=[0, 1, 2, 3, 4, 5, 6, 7, 8, 9, 10, 11, 12, 13, 14, 16, 17, 19]
total successes of this branch: 1
Matrix on 18 elements:

0    0.00000000  2.34582927  1.86481471  2.18450279  2.18690181  2.21754823  2.09261727  2.16635059  2.28482542  1.86689974  2.17229622  1.75437462  2.25048580  2.22422331  2.20734237  2.18800821  2.20293624  2.11712618
1    2.34582927  0.00000000  1.95630659  2.06613092  2.26825673  2.10165695  2.08643018  2.09541691  1.77927305  1.61443214  2.14137574  2.18031771  1.74795579  2.08231566  2.16641896  2.10406373  2.01897742  1.86417898
2    1.86481471  1.95630659  0.00000000  1.89160218  1.65525593  1.92064344  1.91111280  1.91673771  1.94741285  1.60850341  0.95097345  1.89913353  1.29489986  1.03139036  1.31357198  1.92393220  1.77363496  1.45732389
3    2.18450279  2.06613092  1.89160218  0.00000000  2.19842197  1.84513355  2.12460249  1.95966200  2.07763761  1.78092791  2.15111159  2.03589291  2.14671328  2.15954399  2.17712895  0.57743810  0.95239137  2.11692366
4    2.18690181  2.26825673  1.65525593  2.19842197  0.00000000  2.22882591  2.22807024  2.22851623  2.26034838  1.92347730  2.00068487  2.21440711  2.10891721  2.08701761  1.44846112  2.23103109  2.20185393  2.13727395
5    2.21754823  2.10165695  1.92064344  1.84513355  2.22882591  0.00000000  2.15890320  1.91081357  2.11292251  1.81571401  2.18143299  2.01481011  2.17869742  2.19102604  2.20812336  1.88476129  1.95499264  2.13464288
6    2.09261727  2.08643018  1.91111280  2.12460249  2.22807024  2.15890320  0.00000000  1.98663914  2.08703162  1.45552291  2.16854799  2.02257039  2.16506429  2.17509977  2.19905893  2.15683749  2.15880315  2.12676051
7    2.16635059  2.09541691  1.91673771  1.95966200  2.22851623  1.91081357  1.98663914  0.00000000  2.10231223  1.72317551  2.17615262  1.36321588  2.17311046  2.18449934  2.20440869  1.99626014  2.03851570  1.95540274
8    2.28482542  1.77927305  1.94741285  2.07763761  2.26034838  2.11292251  2.08703162  2.10231223  0.00000000  1.46388412  1.98612446  2.16419223  1.94279187  1.67999060  1.94249314  2.11424488  2.07327892  2.00230649
9    1.86689974  1.61443214  1.60850341  1.78092791  1.92347730  1.81571401  1.45552291  1.72317551  1.46388412  0.00000000  1.80021847  1.77190435  1.76361558  1.74718402  1.82692351  1.81531926  1.80296549  1.76584368
10    2.17229622  2.14137574  0.95097345  2.15111159  2.00068487  2.18143299  2.16854799  2.17615262  1.98612446  1.80021847  0.00000000  2.17484513  1.23211311  1.55085579  1.75431869  2.18431858  1.95680427  1.48552886
11    1.75437462  2.18031771  1.89913353  2.03589291  2.21440711  2.01481011  2.02257039  1.36321588  2.16419223  1.77190435  2.17484513  0.00000000  2.19934410  2.19796751  2.20540333  2.06356626  2.09600821  1.61562847
12    2.25048580  1.74795579  1.29489986  2.14671328  2.10891721  2.17869742  2.16506429  2.17311046  1.94279187  1.76361558  1.23211311  2.19934410  0.00000000  1.74339296  1.90872381  2.18143004  1.78607670  0.61157901
13    2.22422331  2.08231566  1.03139036  2.15954399  2.08701761  2.19102604  2.17509977  2.18449934  1.67999060  1.74718402  1.55085579  2.19796751  1.74339296  0.00000000  1.31381168  2.19354609  2.08598918  1.86558712
14    2.20734237  2.16641896  1.31357198  2.17712895  1.44846112  2.20812336  2.19905893  2.20440869  1.94249314  1.82692351  1.75431869  2.20540333  1.90872381  1.31381168  0.00000000  2.21050099  2.13839615  1.98847422
16    2.18800821  2.10406373  1.92393220  0.57743810  2.23103109  1.88476129  2.15683749  1.99626014  2.11424488  1.81531926  2.18431858  2.06356626  2.18143004  2.19354609  2.21050099  0.00000000  0.92212868  2.14974708
17    2.20293624  2.01897742  1.77363496  0.95239137  2.20185393  1.95499264  2.15880315  2.03851570  2.07327892  1.80296549  1.95680427  2.09600821  1.78607670  2.08598918  2.13839615  0.92212868  0.00000000  1.86938937
19    2.11712618  1.86417898  1.45732389  2.11692366  2.13727395  2.13464288  2.12676051  1.95540274  2.00230649  1.76584368  1.48552886  1.61562847  0.61157901  1.86558712  1.98847422  2.14974708  1.86938937  0.00000000

--------------------------------------------------------------------------------
n=17
(result of R-step: (4,13:14)0.45231158)
V=[0, 1, 2, 3, 4, 5, 6, 7, 8, 9, 10, 11, 12, 13, 16, 17, 19]
total successes of this branch: 1
Matrix on 17 elements:

0    0.00000000  2.34582927  1.86481471  2.18450279  1.84927422  2.21754823  2.09261727  2.16635059  2.28482542  1.86689974  2.17229622  1.75437462  2.25048580  1.88659572  2.18800821  2.20293624  2.11712618
1    2.34582927  0.00000000  1.95630659  2.06613092  1.93062914  2.10165695  2.08643018  2.09541691  1.77927305  1.61443214  2.14137574  2.18031771  1.74795579  1.74468806  2.10406373  2.01897742  1.86417898
2    1.86481471  1.95630659  0.00000000  1.89160218  1.31762834  1.92064344  1.91111280  1.91673771  1.94741285  1.60850341  0.95097345  1.89913353  1.29489986  0.69376277  1.92393220  1.77363496  1.45732389
3    2.18450279  2.06613092  1.89160218  0.00000000  1.86079438  1.84513355  2.12460249  1.95966200  2.07763761  1.78092791  2.15111159  2.03589291  2.14671328  1.82191640  0.57743810  0.95239137  2.11692366
4    1.84927422  1.93062914  1.31762834  1.86079438  0.00000000  1.89119832  1.89044265  1.89088864  1.92272079  1.58584970  1.66305728  1.87677952  1.77128962  1.41176243  1.89340350  1.86422634  1.79964636
5    2.21754823  2.10165695  1.92064344  1.84513355  1.89119832  0.00000000  2.15890320  1.91081357  2.11292251  1.81571401  2.18143299  2.01481011  2.17869742  1.85339845  1.88476129  1.95499264  2.13464288
6    2.09261727  2.08643018  1.91111280  2.12460249  1.89044265  2.15890320  0.00000000  1.98663914  2.08703162  1.45552291  2.16854799  2.02257039  2.16506429  1.83747218  2.15683749  2.15880315  2.12676051
7    2.16635059  2.09541691  1.91673771  1.95966200  1.89088864  1.91081357  1.98663914  0.00000000  2.10231223  1.72317551  2.17615262  1.36321588  2.17311046  1.84687175  1.99626014  2.03851570  1.95540274
8    2.28482542  1.77927305  1.94741285  2.07763761  1.92272079  2.11292251  2.08703162  2.10231223  0.00000000  1.46388412  1.98612446  2.16419223  1.94279187  1.34236301  2.11424488  2.07327892  2.00230649
9    1.86689974  1.61443214  1.60850341  1.78092791  1.58584970  1.81571401  1.45552291  1.72317551  1.46388412  0.00000000  1.80021847  1.77190435  1.76361558  1.40955642  1.81531926  1.80296549  1.76584368
10    2.17229622  2.14137574  0.95097345  2.15111159  1.66305728  2.18143299  2.16854799  2.17615262  1.98612446  1.80021847  0.00000000  2.17484513  1.23211311  1.21322819  2.18431858  1.95680427  1.48552886
11    1.75437462  2.18031771  1.89913353  2.03589291  1.87677952  2.01481011  2.02257039  1.36321588  2.16419223  1.77190435  2.17484513  0.00000000  2.19934410  1.86033992  2.06356626  2.09600821  1.61562847
12    2.25048580  1.74795579  1.29489986  2.14671328  1.77128962  2.17869742  2.16506429  2.17311046  1.94279187  1.76361558  1.23211311  2.19934410  0.00000000  1.40576537  2.18143004  1.78607670  0.61157901
13    1.88659572  1.74468806  0.69376277  1.82191640  1.41176243  1.85339845  1.83747218  1.84687175  1.34236301  1.40955642  1.21322819  1.86033992  1.40576537  0.00000000  1.85591850  1.74836159  1.52795953
16    2.18800821  2.10406373  1.92393220  0.57743810  1.89340350  1.88476129  2.15683749  1.99626014  2.11424488  1.81531926  2.18431858  2.06356626  2.18143004  1.85591850  0.00000000  0.92212868  2.14974708
17    2.20293624  2.01897742  1.77363496  0.95239137  1.86422634  1.95499264  2.15880315  2.03851570  2.07327892  1.80296549  1.95680427  2.09600821  1.78607670  1.74836159  0.92212868  0.00000000  1.86938937
19    2.11712618  1.86417898  1.45732389  2.11692366  1.79964636  2.13464288  2.12676051  1.95540274  2.00230649  1.76584368  1.48552886  1.61562847  0.61157901  1.52795953  2.14974708  1.86938937  0.00000000

--------------------------------------------------------------------------------
n=16
(result of R-step: (2,8:13)0.60907498)
V=[0, 1, 2, 3, 4, 5, 6, 7, 8, 9, 10, 11, 12, 16, 17, 19]
total successes of this branch: 1
Matrix on 16 elements:

0    0.00000000  2.34582927  1.80334277  2.18450279  1.84927422  2.21754823  2.09261727  2.16635059  1.90284137  1.86689974  2.17229622  1.75437462  2.25048580  2.18800821  2.20293624  2.11712618
1    2.34582927  0.00000000  1.89483465  2.06613092  1.93062914  2.10165695  2.08643018  2.09541691  1.39728899  1.61443214  2.14137574  2.18031771  1.74795579  2.10406373  2.01897742  1.86417898
2    1.80334277  1.89483465  0.00000000  1.83013024  1.25615639  1.85917149  1.84964085  1.85526577  1.50395686  1.54703146  0.88950151  1.83766159  1.23342792  1.86246026  1.71216301  1.39585194
3    2.18450279  2.06613092  1.83013024  0.00000000  1.86079438  1.84513355  2.12460249  1.95966200  1.69565356  1.78092791  2.15111159  2.03589291  2.14671328  0.57743810  0.95239137  2.11692366
4    1.84927422  1.93062914  1.25615639  1.86079438  0.00000000  1.89119832  1.89044265  1.89088864  1.54073674  1.58584970  1.66305728  1.87677952  1.77128962  1.89340350  1.86422634  1.79964636
5    2.21754823  2.10165695  1.85917149  1.84513355  1.89119832  0.00000000  2.15890320  1.91081357  1.73093846  1.81571401  2.18143299  2.01481011  2.17869742  1.88476129  1.95499264  2.13464288
6    2.09261727  2.08643018  1.84964085  2.12460249  1.89044265  2.15890320  0.00000000  1.98663914  1.70504756  1.45552291  2.16854799  2.02257039  2.16506429  2.15683749  2.15880315  2.12676051
7    2.16635059  2.09541691  1.85526577  1.95966200  1.89088864  1.91081357  1.98663914  0.00000000  1.72032818  1.72317551  2.17615262  1.36321588  2.17311046  1.99626014  2.03851570  1.95540274
8    1.90284137  1.39728899  1.50395686  1.69565356  1.54073674  1.73093846  1.70504756  1.72032818  0.00000000  1.08190007  1.60414041  1.78220818  1.56080782  1.73226083  1.69129486  1.62032244
9    1.86689974  1.61443214  1.54703146  1.78092791  1.58584970  1.81571401  1.45552291  1.72317551  1.08190007  0.00000000  1.80021847  1.77190435  1.76361558  1.81531926  1.80296549  1.76584368
10    2.17229622  2.14137574  0.88950151  2.15111159  1.66305728  2.18143299  2.16854799  2.17615262  1.60414041  1.80021847  0.00000000  2.17484513  1.23211311  2.18431858  1.95680427  1.48552886
11    1.75437462  2.18031771  1.83766159  2.03589291  1.87677952  2.01481011  2.02257039  1.36321588  1.78220818  1.77190435  2.17484513  0.00000000  2.19934410  2.06356626  2.09600821  1.61562847
12    2.25048580  1.74795579  1.23342792  2.14671328  1.77128962  2.17869742  2.16506429  2.17311046  1.56080782  1.76361558  1.23211311  2.19934410  0.00000000  2.18143004  1.78607670  0.61157901
16    2.18800821  2.10406373  1.86246026  0.57743810  1.89340350  1.88476129  2.15683749  1.99626014  1.73226083  1.81531926  2.18431858  2.06356626  2.18143004  0.00000000  0.92212868  2.14974708
17    2.20293624  2.01897742  1.71216301  0.95239137  1.86422634  1.95499264  2.15880315  2.03851570  1.69129486  1.80296549  1.95680427  2.09600821  1.78607670  0.92212868  0.00000000  1.86938937
19    2.11712618  1.86417898  1.39585194  2.11692366  1.79964636  2.13464288  2.12676051  1.95540274  1.62032244  1.76584368  1.48552886  1.61562847  0.61157901  2.14974708  1.86938937  0.00000000

--------------------------------------------------------------------------------
n=15
(result of R-step: (11,12:19)0.26880995)
V=[0, 1, 2, 3, 4, 5, 6, 7, 8, 9, 10, 11, 12, 16, 17]
total successes of this branch: 1
Matrix on 15 elements:

0    0.00000000  2.34582927  1.80334277  2.18450279  1.84927422  2.21754823  2.09261727  2.16635059  1.90284137  1.86689974  2.17229622  1.74044293  2.23655412  2.18800821  2.20293624
1    2.34582927  0.00000000  1.89483465  2.06613092  1.93062914  2.10165695  2.08643018  2.09541691  1.39728899  1.61443214  2.14137574  2.16638603  1.73402410  2.10406373  2.01897742
2    1.80334277  1.89483465  0.00000000  1.83013024  1.25615639  1.85917149  1.84964085  1.85526577  1.50395686  1.54703146  0.88950151  1.82372990  1.21949623  1.86246026  1.71216301
3    2.18450279  2.06613092  1.83013024  0.00000000  1.86079438  1.84513355  2.12460249  1.95966200  1.69565356  1.78092791  2.15111159  2.02196123  2.13278160  0.57743810  0.95239137
4    1.84927422  1.93062914  1.25615639  1.86079438  0.00000000  1.89119832  1.89044265  1.89088864  1.54073674  1.58584970  1.66305728  1.86284783  1.75735794  1.89340350  1.86422634
5    2.21754823  2.10165695  1.85917149  1.84513355  1.89119832  0.00000000  2.15890320  1.91081357  1.73093846  1.81571401  2.18143299  2.00087842  2.16476573  1.88476129  1.95499264
6    2.09261727  2.08643018  1.84964085  2.12460249  1.89044265  2.15890320  0.00000000  1.98663914  1.70504756  1.45552291  2.16854799  2.00863870  2.15113260  2.15683749  2.15880315
7    2.16635059  2.09541691  1.85526577  1.95966200  1.89088864  1.91081357  1.98663914  0.00000000  1.72032818  1.72317551  2.17615262  1.34928420  2.15917877  1.99626014  2.03851570
8    1.90284137  1.39728899  1.50395686  1.69565356  1.54073674  1.73093846  1.70504756  1.72032818  0.00000000  1.08190007  1.60414041  1.76827649  1.54687613  1.73226083  1.69129486
9    1.86689974  1.61443214  1.54703146  1.78092791  1.58584970  1.81571401  1.45552291  1.72317551  1.08190007  0.00000000  1.80021847  1.75797266  1.74968389  1.81531926  1.80296549
10    2.17229622  2.14137574  0.88950151  2.15111159  1.66305728  2.18143299  2.16854799  2.17615262  1.60414041  1.80021847  0.00000000  2.16091345  1.21818142  2.18431858  1.95680427
11    1.74044293  2.16638603  1.82372990  2.02196123  1.86284783  2.00087842  2.00863870  1.34928420  1.76827649  1.75797266  2.16091345  0.00000000  2.17148073  2.04963457  2.08207652
12    2.23655412  1.73402410  1.21949623  2.13278160  1.75735794  2.16476573  2.15113260  2.15917877  1.54687613  1.74968389  1.21818142  2.17148073  0.00000000  2.16749835  1.77214501
16    2.18800821  2.10406373  1.86246026  0.57743810  1.89340350  1.88476129  2.15683749  1.99626014  1.73226083  1.81531926  2.18431858  2.04963457  2.16749835  0.00000000  0.92212868
17    2.20293624  2.01897742  1.71216301  0.95239137  1.86422634  1.95499264  2.15880315  2.03851570  1.69129486  1.80296549  1.95680427  2.08207652  1.77214501  0.92212868  0.00000000

--------------------------------------------------------------------------------
n=14
(result of R-step: (12,16:17)0.23893405)
V=[0, 1, 2, 3, 4, 5, 6, 7, 8, 9, 10, 11, 12, 16]
total successes of this branch: 1
Matrix on 14 elements:

0    0.00000000  2.34582927  1.80334277  2.18450279  1.84927422  2.21754823  2.09261727  2.16635059  1.90284137  1.86689974  2.17229622  1.74044293  1.98709814  1.92462055
1    2.34582927  0.00000000  1.89483465  2.06613092  1.93062914  2.10165695  2.08643018  2.09541691  1.39728899  1.61443214  2.14137574  2.16638603  1.48456812  1.84067607
2    1.80334277  1.89483465  0.00000000  1.83013024  1.25615639  1.85917149  1.84964085  1.85526577  1.50395686  1.54703146  0.88950151  1.82372990  0.97004025  1.59907259
3    2.18450279  2.06613092  1.83013024  0.00000000  1.86079438  1.84513355  2.12460249  1.95966200  1.69565356  1.78092791  2.15111159  2.02196123  1.88332562  0.31405043
4    1.84927422  1.93062914  1.25615639  1.86079438  0.00000000  1.89119832  1.89044265  1.89088864  1.54073674  1.58584970  1.66305728  1.86284783  1.50790196  1.63001583
5    2.21754823  2.10165695  1.85917149  1.84513355  1.89119832  0.00000000  2.15890320  1.91081357  1.73093846  1.81571401  2.18143299  2.00087842  1.91530975  1.62137362
6    2.09261727  2.08643018  1.84964085  2.12460249  1.89044265  2.15890320  0.00000000  1.98663914  1.70504756  1.45552291  2.16854799  2.00863870  1.90167662  1.89344983
7    2.16635059  2.09541691  1.85526577  1.95966200  1.89088864  1.91081357  1.98663914  0.00000000  1.72032818  1.72317551  2.17615262  1.34928420  1.90972279  1.73287247
8    1.90284137  1.39728899  1.50395686  1.69565356  1.54073674  1.73093846  1.70504756  1.72032818  0.00000000  1.08190007  1.60414041  1.76827649  1.29742015  1.46887316
9    1.86689974  1.61443214  1.54703146  1.78092791  1.58584970  1.81571401  1.45552291  1.72317551  1.08190007  0.00000000  1.80021847  1.75797266  1.50022791  1.55193159
10    2.17229622  2.14137574  0.88950151  2.15111159  1.66305728  2.18143299  2.16854799  2.17615262  1.60414041  1.80021847  0.00000000  2.16091345  0.96872544  1.92093091
11    1.74044293  2.16638603  1.82372990  2.02196123  1.86284783  2.00087842  2.00863870  1.34928420  1.76827649  1.75797266  2.16091345  0.00000000  1.92202475  1.78624691
12    1.98709814  1.48456812  0.97004025  1.88332562  1.50790196  1.91530975  1.90167662  1.90972279  1.29742015  1.50022791  0.96872544  1.92202475  0.00000000  1.65465471
16    1.92462055  1.84067607  1.59907259  0.31405043  1.63001583  1.62137362  1.89344983  1.73287247  1.46887316  1.55193159  1.92093091  1.78624691  1.65465471  0.00000000

--------------------------------------------------------------------------------
n=13
(result of R-step: (0,3:16)0.01828076)
V=[0, 1, 2, 3, 4, 5, 6, 7, 8, 9, 10, 11, 12]
total successes of this branch: 1
Matrix on 13 elements:

0    0.00000000  2.05535750  1.51287101  1.63699012  1.55880246  1.92707647  1.80214551  1.87587883  1.61236961  1.57642798  1.88182446  1.44997117  1.69662638
1    2.05535750  0.00000000  1.89483465  1.80909001  1.93062914  2.10165695  2.08643018  2.09541691  1.39728899  1.61443214  2.14137574  2.16638603  1.48456812
2    1.51287101  1.89483465  0.00000000  1.57308933  1.25615639  1.85917149  1.84964085  1.85526577  1.50395686  1.54703146  0.88950151  1.82372990  0.97004025
3    1.63699012  1.80909001  1.57308933  0.00000000  1.60375348  1.58809265  1.86756159  1.70262109  1.43861265  1.52388701  1.89407069  1.76492032  1.62628471
4    1.55880246  1.93062914  1.25615639  1.60375348  0.00000000  1.89119832  1.89044265  1.89088864  1.54073674  1.58584970  1.66305728  1.86284783  1.50790196
5    1.92707647  2.10165695  1.85917149  1.58809265  1.89119832  0.00000000  2.15890320  1.91081357  1.73093846  1.81571401  2.18143299  2.00087842  1.91530975
6    1.80214551  2.08643018  1.84964085  1.86756159  1.89044265  2.15890320  0.00000000  1.98663914  1.70504756  1.45552291  2.16854799  2.00863870  1.90167662
7    1.87587883  2.09541691  1.85526577  1.70262109  1.89088864  1.91081357  1.98663914  0.00000000  1.72032818  1.72317551  2.17615262  1.34928420  1.90972279
8    1.61236961  1.39728899  1.50395686  1.43861265  1.54073674  1.73093846  1.70504756  1.72032818  0.00000000  1.08190007  1.60414041  1.76827649  1.29742015
9    1.57642798  1.61443214  1.54703146  1.52388701  1.58584970  1.81571401  1.45552291  1.72317551  1.08190007  0.00000000  1.80021847  1.75797266  1.50022791
10    1.88182446  2.14137574  0.88950151  1.89407069  1.66305728  2.18143299  2.16854799  2.17615262  1.60414041  1.80021847  0.00000000  2.16091345  0.96872544
11    1.44997117  2.16638603  1.82372990  1.76492032  1.86284783  2.00087842  2.00863870  1.34928420  1.76827649  1.75797266  2.16091345  0.00000000  1.92202475
12    1.69662638  1.48456812  0.97004025  1.62628471  1.50790196  1.91530975  1.90167662  1.90972279  1.29742015  1.50022791  0.96872544  1.92202475  0.00000000

--------------------------------------------------------------------------------
n=12
(result of R-step: (0,7:11)0.33904399)
V=[0, 1, 2, 3, 4, 5, 6, 7, 8, 9, 10, 12]
total successes of this branch: 1
Matrix on 12 elements:

0    0.00000000  1.87020931  1.32772281  1.45184193  1.37365427  1.74192828  1.61699731  1.21511069  1.42722141  1.39127979  1.69667627  1.51147818
1    1.87020931  0.00000000  1.89483465  1.80909001  1.93062914  2.10165695  2.08643018  1.61979696  1.39728899  1.61443214  2.14137574  1.48456812
2    1.32772281  1.89483465  0.00000000  1.57308933  1.25615639  1.85917149  1.84964085  1.37964581  1.50395686  1.54703146  0.88950151  0.97004025
3    1.45184193  1.80909001  1.57308933  0.00000000  1.60375348  1.58809265  1.86756159  1.22700114  1.43861265  1.52388701  1.89407069  1.62628471
4    1.37365427  1.93062914  1.25615639  1.60375348  0.00000000  1.89119832  1.89044265  1.41526868  1.54073674  1.58584970  1.66305728  1.50790196
5    1.74192828  2.10165695  1.85917149  1.58809265  1.89119832  0.00000000  2.15890320  1.43519361  1.73093846  1.81571401  2.18143299  1.91530975
6    1.61699731  2.08643018  1.84964085  1.86756159  1.89044265  2.15890320  0.00000000  1.51101918  1.70504756  1.45552291  2.16854799  1.90167662
7    1.21511069  1.61979696  1.37964581  1.22700114  1.41526868  1.43519361  1.51101918  0.00000000  1.24470822  1.24755556  1.70053267  1.43410284
8    1.42722141  1.39728899  1.50395686  1.43861265  1.54073674  1.73093846  1.70504756  1.24470822  0.00000000  1.08190007  1.60414041  1.29742015
9    1.39127979  1.61443214  1.54703146  1.52388701  1.58584970  1.81571401  1.45552291  1.24755556  1.08190007  0.00000000  1.80021847  1.50022791
10    1.69667627  2.14137574  0.88950151  1.89407069  1.66305728  2.18143299  2.16854799  1.70053267  1.60414041  1.80021847  0.00000000  0.96872544
12    1.51147818  1.48456812  0.97004025  1.62628471  1.50790196  1.91530975  1.90167662  1.43410284  1.29742015  1.50022791  0.96872544  0.00000000

--------------------------------------------------------------------------------
n=11
(result of R-step: (1,10:12)0.31947198)
V=[0, 1, 2, 3, 4, 5, 6, 7, 8, 9, 10]
total successes of this branch: 1
Matrix on 11 elements:

0    0.00000000  1.45086273  1.32772281  1.45184193  1.37365427  1.74192828  1.61699731  1.21511069  1.42722141  1.39127979  1.31076055
1    1.45086273  0.00000000  1.47548807  1.38974344  1.51128256  1.68231037  1.66708360  1.20045038  0.97794242  1.19508556  1.33611344
2    1.32772281  1.47548807  0.00000000  1.57308933  1.25615639  1.85917149  1.84964085  1.37964581  1.50395686  1.54703146  0.50358579
3    1.45184193  1.38974344  1.57308933  0.00000000  1.60375348  1.58809265  1.86756159  1.22700114  1.43861265  1.52388701  1.50815496
4    1.37365427  1.51128256  1.25615639  1.60375348  0.00000000  1.89119832  1.89044265  1.41526868  1.54073674  1.58584970  1.27714155
5    1.74192828  1.68231037  1.85917149  1.58809265  1.89119832  0.00000000  2.15890320  1.43519361  1.73093846  1.81571401  1.79551727
6    1.61699731  1.66708360  1.84964085  1.86756159  1.89044265  2.15890320  0.00000000  1.51101918  1.70504756  1.45552291  1.78263227
7    1.21511069  1.20045038  1.37964581  1.22700114  1.41526868  1.43519361  1.51101918  0.00000000  1.24470822  1.24755556  1.31461694
8    1.42722141  0.97794242  1.50395686  1.43861265  1.54073674  1.73093846  1.70504756  1.24470822  0.00000000  1.08190007  1.21822469
9    1.39127979  1.19508556  1.54703146  1.52388701  1.58584970  1.81571401  1.45552291  1.24755556  1.08190007  0.00000000  1.41430275
10    1.31076055  1.33611344  0.50358579  1.50815496  1.27714155  1.79551727  1.78263227  1.31461694  1.21822469  1.41430275  0.00000000

--------------------------------------------------------------------------------
n=10
(result of R-step: (2,8:10)0.79496936)
V=[0, 1, 2, 3, 4, 5, 6, 7, 8, 9]
total successes of this branch: 1
Matrix on 10 elements:

0    0.00000000  1.45086273  1.18143348  1.45184193  1.37365427  1.74192828  1.61699731  1.21511069  1.28093208  1.39127979
1    1.45086273  0.00000000  1.32919873  1.38974344  1.51128256  1.68231037  1.66708360  1.20045038  0.83165308  1.19508556
2    1.18143348  1.32919873  0.00000000  1.42679999  1.10986705  1.71288216  1.70335151  1.23335647  1.21137818  1.40074213
3    1.45184193  1.38974344  1.42679999  0.00000000  1.60375348  1.58809265  1.86756159  1.22700114  1.29232331  1.52388701
4    1.37365427  1.51128256  1.10986705  1.60375348  0.00000000  1.89119832  1.89044265  1.41526868  1.39444740  1.58584970
5    1.74192828  1.68231037  1.71288216  1.58809265  1.89119832  0.00000000  2.15890320  1.43519361  1.58464912  1.81571401
6    1.61699731  1.66708360  1.70335151  1.86756159  1.89044265  2.15890320  0.00000000  1.51101918  1.55875823  1.45552291
7    1.21511069  1.20045038  1.23335647  1.22700114  1.41526868  1.43519361  1.51101918  0.00000000  1.09841889  1.24755556
8    1.28093208  0.83165308  1.21137818  1.29232331  1.39444740  1.58464912  1.55875823  1.09841889  0.00000000  0.93561073
9    1.39127979  1.19508556  1.40074213  1.52388701  1.58584970  1.81571401  1.45552291  1.24755556  0.93561073  0.00000000

--------------------------------------------------------------------------------
n=9
(result of R-step: (6,8:9)0.50681289)
V=[0, 1, 2, 3, 4, 5, 6, 7, 8]
total successes of this branch: 1
Matrix on 9 elements:

0    0.00000000  1.45086273  1.18143348  1.45184193  1.37365427  1.74192828  0.88029750  1.21511069  1.07250565
1    1.45086273  0.00000000  1.32919873  1.38974344  1.51128256  1.68231037  0.93038379  1.20045038  0.62322666
2    1.18143348  1.32919873  0.00000000  1.42679999  1.10986705  1.71288216  0.96665170  1.23335647  1.00295176
3    1.45184193  1.38974344  1.42679999  0.00000000  1.60375348  1.58809265  1.13086178  1.22700114  1.08389689
4    1.37365427  1.51128256  1.10986705  1.60375348  0.00000000  1.89119832  1.15374283  1.41526868  1.18602098
5    1.74192828  1.68231037  1.71288216  1.58809265  1.89119832  0.00000000  1.42220339  1.43519361  1.37622270
6    0.88029750  0.93038379  0.96665170  1.13086178  1.15374283  1.42220339  0.00000000  0.77431937  0.61363199
7    1.21511069  1.20045038  1.23335647  1.22700114  1.41526868  1.43519361  0.77431937  0.00000000  0.88999246
8    1.07250565  0.62322666  1.00295176  1.08389689  1.18602098  1.37622270  0.61363199  0.88999246  0.00000000

--------------------------------------------------------------------------------
n=8
(result of R-step: (0,1:8)0.09720798)
V=[0, 1, 2, 3, 4, 5, 6, 7]
total successes of this branch: 1
Matrix on 8 elements:

0    0.00000000  0.62756007  0.79791883  1.06832728  0.99013962  1.35841363  0.49678286  0.83159604
1    0.62756007  0.00000000  0.88941071  0.94995542  1.07149454  1.24252235  0.49059577  0.76066236
2    0.79791883  0.88941071  0.00000000  1.42679999  1.10986705  1.71288216  0.96665170  1.23335647
3    1.06832728  0.94995542  1.42679999  0.00000000  1.60375348  1.58809265  1.13086178  1.22700114
4    0.99013962  1.07149454  1.10986705  1.60375348  0.00000000  1.89119832  1.15374283  1.41526868
5    1.35841363  1.24252235  1.71288216  1.58809265  1.89119832  0.00000000  1.42220339  1.43519361
6    0.49678286  0.49059577  0.96665170  1.13086178  1.15374283  1.42220339  0.00000000  0.77431937
7    0.83159604  0.76066236  1.23335647  1.22700114  1.41526868  1.43519361  0.77431937  0.00000000

--------------------------------------------------------------------------------
n=7
(result of R-step: (5,6:7)0.59019258)
V=[0, 1, 2, 3, 4, 5, 6]
total successes of this branch: 1
Matrix on 7 elements:

0    0.00000000  0.62756007  0.79791883  1.06832728  0.99013962  0.48913888  0.36420792
1    0.62756007  0.00000000  0.88941071  0.94995542  1.07149454  0.37324760  0.35802083
2    0.79791883  0.88941071  0.00000000  1.42679999  1.10986705  0.84360741  0.83407676
3    1.06832728  0.94995542  1.42679999  0.00000000  1.60375348  0.71881789  0.99828684
4    0.99013962  1.07149454  1.10986705  1.60375348  0.00000000  1.02192356  1.02116789
5    0.48913888  0.37324760  0.84360741  0.71881789  1.02192356  0.00000000  0.42035370
6    0.36420792  0.35802083  0.83407676  0.99828684  1.02116789  0.42035370  0.00000000

--------------------------------------------------------------------------------
n=6
(result of R-step: (0,1:6)0.49396513)
V=[0, 1, 2, 3, 4, 5]
total successes of this branch: 1
Matrix on 6 elements:

0    0.00000000  0.51261108  0.74044434  1.01085279  0.93266513  0.43166439
1    0.51261108  0.00000000  0.83193622  0.89248092  1.01402004  0.31577311
2    0.74044434  0.83193622  0.00000000  1.42679999  1.10986705  0.84360741
3    1.01085279  0.89248092  1.42679999  0.00000000  1.60375348  0.71881789
4    0.93266513  1.01402004  1.10986705  1.60375348  0.00000000  1.02192356
5    0.43166439  0.31577311  0.84360741  0.71881789  1.02192356  0.00000000

--------------------------------------------------------------------------------
n=5
(result of R-step: (1,4:0)0.51570842)
V=[1, 2, 3, 4, 5]
total successes of this branch: 0
Matrix on 5 elements:

1    0.00000000  0.59185757  0.65240228  0.11750019  0.07569447
2    0.59185757  0.00000000  1.42679999  0.45342585  0.84360741
3    0.65240228  1.42679999  0.00000000  0.94731227  0.71881789
4    0.11750019  0.45342585  0.94731227  0.00000000  0.36548236
5    0.07569447  0.84360741  0.71881789  0.36548236  0.00000000
reason of abort: no pseudometric

--------------------------------------------------------------------------------
n=5
(result of R-step: (2,3:5)0.01182000)
V=[0, 1, 2, 3, 4]
total successes of this branch: 1
Matrix on 5 elements:

0    0.00000000  0.51261108  0.33163032  0.36423715  0.93266513
1    0.51261108  0.00000000  0.42312220  0.24586528  1.01402004
2    0.33163032  0.42312220  0.00000000  0.37137033  0.70105304
3    0.36423715  0.24586528  0.37137033  0.00000000  0.95713783
4    0.93266513  1.01402004  0.70105304  0.95713783  0.00000000

--------------------------------------------------------------------------------
n=4
(result of R-step: (0,2:4)0.05309699)
V=[0, 1, 2, 3]
total successes of this branch: 0
reason of abort: negative delta/dxy

--------------------------------------------------------------------------------
n=4
(result of R-step: (0,3:1)0.33603442)
V=[0, 2, 3, 4]
total successes of this branch: 0
Matrix on 4 elements:

0    0.00000000  0.02561365  0.01427001  0.62664845
2    0.02561365  0.00000000  0.32741988  0.70105304
3    0.01427001  0.32741988  0.00000000  0.91318738
4    0.62664845  0.70105304  0.91318738  0.00000000
reason of abort: no pseudometric

--------------------------------------------------------------------------------
n=4
(result of R-step: (1,2:0)0.54449372)
V=[1, 2, 3, 4]
total successes of this branch: 0
Matrix on 4 elements:

1    0.00000000  0.14163665  0.00833018  0.77648495
2    0.14163665  0.00000000  0.32741988  0.65710258
