n=20
V=[0, 1, 2, 3, 4, 5, 6, 7, 8, 9, 10, 11, 12, 13, 14, 15, 16, 17, 18, 19]
total successes of this branch: 5
Matrix on 20 elements:

0    0.00000000  1.49285715  1.49155125  1.39394758  1.35053260  1.33354765  1.47875081  1.43621098  1.46554840  1.47594226  1.48381166  1.42970612  1.41398322  1.41905576  1.44327407  1.40006194  1.47142847  1.46897576  1.46988709  1.42442240
1    1.49285715  0.00000000  1.48917872  1.46662649  1.48632738  1.48023272  0.99635796  1.47639184  1.04680929  1.48886312  0.82511998  0.99943859  1.20485940  0.99909510  0.93402947  1.25251926  1.48744628  1.02817937  1.37193968  1.47366798
2    1.49155125  1.48917872  0.00000000  1.49105394  1.49142745  1.49131190  1.48936761  1.25340721  1.48957971  0.92941827  1.48931154  1.49002432  1.49047704  1.49034478  1.48995836  1.49062153  0.96622604  1.48952338  1.10341562  1.06509757
3    1.39394758  1.46662649  1.49105394  0.00000000  1.37955790  1.33790600  1.45522871  1.17987617  1.44743702  1.47871274  1.46027035  1.41560109  1.06103584  1.42147769  1.43598591  1.10895477  1.44476248  1.41221314  1.44546357  0.55277250
4    1.35053260  1.48632738  1.49142745  1.37955790  0.00000000  1.36450205  1.47554015  1.42799858  1.42028804  1.42147756  1.46445314  1.43803525  1.41232297  0.96156440  1.14964173  1.40404643  1.42221840  1.46665891  1.42171238  1.41448696
5    1.33354765  1.48023272  1.49131190  1.33790600  1.36450205  0.00000000  1.43322480  1.40433236  1.42614853  1.47727565  1.46231839  1.16447638  1.24073275  1.42022140  1.43596542  1.06311095  1.46898870  1.38724773  1.45775877  1.38580397
6    1.47875081  0.99635796  1.48936761  1.45522871  1.47554015  1.43322480  0.00000000  1.47001121  0.99419898  1.48783708  0.99564284  1.16953402  1.29515293  1.24483449  1.15163833  1.31904953  1.48581192  0.32325349  1.35694271  1.46588791
7    1.43621098  1.47639184  1.25340721  1.17987617  1.42799858  1.40433236  1.47001121  0.00000000  1.46568524  1.27273227  1.47284549  1.44782712  1.33001007  1.45129786  1.45935654  1.34287330  1.15168786  1.45421762  1.23399772  1.20283479
8    1.46554840  1.04680929  1.48957971  1.44743702  1.42028804  1.42614853  0.99419898  1.46568524  0.00000000  1.48190999  0.93701022  1.19718114  1.30721773  1.24047405  1.12698043  1.32780152  1.48006673  1.03564046  1.13461469  1.46059524
9    1.47594226  1.48886312  0.92941827  1.47871274  1.42147756  1.47727565  1.48783708  1.27273227  1.48190999  0.00000000  1.48656003  1.48426979  1.48182637  1.45392081  1.46612768  1.48103876  0.32832090  1.48699257  0.63071756  1.30720637
10    1.48381166  0.82511998  1.48931154  1.46027035  1.46445314  1.46231839  0.99564284  1.47284549  0.93701022  1.48656003  0.00000000  1.07770841  1.24591950  1.15664166  0.81595135  1.28337244  1.48500195  1.03138579  1.34135386  1.46933789
11    1.42970612  0.99943859  1.49002432  1.41560109  1.43803525  1.16447638  1.16953402  1.44782712  1.19718114  1.48426979  1.07770841  0.00000000  0.96377972  1.22686978  1.17108434  0.99851502  1.48012961  1.14828934  1.40595877  1.43883828
12    1.41398322  1.20485940  1.49047704  1.06103584  1.41232297  1.24073275  1.29515293  1.33001007  1.30721773  1.48182637  1.24591950  0.96377972  0.00000000  1.31243817  1.28756059  0.39207579  1.46457881  1.18296898  1.42332889  1.19512039
13    1.41905576  0.99909510  1.49034478  1.42147769  0.96156440  1.42022140  1.24483449  1.45129786  1.24047405  1.45392081  1.15664166  1.22686978  1.31243817  0.00000000  0.58638047  1.33109260  1.45362282  1.25554983  1.39774896  1.44298008
14    1.44327407  0.93402947  1.48995836  1.43598591  1.14964173  1.43596542  1.15163833  1.45935654  1.12698043  1.46612768  0.81595135  1.17108434  1.28756059  0.58638047  0.00000000  1.31324555  1.46535842  1.17171384  1.37665754  1.45283774
15    1.40006194  1.25251926  1.49062153  1.10895477  1.40404643  1.06311095  1.31904953  1.34287330  1.32780152  1.48103876  1.28337244  0.99851502  0.39207579  1.33109260  1.31324555  0.00000000  1.46534205  1.17780121  1.42928779  1.22812269
16    1.47142847  1.48744628  0.96622604  1.44476248  1.42221840  1.46898870  1.48581192  1.15168786  1.48006673  0.32832090  1.48500195  1.48012961  1.46457881  1.45362282  1.46535842  1.46534205  0.00000000  1.48326907  0.50768111  1.29534891
17    1.46897576  1.02817937  1.48952338  1.41221314  1.46665891  1.38724773  0.32325349  1.45421762  1.03564046  1.48699257  1.03138579  1.14828934  1.18296898  1.25554983  1.17171384  1.17780121  1.48326907  0.00000000  1.36592972  1.43635174
18    1.46988709  1.37193968  1.10341562  1.44546357  1.42171238  1.45775877  1.35694271  1.23399772  1.13461469  0.63071756  1.34135386  1.40595877  1.42332889  1.39774896  1.37665754  1.42928779  0.50768111  1.36592972  0.00000000  1.33866584
19    1.42442240  1.47366798  1.06509757  0.55277250  1.41448696  1.38580397  1.46588791  1.20283479  1.46059524  1.30720637  1.46933789  1.43883828  1.19512039  1.44298008  1.45283774  1.22812269  1.29534891  1.43635174  1.33866584  0.00000000

--------------------------------------------------------------------------------
n=19
(result of R-step: (2,3:19)0.31223029)
V=[0, 1, 2, 3, 4, 5, 6, 7, 8, 9, 10, 11, 12, 13, 14, 15, 16, 17, 18]
total successes of this branch: 5
Matrix on 19 elements:

0    0.00000000  1.49285715  1.42814318  1.33053951  1.35053260  1.33354765  1.47875081  1.43621098  1.46554840  1.47594226  1.48381166  1.42970612  1.41398322  1.41905576  1.44327407  1.40006194  1.47142847  1.46897576  1.46988709
1    1.49285715  0.00000000  1.42577066  1.40321842  1.48632738  1.48023272  0.99635796  1.47639184  1.04680929  1.48886312  0.82511998  0.99943859  1.20485940  0.99909510  0.93402947  1.25251926  1.48744628  1.02817937  1.37193968
2    1.42814318  1.42577066  0.00000000  1.36423781  1.42801938  1.42790383  1.42595954  1.18999914  1.42617164  0.86601021  1.42590347  1.42661626  1.42706898  1.42693672  1.42655029  1.42721347  0.90281797  1.42611531  1.04000755
3    1.33053951  1.40321842  1.36423781  0.00000000  1.31614983  1.27449793  1.39182065  1.11646811  1.38402895  1.41530467  1.39686228  1.35219302  0.99762777  1.35806962  1.37257784  1.04554670  1.38135441  1.34880507  1.38205550
4    1.35053260  1.48632738  1.42801938  1.31614983  0.00000000  1.36450205  1.47554015  1.42799858  1.42028804  1.42147756  1.46445314  1.43803525  1.41232297  0.96156440  1.14964173  1.40404643  1.42221840  1.46665891  1.42171238
5    1.33354765  1.48023272  1.42790383  1.27449793  1.36450205  0.00000000  1.43322480  1.40433236  1.42614853  1.47727565  1.46231839  1.16447638  1.24073275  1.42022140  1.43596542  1.06311095  1.46898870  1.38724773  1.45775877
6    1.47875081  0.99635796  1.42595954  1.39182065  1.47554015  1.43322480  0.00000000  1.47001121  0.99419898  1.48783708  0.99564284  1.16953402  1.29515293  1.24483449  1.15163833  1.31904953  1.48581192  0.32325349  1.35694271
7    1.43621098  1.47639184  1.18999914  1.11646811  1.42799858  1.40433236  1.47001121  0.00000000  1.46568524  1.27273227  1.47284549  1.44782712  1.33001007  1.45129786  1.45935654  1.34287330  1.15168786  1.45421762  1.23399772
8    1.46554840  1.04680929  1.42617164  1.38402895  1.42028804  1.42614853  0.99419898  1.46568524  0.00000000  1.48190999  0.93701022  1.19718114  1.30721773  1.24047405  1.12698043  1.32780152  1.48006673  1.03564046  1.13461469
9    1.47594226  1.48886312  0.86601021  1.41530467  1.42147756  1.47727565  1.48783708  1.27273227  1.48190999  0.00000000  1.48656003  1.48426979  1.48182637  1.45392081  1.46612768  1.48103876  0.32832090  1.48699257  0.63071756
10    1.48381166  0.82511998  1.42590347  1.39686228  1.46445314  1.46231839  0.99564284  1.47284549  0.93701022  1.48656003  0.00000000  1.07770841  1.24591950  1.15664166  0.81595135  1.28337244  1.48500195  1.03138579  1.34135386
11    1.42970612  0.99943859  1.42661626  1.35219302  1.43803525  1.16447638  1.16953402  1.44782712  1.19718114  1.48426979  1.07770841  0.00000000  0.96377972  1.22686978  1.17108434  0.99851502  1.48012961  1.14828934  1.40595877
12    1.41398322  1.20485940  1.42706898  0.99762777  1.41232297  1.24073275  1.29515293  1.33001007  1.30721773  1.48182637  1.24591950  0.96377972  0.00000000  1.31243817  1.28756059  0.39207579  1.46457881  1.18296898  1.42332889
13    1.41905576  0.99909510  1.42693672  1.35806962  0.96156440  1.42022140  1.24483449  1.45129786  1.24047405  1.45392081  1.15664166  1.22686978  1.31243817  0.00000000  0.58638047  1.33109260  1.45362282  1.25554983  1.39774896
14    1.44327407  0.93402947  1.42655029  1.37257784  1.14964173  1.43596542  1.15163833  1.45935654  1.12698043  1.46612768  0.81595135  1.17108434  1.28756059  0.58638047  0.00000000  1.31324555  1.46535842  1.17171384  1.37665754
15    1.40006194  1.25251926  1.42721347  1.04554670  1.40404643  1.06311095  1.31904953  1.34287330  1.32780152  1.48103876  1.28337244  0.99851502  0.39207579  1.33109260  1.31324555  0.00000000  1.46534205  1.17780121  1.42928779
16    1.47142847  1.48744628  0.90281797  1.38135441  1.42221840  1.46898870  1.48581192  1.15168786  1.48006673  0.32832090  1.48500195  1.48012961  1.46457881  1.45362282  1.46535842  1.46534205  0.00000000  1.48326907  0.50768111
17    1.46897576  1.02817937  1.42611531  1.34880507  1.46665891  1.38724773  0.32325349  1.45421762  1.03564046  1.48699257  1.03138579  1.14828934  1.18296898  1.25554983  1.17171384  1.17780121  1.48326907  0.00000000  1.36592972
18    1.46988709  1.37193968  1.04000755  1.38205550  1.42171238  1.45775877  1.35694271  1.23399772  1.13461469  0.63071756  1.34135386  1.40595877  1.42332889  1.39774896  1.37665754  1.42928779  0.50768111  1.36592972  0.00000000

--------------------------------------------------------------------------------
n=18
(result of R-step: (6,15:17)0.87577589)
V=[0, 1, 2, 3, 4, 5, 6, 7, 8, 9, 10, 11, 12, 13, 14, 15, 16, 18]
total successes of this branch: 5
Matrix on 18 elements:

0    0.00000000  1.49285715  1.42814318  1.33053951  1.35053260  1.33354765  1.38774823  1.43621098  1.46554840  1.47594226  1.48381166  1.42970612  1.41398322  1.41905576  1.44327407  1.30905936  1.47142847  1.46988709
1    1.49285715  0.00000000  1.42577066  1.40321842  1.48632738  1.48023272  0.90535537  1.47639184  1.04680929  1.48886312  0.82511998  0.99943859  1.20485940  0.99909510  0.93402947  1.16151668  1.48744628  1.37193968
2    1.42814318  1.42577066  0.00000000  1.36423781  1.42801938  1.42790383  1.33495696  1.18999914  1.42617164  0.86601021  1.42590347  1.42661626  1.42706898  1.42693672  1.42655029  1.33621088  0.90281797  1.04000755
3    1.33053951  1.40321842  1.36423781  0.00000000  1.31614983  1.27449793  1.30081806  1.11646811  1.38402895  1.41530467  1.39686228  1.35219302  0.99762777  1.35806962  1.37257784  0.95454412  1.38135441  1.38205550
4    1.35053260  1.48632738  1.42801938  1.31614983  0.00000000  1.36450205  1.38453757  1.42799858  1.42028804  1.42147756  1.46445314  1.43803525  1.41232297  0.96156440  1.14964173  1.31304385  1.42221840  1.42171238
5    1.33354765  1.48023272  1.42790383  1.27449793  1.36450205  0.00000000  1.34222221  1.40433236  1.42614853  1.47727565  1.46231839  1.16447638  1.24073275  1.42022140  1.43596542  0.97210837  1.46898870  1.45775877
6    1.38774823  0.90535537  1.33495696  1.30081806  1.38453757  1.34222221  0.00000000  1.37900863  0.90319639  1.39683450  0.90464025  1.07853144  1.20415035  1.15383191  1.06063575  1.13704436  1.39480934  1.26594013
7    1.43621098  1.47639184  1.18999914  1.11646811  1.42799858  1.40433236  1.37900863  0.00000000  1.46568524  1.27273227  1.47284549  1.44782712  1.33001007  1.45129786  1.45935654  1.25187072  1.15168786  1.23399772
8    1.46554840  1.04680929  1.42617164  1.38402895  1.42028804  1.42614853  0.90319639  1.46568524  0.00000000  1.48190999  0.93701022  1.19718114  1.30721773  1.24047405  1.12698043  1.23679894  1.48006673  1.13461469
9    1.47594226  1.48886312  0.86601021  1.41530467  1.42147756  1.47727565  1.39683450  1.27273227  1.48190999  0.00000000  1.48656003  1.48426979  1.48182637  1.45392081  1.46612768  1.39003618  0.32832090  0.63071756
10    1.48381166  0.82511998  1.42590347  1.39686228  1.46445314  1.46231839  0.90464025  1.47284549  0.93701022  1.48656003  0.00000000  1.07770841  1.24591950  1.15664166  0.81595135  1.19236986  1.48500195  1.34135386
11    1.42970612  0.99943859  1.42661626  1.35219302  1.43803525  1.16447638  1.07853144  1.44782712  1.19718114  1.48426979  1.07770841  0.00000000  0.96377972  1.22686978  1.17108434  0.90751243  1.48012961  1.40595877
12    1.41398322  1.20485940  1.42706898  0.99762777  1.41232297  1.24073275  1.20415035  1.33001007  1.30721773  1.48182637  1.24591950  0.96377972  0.00000000  1.31243817  1.28756059  0.30107321  1.46457881  1.42332889
13    1.41905576  0.99909510  1.42693672  1.35806962  0.96156440  1.42022140  1.15383191  1.45129786  1.24047405  1.45392081  1.15664166  1.22686978  1.31243817  0.00000000  0.58638047  1.24009002  1.45362282  1.39774896
14    1.44327407  0.93402947  1.42655029  1.37257784  1.14964173  1.43596542  1.06063575  1.45935654  1.12698043  1.46612768  0.81595135  1.17108434  1.28756059  0.58638047  0.00000000  1.22224297  1.46535842  1.37665754
15    1.30905936  1.16151668  1.33621088  0.95454412  1.31304385  0.97210837  1.13704436  1.25187072  1.23679894  1.39003618  1.19236986  0.90751243  0.30107321  1.24009002  1.22224297  0.00000000  1.37433946  1.33828521
16    1.47142847  1.48744628  0.90281797  1.38135441  1.42221840  1.46898870  1.39480934  1.15168786  1.48006673  0.32832090  1.48500195  1.48012961  1.46457881  1.45362282  1.46535842  1.37433946  0.00000000  0.50768111
18    1.46988709  1.37193968  1.04000755  1.38205550  1.42171238  1.45775877  1.26594013  1.23399772  1.13461469  0.63071756  1.34135386  1.40595877  1.42332889  1.39774896  1.37665754  1.33828521  0.50768111  0.00000000

--------------------------------------------------------------------------------
n=17
(result of R-step: (5,12:15)0.17307364)
V=[0, 1, 2, 3, 4, 5, 6, 7, 8, 9, 10, 11, 12, 13, 14, 16, 18]
total successes of this branch: 5
Matrix on 17 elements:

0    0.00000000  1.49285715  1.42814318  1.33053951  1.35053260  1.22632066  1.38774823  1.43621098  1.46554840  1.47594226  1.48381166  1.42970612  1.30675622  1.41905576  1.44327407  1.47142847  1.46988709
1    1.49285715  0.00000000  1.42577066  1.40321842  1.48632738  1.37300572  0.90535537  1.47639184  1.04680929  1.48886312  0.82511998  0.99943859  1.09763241  0.99909510  0.93402947  1.48744628  1.37193968
2    1.42814318  1.42577066  0.00000000  1.36423781  1.42801938  1.32067684  1.33495696  1.18999914  1.42617164  0.86601021  1.42590347  1.42661626  1.31984198  1.42693672  1.42655029  0.90281797  1.04000755
3    1.33053951  1.40321842  1.36423781  0.00000000  1.31614983  1.16727094  1.30081806  1.11646811  1.38402895  1.41530467  1.39686228  1.35219302  0.89040078  1.35806962  1.37257784  1.38135441  1.38205550
4    1.35053260  1.48632738  1.42801938  1.31614983  0.00000000  1.25727505  1.38453757  1.42799858  1.42028804  1.42147756  1.46445314  1.43803525  1.30509598  0.96156440  1.14964173  1.42221840  1.42171238
5    1.22632066  1.37300572  1.32067684  1.16727094  1.25727505  0.00000000  1.23499522  1.29710536  1.31892153  1.37004865  1.35509139  1.05724939  1.02627876  1.31299440  1.32873842  1.36176171  1.35053178
6    1.38774823  0.90535537  1.33495696  1.30081806  1.38453757  1.23499522  0.00000000  1.37900863  0.90319639  1.39683450  0.90464025  1.07853144  1.09692335  1.15383191  1.06063575  1.39480934  1.26594013
7    1.43621098  1.47639184  1.18999914  1.11646811  1.42799858  1.29710536  1.37900863  0.00000000  1.46568524  1.27273227  1.47284549  1.44782712  1.22278308  1.45129786  1.45935654  1.15168786  1.23399772
8    1.46554840  1.04680929  1.42617164  1.38402895  1.42028804  1.31892153  0.90319639  1.46568524  0.00000000  1.48190999  0.93701022  1.19718114  1.19999074  1.24047405  1.12698043  1.48006673  1.13461469
9    1.47594226  1.48886312  0.86601021  1.41530467  1.42147756  1.37004865  1.39683450  1.27273227  1.48190999  0.00000000  1.48656003  1.48426979  1.37459938  1.45392081  1.46612768  0.32832090  0.63071756
10    1.48381166  0.82511998  1.42590347  1.39686228  1.46445314  1.35509139  0.90464025  1.47284549  0.93701022  1.48656003  0.00000000  1.07770841  1.13869250  1.15664166  0.81595135  1.48500195  1.34135386
11    1.42970612  0.99943859  1.42661626  1.35219302  1.43803525  1.05724939  1.07853144  1.44782712  1.19718114  1.48426979  1.07770841  0.00000000  0.85655272  1.22686978  1.17108434  1.48012961  1.40595877
12    1.30675622  1.09763241  1.31984198  0.89040078  1.30509598  1.02627876  1.09692335  1.22278308  1.19999074  1.37459938  1.13869250  0.85655272  0.00000000  1.20521117  1.18033359  1.35735182  1.31610189
13    1.41905576  0.99909510  1.42693672  1.35806962  0.96156440  1.31299440  1.15383191  1.45129786  1.24047405  1.45392081  1.15664166  1.22686978  1.20521117  0.00000000  0.58638047  1.45362282  1.39774896
14    1.44327407  0.93402947  1.42655029  1.37257784  1.14964173  1.32873842  1.06063575  1.45935654  1.12698043  1.46612768  0.81595135  1.17108434  1.18033359  0.58638047  0.00000000  1.46535842  1.37665754
16    1.47142847  1.48744628  0.90281797  1.38135441  1.42221840  1.36176171  1.39480934  1.15168786  1.48006673  0.32832090  1.48500195  1.48012961  1.35735182  1.45362282  1.46535842  0.00000000  0.50768111
18    1.46988709  1.37193968  1.04000755  1.38205550  1.42171238  1.35053178  1.26594013  1.23399772  1.13461469  0.63071756  1.34135386  1.40595877  1.31610189  1.39774896  1.37665754  0.50768111  0.00000000

--------------------------------------------------------------------------------
n=16
(result of R-step: (3,11:12)0.43969634)
V=[0, 1, 2, 3, 4, 5, 6, 7, 8, 9, 10, 11, 13, 14, 16, 18]
total successes of this branch: 5
Matrix on 16 elements:

0    0.00000000  1.49285715  1.42814318  1.08934034  1.35053260  1.22632066  1.38774823  1.43621098  1.46554840  1.47594226  1.48381166  1.12509888  1.41905576  1.44327407  1.47142847  1.46988709
1    1.49285715  0.00000000  1.42577066  1.16201925  1.48632738  1.37300572  0.90535537  1.47639184  1.04680929  1.48886312  0.82511998  0.69483136  0.99909510  0.93402947  1.48744628  1.37193968
2    1.42814318  1.42577066  0.00000000  1.12303864  1.42801938  1.32067684  1.33495696  1.18999914  1.42617164  0.86601021  1.42590347  1.12200902  1.42693672  1.42655029  0.90281797  1.04000755
3    1.08934034  1.16201925  1.12303864  0.00000000  1.07495066  0.92607177  1.05961889  0.87526894  1.14282978  1.17410550  1.15566312  0.80638661  1.11687045  1.13137867  1.14015525  1.14085634
4    1.35053260  1.48632738  1.42801938  1.07495066  0.00000000  1.25727505  1.38453757  1.42799858  1.42028804  1.42147756  1.46445314  1.13342801  0.96156440  1.14964173  1.42221840  1.42171238
5    1.22632066  1.37300572  1.32067684  0.92607177  1.25727505  0.00000000  1.23499522  1.29710536  1.31892153  1.37004865  1.35509139  0.75264215  1.31299440  1.32873842  1.36176171  1.35053178
6    1.38774823  0.90535537  1.33495696  1.05961889  1.38453757  1.23499522  0.00000000  1.37900863  0.90319639  1.39683450  0.90464025  0.77392420  1.15383191  1.06063575  1.39480934  1.26594013
7    1.43621098  1.47639184  1.18999914  0.87526894  1.42799858  1.29710536  1.37900863  0.00000000  1.46568524  1.27273227  1.47284549  1.14321989  1.45129786  1.45935654  1.15168786  1.23399772
8    1.46554840  1.04680929  1.42617164  1.14282978  1.42028804  1.31892153  0.90319639  1.46568524  0.00000000  1.48190999  0.93701022  0.89257391  1.24047405  1.12698043  1.48006673  1.13461469
9    1.47594226  1.48886312  0.86601021  1.17410550  1.42147756  1.37004865  1.39683450  1.27273227  1.48190999  0.00000000  1.48656003  1.17966256  1.45392081  1.46612768  0.32832090  0.63071756
10    1.48381166  0.82511998  1.42590347  1.15566312  1.46445314  1.35509139  0.90464025  1.47284549  0.93701022  1.48656003  0.00000000  0.77310118  1.15664166  0.81595135  1.48500195  1.34135386
11    1.12509888  0.69483136  1.12200902  0.80638661  1.13342801  0.75264215  0.77392420  1.14321989  0.89257391  1.17966256  0.77310118  0.00000000  0.92226255  0.86647711  1.17552237  1.10135153
13    1.41905576  0.99909510  1.42693672  1.11687045  0.96156440  1.31299440  1.15383191  1.45129786  1.24047405  1.45392081  1.15664166  0.92226255  0.00000000  0.58638047  1.45362282  1.39774896
14    1.44327407  0.93402947  1.42655029  1.13137867  1.14964173  1.32873842  1.06063575  1.45935654  1.12698043  1.46612768  0.81595135  0.86647711  0.58638047  0.00000000  1.46535842  1.37665754
16    1.47142847  1.48744628  0.90281797  1.14015525  1.42221840  1.36176171  1.39480934  1.15168786  1.48006673  0.32832090  1.48500195  1.17552237  1.45362282  1.46535842  0.00000000  0.50768111
18    1.46988709  1.37193968  1.04000755  1.14085634  1.42171238  1.35053178  1.26594013  1.23399772  1.13461469  0.63071756  1.34135386  1.10135153  1.39774896  1.37665754  0.50768111  0.00000000

--------------------------------------------------------------------------------
n=15
(result of R-step: (8,16:18)0.26213551)
V=[0, 1, 2, 3, 4, 5, 6, 7, 8, 9, 10, 11, 13, 14, 16]
total successes of this branch: 5
Matrix on 15 elements:

0    0.00000000  1.49285715  1.42814318  1.08934034  1.35053260  1.22632066  1.38774823  1.43621098  1.38443386  1.47594226  1.48381166  1.12509888  1.41905576  1.44327407  1.39031393
1    1.49285715  0.00000000  1.42577066  1.16201925  1.48632738  1.37300572  0.90535537  1.47639184  0.96569476  1.48886312  0.82511998  0.69483136  0.99909510  0.93402947  1.40633174
2    1.42814318  1.42577066  0.00000000  1.12303864  1.42801938  1.32067684  1.33495696  1.18999914  1.34505711  0.86601021  1.42590347  1.12200902  1.42693672  1.42655029  0.82170344
3    1.08934034  1.16201925  1.12303864  0.00000000  1.07495066  0.92607177  1.05961889  0.87526894  1.06171525  1.17410550  1.15566312  0.80638661  1.11687045  1.13137867  1.05904071
4    1.35053260  1.48632738  1.42801938  1.07495066  0.00000000  1.25727505  1.38453757  1.42799858  1.33917350  1.42147756  1.46445314  1.13342801  0.96156440  1.14964173  1.34110387
5    1.22632066  1.37300572  1.32067684  0.92607177  1.25727505  0.00000000  1.23499522  1.29710536  1.23780700  1.37004865  1.35509139  0.75264215  1.31299440  1.32873842  1.28064717
6    1.38774823  0.90535537  1.33495696  1.05961889  1.38453757  1.23499522  0.00000000  1.37900863  0.82208186  1.39683450  0.90464025  0.77392420  1.15383191  1.06063575  1.31369480
7    1.43621098  1.47639184  1.18999914  0.87526894  1.42799858  1.29710536  1.37900863  0.00000000  1.38457071  1.27273227  1.47284549  1.14321989  1.45129786  1.45935654  1.07057333
8    1.38443386  0.96569476  1.34505711  1.06171525  1.33917350  1.23780700  0.82208186  1.38457071  0.00000000  1.40079546  0.85589569  0.81145937  1.15935952  1.04586590  1.31783766
9    1.47594226  1.48886312  0.86601021  1.17410550  1.42147756  1.37004865  1.39683450  1.27273227  1.40079546  0.00000000  1.48656003  1.17966256  1.45392081  1.46612768  0.24720637
10    1.48381166  0.82511998  1.42590347  1.15566312  1.46445314  1.35509139  0.90464025  1.47284549  0.85589569  1.48656003  0.00000000  0.77310118  1.15664166  0.81595135  1.40388741
11    1.12509888  0.69483136  1.12200902  0.80638661  1.13342801  0.75264215  0.77392420  1.14321989  0.81145937  1.17966256  0.77310118  0.00000000  0.92226255  0.86647711  1.09440784
13    1.41905576  0.99909510  1.42693672  1.11687045  0.96156440  1.31299440  1.15383191  1.45129786  1.15935952  1.45392081  1.15664166  0.92226255  0.00000000  0.58638047  1.37250829
14    1.44327407  0.93402947  1.42655029  1.13137867  1.14964173  1.32873842  1.06063575  1.45935654  1.04586590  1.46612768  0.81595135  0.86647711  0.58638047  0.00000000  1.38424389
16    1.39031393  1.40633174  0.82170344  1.05904071  1.34110387  1.28064717  1.31369480  1.07057333  1.31783766  0.24720637  1.40388741  1.09440784  1.37250829  1.38424389  0.00000000

--------------------------------------------------------------------------------
n=14
(result of R-step: (7,9:16)0.11360810)
V=[0, 1, 2, 3, 4, 5, 6, 7, 8, 9, 10, 11, 13, 14]
total successes of this branch: 5
Matrix on 14 elements:

0    0.00000000  1.49285715  1.42814318  1.08934034  1.35053260  1.22632066  1.38774823  1.33257274  1.38443386  1.37230401  1.48381166  1.12509888  1.41905576  1.44327407
1    1.49285715  0.00000000  1.42577066  1.16201925  1.48632738  1.37300572  0.90535537  1.37275359  0.96569476  1.38522487  0.82511998  0.69483136  0.99909510  0.93402947
2    1.42814318  1.42577066  0.00000000  1.12303864  1.42801938  1.32067684  1.33495696  1.08636089  1.34505711  0.76237196  1.42590347  1.12200902  1.42693672  1.42655029
3    1.08934034  1.16201925  1.12303864  0.00000000  1.07495066  0.92607177  1.05961889  0.77163069  1.06171525  1.07046725  1.15566312  0.80638661  1.11687045  1.13137867
4    1.35053260  1.48632738  1.42801938  1.07495066  0.00000000  1.25727505  1.38453757  1.32436033  1.33917350  1.31783931  1.46445314  1.13342801  0.96156440  1.14964173
5    1.22632066  1.37300572  1.32067684  0.92607177  1.25727505  0.00000000  1.23499522  1.19346711  1.23780700  1.26641041  1.35509139  0.75264215  1.31299440  1.32873842
6    1.38774823  0.90535537  1.33495696  1.05961889  1.38453757  1.23499522  0.00000000  1.27537038  0.82208186  1.29319625  0.90464025  0.77392420  1.15383191  1.06063575
7    1.33257274  1.37275359  1.08636089  0.77163069  1.32436033  1.19346711  1.27537038  0.00000000  1.28093246  1.06545577  1.36920724  1.03958164  1.34765961  1.35571829
8    1.38443386  0.96569476  1.34505711  1.06171525  1.33917350  1.23780700  0.82208186  1.28093246  0.00000000  1.29715721  0.85589569  0.81145937  1.15935952  1.04586590
9    1.37230401  1.38522487  0.76237196  1.07046725  1.31783931  1.26641041  1.29319625  1.06545577  1.29715721  0.00000000  1.38292178  1.07602431  1.35028256  1.36248943
10    1.48381166  0.82511998  1.42590347  1.15566312  1.46445314  1.35509139  0.90464025  1.36920724  0.85589569  1.38292178  0.00000000  0.77310118  1.15664166  0.81595135
11    1.12509888  0.69483136  1.12200902  0.80638661  1.13342801  0.75264215  0.77392420  1.03958164  0.81145937  1.07602431  0.77310118  0.00000000  0.92226255  0.86647711
13    1.41905576  0.99909510  1.42693672  1.11687045  0.96156440  1.31299440  1.15383191  1.34765961  1.15935952  1.35028256  1.15664166  0.92226255  0.00000000  0.58638047
14    1.44327407  0.93402947  1.42655029  1.13137867  1.14964173  1.32873842  1.06063575  1.35571829  1.04586590  1.36248943  0.81595135  0.86647711  0.58638047  0.00000000

--------------------------------------------------------------------------------
n=13
(result of R-step: (10,13:14)0.37399391)
V=[0, 1, 2, 3, 4, 5, 6, 7, 8, 9, 10, 11, 13]
total successes of this branch: 5
Matrix on 13 elements:

0    0.00000000  1.49285715  1.42814318  1.08934034  1.35053260  1.22632066  1.38774823  1.33257274  1.38443386  1.37230401  1.36096658  1.12509888  1.29621068
1    1.49285715  0.00000000  1.42577066  1.16201925  1.48632738  1.37300572  0.90535537  1.37275359  0.96569476  1.38522487  0.70227490  0.69483136  0.87625002
2    1.42814318  1.42577066  0.00000000  1.12303864  1.42801938  1.32067684  1.33495696  1.08636089  1.34505711  0.76237196  1.30305839  1.12200902  1.30409164
3    1.08934034  1.16201925  1.12303864  0.00000000  1.07495066  0.92607177  1.05961889  0.77163069  1.06171525  1.07046725  1.03281804  0.80638661  0.99402537
4    1.35053260  1.48632738  1.42801938  1.07495066  0.00000000  1.25727505  1.38453757  1.32436033  1.33917350  1.31783931  1.34160806  1.13342801  0.83871932
5    1.22632066  1.37300572  1.32067684  0.92607177  1.25727505  0.00000000  1.23499522  1.19346711  1.23780700  1.26641041  1.23224631  0.75264215  1.19014932
6    1.38774823  0.90535537  1.33495696  1.05961889  1.38453757  1.23499522  0.00000000  1.27537038  0.82208186  1.29319625  0.78179517  0.77392420  1.03098683
7    1.33257274  1.37275359  1.08636089  0.77163069  1.32436033  1.19346711  1.27537038  0.00000000  1.28093246  1.06545577  1.24636216  1.03958164  1.22481453
8    1.38443386  0.96569476  1.34505711  1.06171525  1.33917350  1.23780700  0.82208186  1.28093246  0.00000000  1.29715721  0.73305061  0.81145937  1.03651444
9    1.37230401  1.38522487  0.76237196  1.07046725  1.31783931  1.26641041  1.29319625  1.06545577  1.29715721  0.00000000  1.26007670  1.07602431  1.22743748
10    1.36096658  0.70227490  1.30305839  1.03281804  1.34160806  1.23224631  0.78179517  1.24636216  0.73305061  1.26007670  0.00000000  0.65025610  0.91095150
11    1.12509888  0.69483136  1.12200902  0.80638661  1.13342801  0.75264215  0.77392420  1.03958164  0.81145937  1.07602431  0.65025610  0.00000000  0.79941747
13    1.29621068  0.87625002  1.30409164  0.99402537  0.83871932  1.19014932  1.03098683  1.22481453  1.03651444  1.22743748  0.91095150  0.79941747  0.00000000

--------------------------------------------------------------------------------
n=12
(result of R-step: (1,4:13)0.48145708)
V=[0, 1, 2, 3, 4, 5, 6, 7, 8, 9, 10, 11]
total successes of this branch: 5
Matrix on 12 elements:

0    0.00000000  1.25569109  1.42814318  1.08934034  1.11336654  1.22632066  1.38774823  1.33257274  1.38443386  1.37230401  1.36096658  1.12509888
1    1.25569109  0.00000000  1.18860460  0.92485319  1.01199526  1.13583966  0.66818931  1.13558753  0.72852870  1.14805881  0.46510884  0.45766530
2    1.42814318  1.18860460  0.00000000  1.12303864  1.19085332  1.32067684  1.33495696  1.08636089  1.34505711  0.76237196  1.30305839  1.12200902
3    1.08934034  0.92485319  1.12303864  0.00000000  0.83778460  0.92607177  1.05961889  0.77163069  1.06171525  1.07046725  1.03281804  0.80638661
4    1.11336654  1.01199526  1.19085332  0.83778460  0.00000000  1.02010899  1.14737151  1.08719427  1.10200744  1.08067325  1.10444200  0.89626195
5    1.22632066  1.13583966  1.32067684  0.92607177  1.02010899  0.00000000  1.23499522  1.19346711  1.23780700  1.26641041  1.23224631  0.75264215
6    1.38774823  0.66818931  1.33495696  1.05961889  1.14737151  1.23499522  0.00000000  1.27537038  0.82208186  1.29319625  0.78179517  0.77392420
7    1.33257274  1.13558753  1.08636089  0.77163069  1.08719427  1.19346711  1.27537038  0.00000000  1.28093246  1.06545577  1.24636216  1.03958164
8    1.38443386  0.72852870  1.34505711  1.06171525  1.10200744  1.23780700  0.82208186  1.28093246  0.00000000  1.29715721  0.73305061  0.81145937
9    1.37230401  1.14805881  0.76237196  1.07046725  1.08067325  1.26641041  1.29319625  1.06545577  1.29715721  0.00000000  1.26007670  1.07602431
10    1.36096658  0.46510884  1.30305839  1.03281804  1.10444200  1.23224631  0.78179517  1.24636216  0.73305061  1.26007670  0.00000000  0.65025610
11    1.12509888  0.45766530  1.12200902  0.80638661  0.89626195  0.75264215  0.77392420  1.03958164  0.81145937  1.07602431  0.65025610  0.00000000

--------------------------------------------------------------------------------
n=11
(result of R-step: (1,5:11)0.60359531)
V=[0, 1, 2, 3, 4, 5, 6, 7, 8, 9, 10]
total successes of this branch: 5
Matrix on 11 elements:

0    0.00000000  1.15101602  1.42814318  1.08934034  1.11336654  0.99170653  1.38774823  1.33257274  1.38443386  1.37230401  1.36096658
1    1.15101602  0.00000000  1.08392953  0.82017813  0.90732020  0.79655046  0.56351425  1.03091247  0.62385363  1.04338374  0.36043377
2    1.42814318  1.08392953  0.00000000  1.12303864  1.19085332  1.08606271  1.33495696  1.08636089  1.34505711  0.76237196  1.30305839
3    1.08934034  0.82017813  1.12303864  0.00000000  0.83778460  0.69145764  1.05961889  0.77163069  1.06171525  1.07046725  1.03281804
4    1.11336654  0.90732020  1.19085332  0.83778460  0.00000000  0.78549486  1.14737151  1.08719427  1.10200744  1.08067325  1.10444200
5    0.99170653  0.79655046  1.08606271  0.69145764  0.78549486  0.00000000  1.00038109  0.95885298  1.00319287  1.03179628  0.99763218
6    1.38774823  0.56351425  1.33495696  1.05961889  1.14737151  1.00038109  0.00000000  1.27537038  0.82208186  1.29319625  0.78179517
7    1.33257274  1.03091247  1.08636089  0.77163069  1.08719427  0.95885298  1.27537038  0.00000000  1.28093246  1.06545577  1.24636216
8    1.38443386  0.62385363  1.34505711  1.06171525  1.10200744  1.00319287  0.82208186  1.28093246  0.00000000  1.29715721  0.73305061
9    1.37230401  1.04338374  0.76237196  1.07046725  1.08067325  1.03179628  1.29319625  1.06545577  1.29715721  0.00000000  1.26007670
10    1.36096658  0.36043377  1.30305839  1.03281804  1.10444200  0.99763218  0.78179517  1.24636216  0.73305061  1.26007670  0.00000000

--------------------------------------------------------------------------------
n=10
(result of R-step: (1,8:10)0.66876948)
V=[0, 1, 2, 3, 4, 5, 6, 7, 8, 9]
total successes of this branch: 5
Matrix on 10 elements:

0    0.00000000  1.13519669  1.42814318  1.08934034  1.11336654  0.99170653  1.38774823  1.33257274  1.10788794  1.37230401
1    1.13519669  0.00000000  1.06811020  0.80435880  0.89150087  0.78073113  0.54769492  1.01509314  0.33148838  1.02756441
2    1.42814318  1.06811020  0.00000000  1.12303864  1.19085332  1.08606271  1.33495696  1.08636089  1.06851118  0.76237196
3    1.08934034  0.80435880  1.12303864  0.00000000  0.83778460  0.69145764  1.05961889  0.77163069  0.78516932  1.07046725
4    1.11336654  0.89150087  1.19085332  0.83778460  0.00000000  0.78549486  1.14737151  1.08719427  0.82546152  1.08067325
5    0.99170653  0.78073113  1.08606271  0.69145764  0.78549486  0.00000000  1.00038109  0.95885298  0.72664695  1.03179628
6    1.38774823  0.54769492  1.33495696  1.05961889  1.14737151  1.00038109  0.00000000  1.27537038  0.54553594  1.29319625
7    1.33257274  1.01509314  1.08636089  0.77163069  1.08719427  0.95885298  1.27537038  0.00000000  1.00438654  1.06545577
8    1.10788794  0.33148838  1.06851118  0.78516932  0.82546152  0.72664695  0.54553594  1.00438654  0.00000000  1.02061129
9    1.37230401  1.02756441  0.76237196  1.07046725  1.08067325  1.03179628  1.29319625  1.06545577  1.02061129  0.00000000

--------------------------------------------------------------------------------
n=9
(result of R-step: (2,4:9)0.88931262)
V=[0, 1, 2, 3, 4, 5, 6, 7, 8]
total successes of this branch: 5
Matrix on 9 elements:

0    0.00000000  1.13519669  1.06181705  1.08934034  0.92079841  0.99170653  1.38774823  1.33257274  1.10788794
1    1.13519669  0.00000000  0.70178407  0.80435880  0.69893273  0.78073113  0.54769492  1.01509314  0.33148838
2    1.06181705  0.70178407  0.00000000  0.75671251  0.63195907  0.71973658  0.96863083  0.72003477  0.70218506
3    1.08934034  0.80435880  0.75671251  0.00000000  0.64521647  0.69145764  1.05961889  0.77163069  0.78516932
4    0.92079841  0.69893273  0.63195907  0.64521647  0.00000000  0.59292673  0.95480337  0.89462614  0.63289339
5    0.99170653  0.78073113  0.71973658  0.69145764  0.59292673  0.00000000  1.00038109  0.95885298  0.72664695
6    1.38774823  0.54769492  0.96863083  1.05961889  0.95480337  1.00038109  0.00000000  1.27537038  0.54553594
7    1.33257274  1.01509314  0.72003477  0.77163069  0.89462614  0.95885298  1.27537038  0.00000000  1.00438654
8    1.10788794  0.33148838  0.70218506  0.78516932  0.63289339  0.72664695  0.54553594  1.00438654  0.00000000

--------------------------------------------------------------------------------
n=8
(result of R-step: (2,3:7)0.43301043)
V=[0, 1, 2, 3, 4, 5, 6, 8]
total successes of this branch: 5
Matrix on 8 elements:

0    0.00000000  1.13519669  1.02043653  0.92283286  0.92079841  0.99170653  1.38774823  1.10788794
1    1.13519669  0.00000000  0.66040355  0.63785131  0.69893273  0.78073113  0.54769492  0.33148838
2    1.02043653  0.66040355  0.00000000  0.54882450  0.59057854  0.67835605  0.92725031  0.66080453
3    0.92283286  0.63785131  0.54882450  0.00000000  0.47870899  0.52495016  0.89311141  0.61866184
4    0.92079841  0.69893273  0.59057854  0.47870899  0.00000000  0.59292673  0.95480337  0.63289339
5    0.99170653  0.78073113  0.67835605  0.52495016  0.59292673  0.00000000  1.00038109  0.72664695
6    1.38774823  0.54769492  0.92725031  0.89311141  0.95480337  1.00038109  0.00000000  0.54553594
8    1.10788794  0.33148838  0.66080453  0.61866184  0.63289339  0.72664695  0.54553594  0.00000000

--------------------------------------------------------------------------------
n=7
(result of R-step: (4,6:8)0.10296833)
V=[0, 1, 2, 3, 4, 5, 6]
total successes of this branch: 5
Matrix on 7 elements:

0    0.00000000  1.13519669  1.02043653  0.92283286  0.88105917  0.99170653  1.00927738
1    1.13519669  0.00000000  0.66040355  0.63785131  0.65919349  0.78073113  0.16922407
2    1.02043653  0.66040355  0.00000000  0.54882450  0.55083930  0.67835605  0.54877946
3    0.92283286  0.63785131  0.54882450  0.00000000  0.43896975  0.52495016  0.51464056
4    0.88105917  0.65919349  0.55083930  0.43896975  0.00000000  0.55318749  0.53659328
5    0.99170653  0.78073113  0.67835605  0.52495016  0.55318749  0.00000000  0.62191024
6    1.00927738  0.16922407  0.54877946  0.51464056  0.53659328  0.62191024  0.00000000

--------------------------------------------------------------------------------
n=6
(result of R-step: (1,5:6)0.91145328)
V=[0, 1, 2, 3, 4, 5]
total successes of this branch: 5
Matrix on 6 elements:

0    0.00000000  1.01818213  1.02043653  0.92283286  0.88105917  0.85887264
1    1.01818213  0.00000000  0.54338898  0.52083675  0.54217893  0.53088268
2    1.02043653  0.54338898  0.00000000  0.54882450  0.55083930  0.54552216
3    0.92283286  0.52083675  0.54882450  0.00000000  0.43896975  0.39211626
4    0.88105917  0.54217893  0.55083930  0.43896975  0.00000000  0.42035360
5    0.85887264  0.53088268  0.54552216  0.39211626  0.42035360  0.00000000

--------------------------------------------------------------------------------
n=5
(result of R-step: (0,3:5)0.51871476)
V=[0, 1, 2, 3, 4]
total successes of this branch: 5
Matrix on 5 elements:

0    0.00000000  0.37942909  0.38168349  0.11644150  0.24230613
1    0.37942909  0.00000000  0.54338898  0.35319843  0.54217893
2    0.38168349  0.54338898  0.00000000  0.38118618  0.55083930
3    0.11644150  0.35319843  0.38118618  0.00000000  0.27133143
4    0.24230613  0.54217893  0.55083930  0.27133143  0.00000000

--------------------------------------------------------------------------------
n=4
(result of R-step: (0,1:2)0.30622071)
V=[0, 1, 3, 4]
total successes of this branch: 1
Matrix on 4 elements:

0    0.00000000  0.11465227  0.08712307  0.21298771
1    0.11465227  0.00000000  0.11774004  0.30672054
3    0.08712307  0.11774004  0.00000000  0.27133143
4    0.21298771  0.30672054  0.27133143  0.00000000

--------------------------------------------------------------------------------
n=4
(result of R-step: (0,1:3)0.78632715)
V=[0, 1, 2, 4]
total successes of this branch: 0
Matrix on 4 elements:

0    0.00000000  0.12430249  0.33690748  0.19753012
1    0.12430249  0.00000000  0.33303840  0.33182835
2    0.33690748  0.33303840  0.00000000  0.55083930
4    0.19753012  0.33182835  0.55083930  0.00000000
reason of abort: no pseudometric

--------------------------------------------------------------------------------
n=4
(result of R-step: (0,2:3)0.61779966)
V=[0, 1, 2, 4]
total successes of this branch: 0
Matrix on 4 elements:

0    0.00000000  0.33130821  0.02707618  0.19418525
1    0.33130821  0.00000000  0.23690255  0.54217893
2    0.02707618  0.23690255  0.00000000  0.24435286
4    0.19418525  0.54217893  0.24435286  0.00000000
reason of abort: no pseudometric

--------------------------------------------------------------------------------
n=4
(result of R-step: (0,3:4)0.75106368)
V=[0, 1, 2, 3]
total successes of this branch: 1
Matrix on 4 elements:

0    0.00000000  0.35011066  0.35236506  0.05780465
