n=20
V=[0, 1, 2, 3, 4, 5, 6, 7, 8, 9, 10, 11, 12, 13, 14, 15, 16, 17, 18, 19]
total successes of this branch: 2
Matrix on 20 elements:

0    0.00000000  1.51551682  1.47131362  1.46231337  1.46453455  1.51479332  1.46973920  1.50692356  1.50519796  1.15924179  1.47084824  1.47088703  0.96268002  1.45819444  1.48286605  1.41654525  1.47074484  1.50950744  1.49298885  1.46692911
1    1.51551682  0.00000000  1.49375337  1.40703415  1.42843566  1.19034875  1.47858346  1.24069568  0.99435139  1.27841972  1.48926933  1.48964301  1.50544883  1.40528620  1.31672120  1.49046474  1.48827303  0.93231441  1.17059467  1.45150771
2    1.47131362  1.49375337  0.00000000  1.48636948  1.44584650  1.49365296  1.21541911  1.44505291  1.49232126  1.48087076  0.96160893  0.93548018  1.26281070  1.48629475  1.12989083  0.98482288  0.97015706  1.45969645  1.29417637  1.31795238
3    1.46231337  1.40703415  1.48636948  0.00000000  1.36269275  1.40404687  1.45764580  1.41340918  1.30773472  1.39198992  1.47787911  1.47858666  1.46864561  0.50541078  1.41893690  1.47717018  1.47599265  1.41149230  1.36853023  0.90649137
4    1.46453455  1.42843566  1.44584650  1.36269275  0.00000000  1.42754164  1.37614127  1.41856336  1.41568476  1.44231101  1.42524248  1.42695952  1.44991340  1.36377482  1.42302315  1.42703199  1.42066451  1.42153182  1.41969674  1.37105207
5    1.51479332  1.19034875  1.49365296  1.40404687  1.42754164  0.00000000  1.47829873  1.13274376  1.23179570  1.38604742  1.48911443  1.48949265  1.50494835  1.40380225  1.39952258  1.49028395  1.48810603  1.15006477  1.32349392  1.45020028
6    1.46973920  1.47858346  1.21541911  1.45764580  1.37614127  1.47829873  0.00000000  1.40516495  1.47452258  1.47191533  1.10891438  1.11778998  1.33278911  1.45783973  1.24233649  1.12534775  1.01072138  1.42724085  1.34758378  0.55234131
7    1.50692356  1.24069568  1.44505291  1.41340918  1.41856336  1.13274376  1.40516495  0.00000000  1.27419363  1.40104625  1.43326251  1.43424507  1.47864299  1.41324116  1.37836610  1.43661732  1.43064283  0.52348399  1.33114592  1.40828474
8    1.50519796  0.99435139  1.49232126  1.30773472  1.41568476  1.23179570  1.47452258  1.27419363  0.00000000  1.21644629  1.48706018  1.48749862  1.49831081  1.30649405  1.09205397  1.48788625  1.48589124  1.19004903  0.64895822  1.41140657
9    1.15924179  1.27841972  1.48087076  1.39198992  1.44231101  1.38604742  1.47191533  1.40104625  1.21644629  0.00000000  1.47822364  1.47844424  1.28344950  1.37977473  1.38697256  1.46369596  1.47763549  1.36417419  1.30967496  1.44166989
10    1.47084824  1.48926933  0.96160893  1.47787911  1.42524248  1.48911443  1.10891438  1.43326251  1.48706018  1.47822364  0.00000000  0.67419986  1.16085730  1.47788379  0.95799484  0.33282941  0.72804926  1.45010297  1.19781408  1.24853833
11    1.47088703  1.48964301  0.93548018  1.47858666  1.42695952  1.48949265  1.11778998  1.43424507  1.48749862  1.47844424  0.67419986  0.00000000  1.14716945  1.47858472  0.75029015  0.71048410  0.36051699  1.45090244  1.02428632  1.25432297
12    0.96268002  1.50544883  1.26281070  1.46864561  1.44991340  1.50494835  1.33278911  1.47864299  1.49831081  1.28344950  1.16085730  1.14716945  0.00000000  1.46612868  1.26976389  1.15183154  1.17016272  1.48670313  1.37336158  1.38420004
13    1.45819444  1.40528620  1.48629475  0.50541078  1.36377482  1.40380225  1.45783973  1.41324116  1.30649405  1.37977473  1.47788379  1.47858472  1.46612868  0.00000000  1.41850248  1.47698706  1.47601498  1.41084922  1.36773035  1.09742075
14    1.48286605  1.31672120  1.12989083  1.41893690  1.42302315  1.39952258  1.24233649  1.37836610  1.09205397  1.38697256  0.95799484  0.75029015  1.26976389  1.41850248  0.00000000  0.98189952  0.81124142  1.35983035  0.97044162  1.30916577
15    1.41654525  1.49046474  0.98482288  1.47717018  1.42703199  1.49028395  1.12534775  1.43661732  1.48788625  1.46369596  0.33282941  0.71048410  1.15183154  1.47698706  0.98189952  0.00000000  0.76187452  1.45280848  1.21125749  1.25848470
16    1.47074484  1.48827303  0.97015706  1.47599265  1.42066451  1.48810603  1.01072138  1.43064283  1.48589124  1.47763549  0.72804926  0.36051699  1.17016272  1.47601498  0.81124142  0.76187452  0.00000000  1.44797141  1.08544099  1.18678973
17    1.50950744  0.93231441  1.45969645  1.41149230  1.42153182  1.15006477  1.42724085  0.52348399  1.19004903  1.36417419  1.45010297  1.45090244  1.48670313  1.41084922  1.35983035  1.45280848  1.44797141  0.00000000  1.28287043  1.42128127
18    1.49298885  1.17059467  1.29417637  1.36853023  1.41969674  1.32349392  1.34758378  1.33114592  0.64895822  1.30967496  1.19781408  1.02428632  1.37336158  1.36773035  0.97044162  1.21125749  1.08544099  1.28287043  0.00000000  1.35551035
19    1.46692911  1.45150771  1.31795238  0.90649137  1.37105207  1.45020028  0.55234131  1.40828474  1.41140657  1.44166989  1.24853833  1.25432297  1.38420004  1.09742075  1.30916577  1.25848470  1.18678973  1.42128127  1.35551035  0.00000000

--------------------------------------------------------------------------------
n=19
(result of R-step: (0,10:15)0.04554391)
V=[0, 1, 2, 3, 4, 5, 6, 7, 8, 9, 10, 11, 12, 13, 14, 16, 17, 18, 19]
total successes of this branch: 2
Matrix on 19 elements:

0    0.00000000  1.37625361  1.33205042  1.32305016  1.32527134  1.37553011  1.33047599  1.36766036  1.36593475  1.01997858  1.19232183  1.33162382  0.82341681  1.31893123  1.34360284  1.33148163  1.37024423  1.35372564  1.32766590
1    1.37625361  0.00000000  1.49375337  1.40703415  1.42843566  1.19034875  1.47858346  1.24069568  0.99435139  1.27841972  1.35000612  1.48964301  1.50544883  1.40528620  1.31672120  1.48827303  0.93231441  1.17059467  1.45150771
2    1.33205042  1.49375337  0.00000000  1.48636948  1.44584650  1.49365296  1.21541911  1.44505291  1.49232126  1.48087076  0.82234572  0.93548018  1.26281070  1.48629475  1.12989083  0.97015706  1.45969645  1.29417637  1.31795238
3    1.32305016  1.40703415  1.48636948  0.00000000  1.36269275  1.40404687  1.45764580  1.41340918  1.30773472  1.39198992  1.33861590  1.47858666  1.46864561  0.50541078  1.41893690  1.47599265  1.41149230  1.36853023  0.90649137
4    1.32527134  1.42843566  1.44584650  1.36269275  0.00000000  1.42754164  1.37614127  1.41856336  1.41568476  1.44231101  1.28597927  1.42695952  1.44991340  1.36377482  1.42302315  1.42066451  1.42153182  1.41969674  1.37105207
5    1.37553011  1.19034875  1.49365296  1.40404687  1.42754164  0.00000000  1.47829873  1.13274376  1.23179570  1.38604742  1.34985122  1.48949265  1.50494835  1.40380225  1.39952258  1.48810603  1.15006477  1.32349392  1.45020028
6    1.33047599  1.47858346  1.21541911  1.45764580  1.37614127  1.47829873  0.00000000  1.40516495  1.47452258  1.47191533  0.96965117  1.11778998  1.33278911  1.45783973  1.24233649  1.01072138  1.42724085  1.34758378  0.55234131
7    1.36766036  1.24069568  1.44505291  1.41340918  1.41856336  1.13274376  1.40516495  0.00000000  1.27419363  1.40104625  1.29399930  1.43424507  1.47864299  1.41324116  1.37836610  1.43064283  0.52348399  1.33114592  1.40828474
8    1.36593475  0.99435139  1.49232126  1.30773472  1.41568476  1.23179570  1.47452258  1.27419363  0.00000000  1.21644629  1.34779697  1.48749862  1.49831081  1.30649405  1.09205397  1.48589124  1.19004903  0.64895822  1.41140657
9    1.01997858  1.27841972  1.48087076  1.39198992  1.44231101  1.38604742  1.47191533  1.40104625  1.21644629  0.00000000  1.33896044  1.47844424  1.28344950  1.37977473  1.38697256  1.47763549  1.36417419  1.30967496  1.44166989
10    1.19232183  1.35000612  0.82234572  1.33861590  1.28597927  1.34985122  0.96965117  1.29399930  1.34779697  1.33896044  0.00000000  0.53493665  1.02159409  1.33862058  0.81873163  0.58878605  1.31083976  1.05855087  1.10927512
11    1.33162382  1.48964301  0.93548018  1.47858666  1.42695952  1.48949265  1.11778998  1.43424507  1.48749862  1.47844424  0.53493665  0.00000000  1.14716945  1.47858472  0.75029015  0.36051699  1.45090244  1.02428632  1.25432297
12    0.82341681  1.50544883  1.26281070  1.46864561  1.44991340  1.50494835  1.33278911  1.47864299  1.49831081  1.28344950  1.02159409  1.14716945  0.00000000  1.46612868  1.26976389  1.17016272  1.48670313  1.37336158  1.38420004
13    1.31893123  1.40528620  1.48629475  0.50541078  1.36377482  1.40380225  1.45783973  1.41324116  1.30649405  1.37977473  1.33862058  1.47858472  1.46612868  0.00000000  1.41850248  1.47601498  1.41084922  1.36773035  1.09742075
14    1.34360284  1.31672120  1.12989083  1.41893690  1.42302315  1.39952258  1.24233649  1.37836610  1.09205397  1.38697256  0.81873163  0.75029015  1.26976389  1.41850248  0.00000000  0.81124142  1.35983035  0.97044162  1.30916577
16    1.33148163  1.48827303  0.97015706  1.47599265  1.42066451  1.48810603  1.01072138  1.43064283  1.48589124  1.47763549  0.58878605  0.36051699  1.17016272  1.47601498  0.81124142  0.00000000  1.44797141  1.08544099  1.18678973
17    1.37024423  0.93231441  1.45969645  1.41149230  1.42153182  1.15006477  1.42724085  0.52348399  1.19004903  1.36417419  1.31083976  1.45090244  1.48670313  1.41084922  1.35983035  1.44797141  0.00000000  1.28287043  1.42128127
18    1.35372564  1.17059467  1.29417637  1.36853023  1.41969674  1.32349392  1.34758378  1.33114592  0.64895822  1.30967496  1.05855087  1.02428632  1.37336158  1.36773035  0.97044162  1.08544099  1.28287043  0.00000000  1.35551035
19    1.32766590  1.45150771  1.31795238  0.90649137  1.37105207  1.45020028  0.55234131  1.40828474  1.41140657  1.44166989  1.10927512  1.25432297  1.38420004  1.09742075  1.30916577  1.18678973  1.42128127  1.35551035  0.00000000

--------------------------------------------------------------------------------
n=18
(result of R-step: (1,7:17)0.30068583)
V=[0, 1, 2, 3, 4, 5, 6, 7, 8, 9, 10, 11, 12, 13, 14, 16, 18, 19]
total successes of this branch: 2
Matrix on 18 elements:

0    0.00000000  1.26870225  1.33205042  1.32305016  1.32527134  1.37553011  1.33047599  1.26010900  1.36593475  1.01997858  1.19232183  1.33162382  0.82341681  1.31893123  1.34360284  1.33148163  1.35372564  1.32766590
1    1.26870225  0.00000000  1.38620201  1.29948279  1.32088430  1.08279739  1.37103210  1.02559296  0.88680003  1.17086836  1.24245476  1.38209165  1.39789747  1.29773484  1.20916984  1.38072167  1.06304331  1.34395635
2    1.33205042  1.38620201  0.00000000  1.48636948  1.44584650  1.49365296  1.21541911  1.33750155  1.49232126  1.48087076  0.82234572  0.93548018  1.26281070  1.48629475  1.12989083  0.97015706  1.29417637  1.31795238
3    1.32305016  1.29948279  1.48636948  0.00000000  1.36269275  1.40404687  1.45764580  1.30585782  1.30773472  1.39198992  1.33861590  1.47858666  1.46864561  0.50541078  1.41893690  1.47599265  1.36853023  0.90649137
4    1.32527134  1.32088430  1.44584650  1.36269275  0.00000000  1.42754164  1.37614127  1.31101200  1.41568476  1.44231101  1.28597927  1.42695952  1.44991340  1.36377482  1.42302315  1.42066451  1.41969674  1.37105207
5    1.37553011  1.08279739  1.49365296  1.40404687  1.42754164  0.00000000  1.47829873  1.02519240  1.23179570  1.38604742  1.34985122  1.48949265  1.50494835  1.40380225  1.39952258  1.48810603  1.32349392  1.45020028
6    1.33047599  1.37103210  1.21541911  1.45764580  1.37614127  1.47829873  0.00000000  1.29761359  1.47452258  1.47191533  0.96965117  1.11778998  1.33278911  1.45783973  1.24233649  1.01072138  1.34758378  0.55234131
7    1.26010900  1.02559296  1.33750155  1.30585782  1.31101200  1.02519240  1.29761359  0.00000000  1.16664227  1.29349489  1.18644794  1.32669371  1.37109163  1.30568980  1.27081474  1.32309146  1.22359456  1.30073338
8    1.36593475  0.88680003  1.49232126  1.30773472  1.41568476  1.23179570  1.47452258  1.16664227  0.00000000  1.21644629  1.34779697  1.48749862  1.49831081  1.30649405  1.09205397  1.48589124  0.64895822  1.41140657
9    1.01997858  1.17086836  1.48087076  1.39198992  1.44231101  1.38604742  1.47191533  1.29349489  1.21644629  0.00000000  1.33896044  1.47844424  1.28344950  1.37977473  1.38697256  1.47763549  1.30967496  1.44166989
10    1.19232183  1.24245476  0.82234572  1.33861590  1.28597927  1.34985122  0.96965117  1.18644794  1.34779697  1.33896044  0.00000000  0.53493665  1.02159409  1.33862058  0.81873163  0.58878605  1.05855087  1.10927512
11    1.33162382  1.38209165  0.93548018  1.47858666  1.42695952  1.48949265  1.11778998  1.32669371  1.48749862  1.47844424  0.53493665  0.00000000  1.14716945  1.47858472  0.75029015  0.36051699  1.02428632  1.25432297
12    0.82341681  1.39789747  1.26281070  1.46864561  1.44991340  1.50494835  1.33278911  1.37109163  1.49831081  1.28344950  1.02159409  1.14716945  0.00000000  1.46612868  1.26976389  1.17016272  1.37336158  1.38420004
13    1.31893123  1.29773484  1.48629475  0.50541078  1.36377482  1.40380225  1.45783973  1.30568980  1.30649405  1.37977473  1.33862058  1.47858472  1.46612868  0.00000000  1.41850248  1.47601498  1.36773035  1.09742075
14    1.34360284  1.20916984  1.12989083  1.41893690  1.42302315  1.39952258  1.24233649  1.27081474  1.09205397  1.38697256  0.81873163  0.75029015  1.26976389  1.41850248  0.00000000  0.81124142  0.97044162  1.30916577
16    1.33148163  1.38072167  0.97015706  1.47599265  1.42066451  1.48810603  1.01072138  1.32309146  1.48589124  1.47763549  0.58878605  0.36051699  1.17016272  1.47601498  0.81124142  0.00000000  1.08544099  1.18678973
18    1.35372564  1.06304331  1.29417637  1.36853023  1.41969674  1.32349392  1.34758378  1.22359456  0.64895822  1.30967496  1.05855087  1.02428632  1.37336158  1.36773035  0.97044162  1.08544099  0.00000000  1.35551035
19    1.32766590  1.34395635  1.31795238  0.90649137  1.37105207  1.45020028  0.55234131  1.30073338  1.41140657  1.44166989  1.10927512  1.25432297  1.38420004  1.09742075  1.30916577  1.18678973  1.35551035  0.00000000

--------------------------------------------------------------------------------
n=17
(result of R-step: (3,6:19)0.37842085)
V=[0, 1, 2, 3, 4, 5, 6, 7, 8, 9, 10, 11, 12, 13, 14, 16, 18]
total successes of this branch: 2
Matrix on 17 elements:

0    0.00000000  1.26870225  1.33205042  1.32245672  1.32527134  1.37553011  1.32988255  1.26010900  1.36593475  1.01997858  1.19232183  1.33162382  0.82341681  1.31893123  1.34360284  1.33148163  1.35372564
1    1.26870225  0.00000000  1.38620201  1.29888935  1.32088430  1.08279739  1.37043866  1.02559296  0.88680003  1.17086836  1.24245476  1.38209165  1.39789747  1.29773484  1.20916984  1.38072167  1.06304331
2    1.33205042  1.38620201  0.00000000  1.48577604  1.44584650  1.49365296  1.21482567  1.33750155  1.49232126  1.48087076  0.82234572  0.93548018  1.26281070  1.48629475  1.12989083  0.97015706  1.29417637
3    1.32245672  1.29888935  1.48577604  0.00000000  1.36209931  1.40345343  1.45645892  1.30526438  1.30714128  1.39139648  1.33802246  1.47799322  1.46805217  0.50481734  1.41834346  1.47539921  1.36793679
4    1.32527134  1.32088430  1.44584650  1.36209931  0.00000000  1.42754164  1.37554783  1.31101200  1.41568476  1.44231101  1.28597927  1.42695952  1.44991340  1.36377482  1.42302315  1.42066451  1.41969674
5    1.37553011  1.08279739  1.49365296  1.40345343  1.42754164  0.00000000  1.47770529  1.02519240  1.23179570  1.38604742  1.34985122  1.48949265  1.50494835  1.40380225  1.39952258  1.48810603  1.32349392
6    1.32988255  1.37043866  1.21482567  1.45645892  1.37554783  1.47770529  0.00000000  1.29702015  1.47392914  1.47132189  0.96905773  1.11719654  1.33219567  1.45724629  1.24174305  1.01012794  1.34699034
7    1.26010900  1.02559296  1.33750155  1.30526438  1.31101200  1.02519240  1.29702015  0.00000000  1.16664227  1.29349489  1.18644794  1.32669371  1.37109163  1.30568980  1.27081474  1.32309146  1.22359456
8    1.36593475  0.88680003  1.49232126  1.30714128  1.41568476  1.23179570  1.47392914  1.16664227  0.00000000  1.21644629  1.34779697  1.48749862  1.49831081  1.30649405  1.09205397  1.48589124  0.64895822
9    1.01997858  1.17086836  1.48087076  1.39139648  1.44231101  1.38604742  1.47132189  1.29349489  1.21644629  0.00000000  1.33896044  1.47844424  1.28344950  1.37977473  1.38697256  1.47763549  1.30967496
10    1.19232183  1.24245476  0.82234572  1.33802246  1.28597927  1.34985122  0.96905773  1.18644794  1.34779697  1.33896044  0.00000000  0.53493665  1.02159409  1.33862058  0.81873163  0.58878605  1.05855087
11    1.33162382  1.38209165  0.93548018  1.47799322  1.42695952  1.48949265  1.11719654  1.32669371  1.48749862  1.47844424  0.53493665  0.00000000  1.14716945  1.47858472  0.75029015  0.36051699  1.02428632
12    0.82341681  1.39789747  1.26281070  1.46805217  1.44991340  1.50494835  1.33219567  1.37109163  1.49831081  1.28344950  1.02159409  1.14716945  0.00000000  1.46612868  1.26976389  1.17016272  1.37336158
13    1.31893123  1.29773484  1.48629475  0.50481734  1.36377482  1.40380225  1.45724629  1.30568980  1.30649405  1.37977473  1.33862058  1.47858472  1.46612868  0.00000000  1.41850248  1.47601498  1.36773035
14    1.34360284  1.20916984  1.12989083  1.41834346  1.42302315  1.39952258  1.24174305  1.27081474  1.09205397  1.38697256  0.81873163  0.75029015  1.26976389  1.41850248  0.00000000  0.81124142  0.97044162
16    1.33148163  1.38072167  0.97015706  1.47539921  1.42066451  1.48810603  1.01012794  1.32309146  1.48589124  1.47763549  0.58878605  0.36051699  1.17016272  1.47601498  0.81124142  0.00000000  1.08544099
18    1.35372564  1.06304331  1.29417637  1.36793679  1.41969674  1.32349392  1.34699034  1.22359456  0.64895822  1.30967496  1.05855087  1.02428632  1.37336158  1.36773035  0.97044162  1.08544099  0.00000000

--------------------------------------------------------------------------------
n=16
(result of R-step: (3,9:13)0.98640936)
V=[0, 1, 2, 3, 4, 5, 6, 7, 8, 9, 10, 11, 12, 14, 16, 18]
total successes of this branch: 2
Matrix on 16 elements:

0    0.00000000  1.26870225  1.33205042  1.07645237  1.32527134  1.37553011  1.32988255  1.26010900  1.36593475  0.77338079  1.19232183  1.33162382  0.82341681  1.34360284  1.33148163  1.35372564
1    1.26870225  0.00000000  1.38620201  1.05288500  1.32088430  1.08279739  1.37043866  1.02559296  0.88680003  0.92427056  1.24245476  1.38209165  1.39789747  1.20916984  1.38072167  1.06304331
2    1.33205042  1.38620201  0.00000000  1.23977169  1.44584650  1.49365296  1.21482567  1.33750155  1.49232126  1.23427297  0.82234572  0.93548018  1.26281070  1.12989083  0.97015706  1.29417637
3    1.07645237  1.05288500  1.23977169  0.00000000  1.11609496  1.15744908  1.21045456  1.05926002  1.06113693  0.89879433  1.09201811  1.23198886  1.22204782  1.17233910  1.22939485  1.12193244
4    1.32527134  1.32088430  1.44584650  1.11609496  0.00000000  1.42754164  1.37554783  1.31101200  1.41568476  1.19571321  1.28597927  1.42695952  1.44991340  1.42302315  1.42066451  1.41969674
5    1.37553011  1.08279739  1.49365296  1.15744908  1.42754164  0.00000000  1.47770529  1.02519240  1.23179570  1.13944962  1.34985122  1.48949265  1.50494835  1.39952258  1.48810603  1.32349392
6    1.32988255  1.37043866  1.21482567  1.21045456  1.37554783  1.47770529  0.00000000  1.29702015  1.47392914  1.22472410  0.96905773  1.11719654  1.33219567  1.24174305  1.01012794  1.34699034
7    1.26010900  1.02559296  1.33750155  1.05926002  1.31101200  1.02519240  1.29702015  0.00000000  1.16664227  1.04689710  1.18644794  1.32669371  1.37109163  1.27081474  1.32309146  1.22359456
8    1.36593475  0.88680003  1.49232126  1.06113693  1.41568476  1.23179570  1.47392914  1.16664227  0.00000000  0.96984849  1.34779697  1.48749862  1.49831081  1.09205397  1.48589124  0.64895822
9    0.77338079  0.92427056  1.23427297  0.89879433  1.19571321  1.13944962  1.22472410  1.04689710  0.96984849  0.00000000  1.09236264  1.23184645  1.03685170  1.14037476  1.23103769  1.06307716
10    1.19232183  1.24245476  0.82234572  1.09201811  1.28597927  1.34985122  0.96905773  1.18644794  1.34779697  1.09236264  0.00000000  0.53493665  1.02159409  0.81873163  0.58878605  1.05855087
11    1.33162382  1.38209165  0.93548018  1.23198886  1.42695952  1.48949265  1.11719654  1.32669371  1.48749862  1.23184645  0.53493665  0.00000000  1.14716945  0.75029015  0.36051699  1.02428632
12    0.82341681  1.39789747  1.26281070  1.22204782  1.44991340  1.50494835  1.33219567  1.37109163  1.49831081  1.03685170  1.02159409  1.14716945  0.00000000  1.26976389  1.17016272  1.37336158
14    1.34360284  1.20916984  1.12989083  1.17233910  1.42302315  1.39952258  1.24174305  1.27081474  1.09205397  1.14037476  0.81873163  0.75029015  1.26976389  0.00000000  0.81124142  0.97044162
16    1.33148163  1.38072167  0.97015706  1.22939485  1.42066451  1.48810603  1.01012794  1.32309146  1.48589124  1.23103769  0.58878605  0.36051699  1.17016272  0.81124142  0.00000000  1.08544099
18    1.35372564  1.06304331  1.29417637  1.12193244  1.41969674  1.32349392  1.34699034  1.22359456  0.64895822  1.06307716  1.05855087  1.02428632  1.37336158  0.97044162  1.08544099  0.00000000

--------------------------------------------------------------------------------
n=15
(result of R-step: (8,11:18)0.64416260)
V=[0, 1, 2, 3, 4, 5, 6, 7, 8, 9, 10, 11, 12, 14, 16]
total successes of this branch: 2
Matrix on 15 elements:

0    0.00000000  1.26870225  1.33205042  1.07645237  1.32527134  1.37553011  1.32988255  1.26010900  1.27306180  0.77338079  1.19232183  1.23875086  0.82341681  1.34360284  1.33148163
1    1.26870225  0.00000000  1.38620201  1.05288500  1.32088430  1.08279739  1.37043866  1.02559296  0.79392707  0.92427056  1.24245476  1.28921869  1.39789747  1.20916984  1.38072167
2    1.33205042  1.38620201  0.00000000  1.23977169  1.44584650  1.49365296  1.21482567  1.33750155  1.39944830  1.23427297  0.82234572  0.84260722  1.26281070  1.12989083  0.97015706
3    1.07645237  1.05288500  1.23977169  0.00000000  1.11609496  1.15744908  1.21045456  1.05926002  0.96826397  0.89879433  1.09201811  1.13911590  1.22204782  1.17233910  1.22939485
4    1.32527134  1.32088430  1.44584650  1.11609496  0.00000000  1.42754164  1.37554783  1.31101200  1.32281180  1.19571321  1.28597927  1.33408656  1.44991340  1.42302315  1.42066451
5    1.37553011  1.08279739  1.49365296  1.15744908  1.42754164  0.00000000  1.47770529  1.02519240  1.13892274  1.13944962  1.34985122  1.39661969  1.50494835  1.39952258  1.48810603
6    1.32988255  1.37043866  1.21482567  1.21045456  1.37554783  1.47770529  0.00000000  1.29702015  1.38105618  1.22472410  0.96905773  1.02432358  1.33219567  1.24174305  1.01012794
7    1.26010900  1.02559296  1.33750155  1.05926002  1.31101200  1.02519240  1.29702015  0.00000000  1.07376931  1.04689710  1.18644794  1.23382075  1.37109163  1.27081474  1.32309146
8    1.27306180  0.79392707  1.39944830  0.96826397  1.32281180  1.13892274  1.38105618  1.07376931  0.00000000  0.87697553  1.25492402  1.30175270  1.40543785  0.99918101  1.39301828
9    0.77338079  0.92427056  1.23427297  0.89879433  1.19571321  1.13944962  1.22472410  1.04689710  0.87697553  0.00000000  1.09236264  1.13897349  1.03685170  1.14037476  1.23103769
10    1.19232183  1.24245476  0.82234572  1.09201811  1.28597927  1.34985122  0.96905773  1.18644794  1.25492402  1.09236264  0.00000000  0.44206369  1.02159409  0.81873163  0.58878605
11    1.23875086  1.28921869  0.84260722  1.13911590  1.33408656  1.39661969  1.02432358  1.23382075  1.30175270  1.13897349  0.44206369  0.00000000  1.05429649  0.65741719  0.26764403
12    0.82341681  1.39789747  1.26281070  1.22204782  1.44991340  1.50494835  1.33219567  1.37109163  1.40543785  1.03685170  1.02159409  1.05429649  0.00000000  1.26976389  1.17016272
14    1.34360284  1.20916984  1.12989083  1.17233910  1.42302315  1.39952258  1.24174305  1.27081474  0.99918101  1.14037476  0.81873163  0.65741719  1.26976389  0.00000000  0.81124142
16    1.33148163  1.38072167  0.97015706  1.22939485  1.42066451  1.48810603  1.01012794  1.32309146  1.39301828  1.23103769  0.58878605  0.26764403  1.17016272  0.81124142  0.00000000

--------------------------------------------------------------------------------
n=14
(result of R-step: (6,11:16)0.12387302)
V=[0, 1, 2, 3, 4, 5, 6, 7, 8, 9, 10, 11, 12, 14]
total successes of this branch: 2
Matrix on 14 elements:

0    0.00000000  1.26870225  1.33205042  1.07645237  1.32527134  1.37553011  1.20375180  1.26010900  1.27306180  0.77338079  1.19232183  1.20489962  0.82341681  1.34360284
1    1.26870225  0.00000000  1.38620201  1.05288500  1.32088430  1.08279739  1.24430790  1.02559296  0.79392707  0.92427056  1.24245476  1.25536745  1.39789747  1.20916984
2    1.33205042  1.38620201  0.00000000  1.23977169  1.44584650  1.49365296  1.08869492  1.33750155  1.39944830  1.23427297  0.82234572  0.80875598  1.26281070  1.12989083
3    1.07645237  1.05288500  1.23977169  0.00000000  1.11609496  1.15744908  1.08432381  1.05926002  0.96826397  0.89879433  1.09201811  1.10526467  1.22204782  1.17233910
4    1.32527134  1.32088430  1.44584650  1.11609496  0.00000000  1.42754164  1.24941708  1.31101200  1.32281180  1.19571321  1.28597927  1.30023533  1.44991340  1.42302315
5    1.37553011  1.08279739  1.49365296  1.15744908  1.42754164  0.00000000  1.35157454  1.02519240  1.13892274  1.13944962  1.34985122  1.36276846  1.50494835  1.39952258
6    1.20375180  1.24430790  1.08869492  1.08432381  1.24941708  1.35157454  0.00000000  1.17088939  1.25492543  1.09859334  0.84292698  0.86434159  1.20606491  1.11561230
7    1.26010900  1.02559296  1.33750155  1.05926002  1.31101200  1.02519240  1.17088939  0.00000000  1.07376931  1.04689710  1.18644794  1.19996951  1.37109163  1.27081474
8    1.27306180  0.79392707  1.39944830  0.96826397  1.32281180  1.13892274  1.25492543  1.07376931  0.00000000  0.87697553  1.25492402  1.26790146  1.40543785  0.99918101
9    0.77338079  0.92427056  1.23427297  0.89879433  1.19571321  1.13944962  1.09859334  1.04689710  0.87697553  0.00000000  1.09236264  1.10512225  1.03685170  1.14037476
10    1.19232183  1.24245476  0.82234572  1.09201811  1.28597927  1.34985122  0.84292698  1.18644794  1.25492402  1.09236264  0.00000000  0.40821246  1.02159409  0.81873163
11    1.20489962  1.25536745  0.80875598  1.10526467  1.30023533  1.36276846  0.86434159  1.19996951  1.26790146  1.10512225  0.40821246  0.00000000  1.02044526  0.62356596
12    0.82341681  1.39789747  1.26281070  1.22204782  1.44991340  1.50494835  1.20606491  1.37109163  1.40543785  1.03685170  1.02159409  1.02044526  0.00000000  1.26976389
14    1.34360284  1.20916984  1.12989083  1.17233910  1.42302315  1.39952258  1.11561230  1.27081474  0.99918101  1.14037476  0.81873163  0.62356596  1.26976389  0.00000000

--------------------------------------------------------------------------------
n=13
(result of R-step: (8,11:14)0.34913130)
V=[0, 1, 2, 3, 4, 5, 6, 7, 8, 9, 10, 11, 12]
total successes of this branch: 2
Matrix on 13 elements:

0    0.00000000  1.26870225  1.33205042  1.07645237  1.32527134  1.37553011  1.20375180  1.26010900  1.18851200  0.77338079  1.19232183  1.15420107  0.82341681
1    1.26870225  0.00000000  1.38620201  1.05288500  1.32088430  1.08279739  1.24430790  1.02559296  0.70937728  0.92427056  1.24245476  1.20466889  1.39789747
2    1.33205042  1.38620201  0.00000000  1.23977169  1.44584650  1.49365296  1.08869492  1.33750155  1.31489851  1.23427297  0.82234572  0.75805743  1.26281070
3    1.07645237  1.05288500  1.23977169  0.00000000  1.11609496  1.15744908  1.08432381  1.05926002  0.88371418  0.89879433  1.09201811  1.05456611  1.22204782
4    1.32527134  1.32088430  1.44584650  1.11609496  0.00000000  1.42754164  1.24941708  1.31101200  1.23826201  1.19571321  1.28597927  1.24953677  1.44991340
5    1.37553011  1.08279739  1.49365296  1.15744908  1.42754164  0.00000000  1.35157454  1.02519240  1.05437295  1.13944962  1.34985122  1.31206990  1.50494835
6    1.20375180  1.24430790  1.08869492  1.08432381  1.24941708  1.35157454  0.00000000  1.17088939  1.17037563  1.09859334  0.84292698  0.81364304  1.20606491
7    1.26010900  1.02559296  1.33750155  1.05926002  1.31101200  1.02519240  1.17088939  0.00000000  0.98921952  1.04689710  1.18644794  1.14927096  1.37109163
8    1.18851200  0.70937728  1.31489851  0.88371418  1.23826201  1.05437295  1.17037563  0.98921952  0.00000000  0.79242574  1.17037422  1.13265312  1.32088806
9    0.77338079  0.92427056  1.23427297  0.89879433  1.19571321  1.13944962  1.09859334  1.04689710  0.79242574  0.00000000  1.09236264  1.05442370  1.03685170
10    1.19232183  1.24245476  0.82234572  1.09201811  1.28597927  1.34985122  0.84292698  1.18644794  1.17037422  1.09236264  0.00000000  0.35751390  1.02159409
11    1.15420107  1.20466889  0.75805743  1.05456611  1.24953677  1.31206990  0.81364304  1.14927096  1.13265312  1.05442370  0.35751390  0.00000000  0.96974670
12    0.82341681  1.39789747  1.26281070  1.22204782  1.44991340  1.50494835  1.20606491  1.37109163  1.32088806  1.03685170  1.02159409  0.96974670  0.00000000

--------------------------------------------------------------------------------
n=12
(result of R-step: (0,11:12)0.61088110)
V=[0, 1, 2, 3, 4, 5, 6, 7, 8, 9, 10, 11]
total successes of this branch: 2
Matrix on 12 elements:

0    0.00000000  1.08848424  1.15183240  0.89623435  1.14505333  1.19531210  1.02353378  1.07989098  1.00829399  0.59316277  1.01210381  0.83192458
1    1.08848424  0.00000000  1.38620201  1.05288500  1.32088430  1.08279739  1.24430790  1.02559296  0.70937728  0.92427056  1.24245476  1.06261042
2    1.15183240  1.38620201  0.00000000  1.23977169  1.44584650  1.49365296  1.08869492  1.33750155  1.31489851  1.23427297  0.82234572  0.61599895
3    0.89623435  1.05288500  1.23977169  0.00000000  1.11609496  1.15744908  1.08432381  1.05926002  0.88371418  0.89879433  1.09201811  0.91250764
4    1.14505333  1.32088430  1.44584650  1.11609496  0.00000000  1.42754164  1.24941708  1.31101200  1.23826201  1.19571321  1.28597927  1.10747830
5    1.19531210  1.08279739  1.49365296  1.15744908  1.42754164  0.00000000  1.35157454  1.02519240  1.05437295  1.13944962  1.34985122  1.17001143
6    1.02353378  1.24430790  1.08869492  1.08432381  1.24941708  1.35157454  0.00000000  1.17088939  1.17037563  1.09859334  0.84292698  0.67158456
7    1.07989098  1.02559296  1.33750155  1.05926002  1.31101200  1.02519240  1.17088939  0.00000000  0.98921952  1.04689710  1.18644794  1.00721248
8    1.00829399  0.70937728  1.31489851  0.88371418  1.23826201  1.05437295  1.17037563  0.98921952  0.00000000  0.79242574  1.17037422  0.99059464
9    0.59316277  0.92427056  1.23427297  0.89879433  1.19571321  1.13944962  1.09859334  1.04689710  0.79242574  0.00000000  1.09236264  0.91236522
10    1.01210381  1.24245476  0.82234572  1.09201811  1.28597927  1.34985122  0.84292698  1.18644794  1.17037422  1.09236264  0.00000000  0.21545543
11    0.83192458  1.06261042  0.61599895  0.91250764  1.10747830  1.17001143  0.67158456  1.00721248  0.99059464  0.91236522  0.21545543  0.00000000

--------------------------------------------------------------------------------
n=11
(result of R-step: (0,8:9)0.54506364)
V=[0, 1, 2, 3, 4, 5, 6, 7, 8, 10, 11]
total successes of this branch: 2
Matrix on 11 elements:

0    0.00000000  0.97272040  1.03606857  0.78047052  1.02928949  1.07954826  0.90776995  0.96412715  0.63470785  0.89633998  0.71616075
1    0.97272040  0.00000000  1.38620201  1.05288500  1.32088430  1.08279739  1.24430790  1.02559296  0.45155497  1.24245476  1.06261042
2    1.03606857  1.38620201  0.00000000  1.23977169  1.44584650  1.49365296  1.08869492  1.33750155  1.05707620  0.82234572  0.61599895
3    0.78047052  1.05288500  1.23977169  0.00000000  1.11609496  1.15744908  1.08432381  1.05926002  0.62589187  1.09201811  0.91250764
4    1.02928949  1.32088430  1.44584650  1.11609496  0.00000000  1.42754164  1.24941708  1.31101200  0.98043970  1.28597927  1.10747830
5    1.07954826  1.08279739  1.49365296  1.15744908  1.42754164  0.00000000  1.35157454  1.02519240  0.79655065  1.34985122  1.17001143
6    0.90776995  1.24430790  1.08869492  1.08432381  1.24941708  1.35157454  0.00000000  1.17088939  0.91255333  0.84292698  0.67158456
7    0.96412715  1.02559296  1.33750155  1.05926002  1.31101200  1.02519240  1.17088939  0.00000000  0.73139721  1.18644794  1.00721248
8    0.63470785  0.45155497  1.05707620  0.62589187  0.98043970  0.79655065  0.91255333  0.73139721  0.00000000  0.91255192  0.73277234
10    0.89633998  1.24245476  0.82234572  1.09201811  1.28597927  1.34985122  0.84292698  1.18644794  0.91255192  0.00000000  0.21545543
11    0.71616075  1.06261042  0.61599895  0.91250764  1.10747830  1.17001143  0.67158456  1.00721248  0.73277234  0.21545543  0.00000000

--------------------------------------------------------------------------------
n=10
(result of R-step: (1,3:8)0.80604905)
V=[0, 1, 2, 3, 4, 5, 6, 7, 10, 11]
total successes of this branch: 2
Matrix on 10 elements:

0    0.00000000  0.63274579  1.03606857  0.57954234  1.02928949  1.07954826  0.90776995  0.96412715  0.89633998  0.71616075
1    0.63274579  0.00000000  1.04622739  0.51198220  0.98090968  0.74282277  0.90433328  0.68561834  0.90248014  0.72263581
2    1.03606857  1.04622739  0.00000000  1.03884351  1.44584650  1.49365296  1.08869492  1.33750155  0.82234572  0.61599895
3    0.57954234  0.51198220  1.03884351  0.00000000  0.91516678  0.95652090  0.88339563  0.85833184  0.89108992  0.71157946
4    1.02928949  0.98090968  1.44584650  0.91516678  0.00000000  1.42754164  1.24941708  1.31101200  1.28597927  1.10747830
5    1.07954826  0.74282277  1.49365296  0.95652090  1.42754164  0.00000000  1.35157454  1.02519240  1.34985122  1.17001143
6    0.90776995  0.90433328  1.08869492  0.88339563  1.24941708  1.35157454  0.00000000  1.17088939  0.84292698  0.67158456
7    0.96412715  0.68561834  1.33750155  0.85833184  1.31101200  1.02519240  1.17088939  0.00000000  1.18644794  1.00721248
10    0.89633998  0.90248014  0.82234572  0.89108992  1.28597927  1.34985122  0.84292698  1.18644794  0.00000000  0.21545543
11    0.71616075  0.72263581  0.61599895  0.71157946  1.10747830  1.17001143  0.67158456  1.00721248  0.21545543  0.00000000

--------------------------------------------------------------------------------
n=9
(result of R-step: (2,10:11)0.08333526)
V=[0, 1, 2, 3, 4, 5, 6, 7, 10]
total successes of this branch: 2
Matrix on 9 elements:

0    0.00000000  0.63274579  0.71203302  0.57954234  1.02928949  1.07954826  0.90776995  0.96412715  0.71156763
1    0.63274579  0.00000000  0.72219184  0.51198220  0.98090968  0.74282277  0.90433328  0.68561834  0.71770780
2    0.71203302  0.72219184  0.00000000  0.71480795  1.12181095  1.16961741  0.76465937  1.01346600  0.31353783
3    0.57954234  0.51198220  0.71480795  0.00000000  0.91516678  0.95652090  0.88339563  0.85833184  0.70631758
4    1.02928949  0.98090968  1.12181095  0.91516678  0.00000000  1.42754164  1.24941708  1.31101200  1.10120693
5    1.07954826  0.74282277  1.16961741  0.95652090  1.42754164  0.00000000  1.35157454  1.02519240  1.16507888
6    0.90776995  0.90433328  0.76465937  0.88339563  1.24941708  1.35157454  0.00000000  1.17088939  0.65815464
7    0.96412715  0.68561834  1.01346600  0.85833184  1.31101200  1.02519240  1.17088939  0.00000000  1.00167560
10    0.71156763  0.71770780  0.31353783  0.70631758  1.10120693  1.16507888  0.65815464  1.00167560  0.00000000

--------------------------------------------------------------------------------
n=8
(result of R-step: (2,6:10)0.70441209)
V=[0, 1, 2, 3, 4, 5, 6, 7]
total successes of this branch: 2
Matrix on 8 elements:

0    0.00000000  0.63274579  0.60851647  0.57954234  1.02928949  1.07954826  0.60694204  0.96412715
1    0.63274579  0.00000000  0.61867529  0.51198220  0.98090968  0.74282277  0.60350538  0.68561834
2    0.60851647  0.61867529  0.00000000  0.61129140  1.01829440  1.06610086  0.36031491  0.90994945
3    0.57954234  0.51198220  0.61129140  0.00000000  0.91516678  0.95652090  0.58256772  0.85833184
4    1.02928949  0.98090968  1.01829440  0.91516678  0.00000000  1.42754164  0.94858917  1.31101200
5    1.07954826  0.74282277  1.06610086  0.95652090  1.42754164  0.00000000  1.05074663  1.02519240
6    0.60694204  0.60350538  0.36031491  0.58256772  0.94858917  1.05074663  0.00000000  0.87006149
7    0.96412715  0.68561834  0.90994945  0.85833184  1.31101200  1.02519240  0.87006149  0.00000000

--------------------------------------------------------------------------------
n=7
(result of R-step: (5,6:7)0.82532661)
V=[0, 1, 2, 3, 4, 5, 6]
total successes of this branch: 2
Matrix on 7 elements:

0    0.00000000  0.63274579  0.60851647  0.57954234  1.02928949  0.54974327  0.50468915
1    0.63274579  0.00000000  0.61867529  0.51198220  0.98090968  0.21301778  0.50125249
2    0.60851647  0.61867529  0.00000000  0.61129140  1.01829440  0.53629586  0.25806202
3    0.57954234  0.51198220  0.61129140  0.00000000  0.91516678  0.42671590  0.48031483
4    1.02928949  0.98090968  1.01829440  0.91516678  0.00000000  0.89773665  0.84633628
5    0.54974327  0.21301778  0.53629586  0.42671590  0.89773665  0.00000000  0.41868875
6    0.50468915  0.50125249  0.25806202  0.48031483  0.84633628  0.41868875  0.00000000

--------------------------------------------------------------------------------
n=6
(result of R-step: (1,3:5)0.98640122)
V=[0, 1, 2, 3, 4, 6]
total successes of this branch: 2
Matrix on 6 elements:

0    0.00000000  0.48659103  0.60851647  0.43338758  1.02928949  0.50468915
1    0.48659103  0.00000000  0.47252053  0.21967269  0.83475493  0.35509773
2    0.60851647  0.47252053  0.00000000  0.46513665  1.01829440  0.25806202
3    0.43338758  0.21967269  0.46513665  0.00000000  0.76901202  0.33416007
4    1.02928949  0.83475493  1.01829440  0.76901202  0.00000000  0.84633628
6    0.50468915  0.35509773  0.25806202  0.33416007  0.84633628  0.00000000

--------------------------------------------------------------------------------
n=5
(result of R-step: (0,3:1)0.49923174)
V=[0, 2, 3, 4, 6]
total successes of this branch: 0
Matrix on 5 elements:

0    0.00000000  0.27424269  0.03170966  0.69501572  0.17041537
2    0.27424269  0.00000000  0.39773250  1.01829440  0.25806202
3    0.03170966  0.39773250  0.00000000  0.70160787  0.26675592
4    0.69501572  1.01829440  0.70160787  0.00000000  0.84633628
6    0.17041537  0.25806202  0.26675592  0.84633628  0.00000000
reason of abort: no pseudometric

--------------------------------------------------------------------------------
n=5
(result of R-step: (2,4:6)0.76775190)
V=[0, 1, 2, 3, 4]
total successes of this branch: 2
Matrix on 5 elements:

0    0.00000000  0.48659103  0.46321163  0.43338758  0.45643255
1    0.48659103  0.00000000  0.32721570  0.21967269  0.26189799
2    0.46321163  0.32721570  0.00000000  0.31983181  0.30013262
3    0.43338758  0.21967269  0.31983181  0.00000000  0.19615508
4    0.45643255  0.26189799  0.30013262  0.19615508  0.00000000

--------------------------------------------------------------------------------
n=4
(result of R-step: (0,1:4)0.04587643)
V=[0, 1, 2, 3]
total successes of this branch: 0
Matrix on 4 elements:

0    0.00000000  0.06580661  0.18543647  0.15561242
1    0.06580661  0.00000000  0.18420644  0.07666343
2    0.18543647  0.18420644  0.00000000  0.31983181
3    0.15561242  0.07666343  0.31983181  0.00000000
reason of abort: no pseudometric

--------------------------------------------------------------------------------
n=4
(result of R-step: (0,3:1)0.49923174)
V=[0, 2, 3, 4]
total successes of this branch: 0
Matrix on 4 elements:

0    0.00000000  0.12893785  0.03170966  0.12215878
2    0.12893785  0.00000000  0.25242766  0.30013262
3    0.03170966  0.25242766  0.00000000  0.12875093
4    0.12215878  0.30013262  0.12875093  0.00000000
reason of abort: no pseudometric

--------------------------------------------------------------------------------
n=4
