n=20
V=[0, 1, 2, 3, 4, 5, 6, 7, 8, 9, 10, 11, 12, 13, 14, 15, 16, 17, 18, 19]
total successes of this branch: 5
Matrix on 20 elements:

0    0.00000000  2.09348506  2.06670349  2.07611269  2.08408120  2.08622532  2.08165221  2.08263563  2.08512230  2.06983476  1.85991219  2.07744563  1.53862038  2.00745986  2.04232940  2.07687592  2.06855665  2.08214052  2.09078141  2.08269954
1    2.09348506  0.00000000  2.09093810  2.04788701  1.99155062  1.96051015  2.00002351  1.99152635  1.97647856  2.07001763  1.87050291  2.03636991  2.07521932  1.95668701  1.99638802  2.03926396  2.07855687  0.30655959  0.84942762  1.99130260
2    2.06670349  2.09093810  0.00000000  2.01145213  2.04791145  2.04243476  2.02842386  2.03143684  2.04525218  1.73879281  2.07853971  2.01553593  2.06333612  2.04519220  2.03041634  1.94876092  1.28490959  2.09033592  2.07287461  1.99668462
3    2.07611269  2.04788701  2.01145213  0.00000000  1.98140289  2.03801051  1.95371976  1.97184610  2.00888938  2.01571206  2.06232722  1.65124441  2.05914154  1.99005891  1.82124881  1.67034821  2.01397326  2.04858836  2.04420883  2.00997063
4    2.08408120  1.99155062  2.04791145  1.98140289  0.00000000  2.00682849  1.99533059  1.99780316  1.84226061  2.04132180  2.03888913  1.98475423  1.96500146  2.00990491  1.99737390  1.98810380  2.04401154  1.99384984  1.99724037  1.87380775
5    2.08622532  1.96051015  2.04243476  2.03801051  2.00682849  0.00000000  1.93590709  1.90220811  1.85149826  1.98442656  2.02482584  2.01344200  2.07199811  1.96565856  1.98946606  2.01497964  2.00810411  1.96363394  1.30117634  1.87256469
6    2.08165221  2.00002351  2.02842386  1.95371976  1.99533059  1.93590709  0.00000000  1.81289975  1.96647682  2.01358430  2.04178463  1.85787427  2.06618414  1.37643223  1.61630471  1.86691945  2.01964145  2.00205184  1.97614544  1.97394239
7    2.08263563  1.99152635  2.03143684  1.97184610  1.99780316  1.90220811  1.81289975  0.00000000  1.95138588  2.01070873  2.03813772  1.93359982  2.06743441  1.88826249  1.91085125  1.93878866  2.01916944  1.99379024  1.95826269  1.96078734
8    2.08512230  1.97647856  2.04525218  2.00888938  1.84226061  1.85149826  1.96647682  1.95138588  0.00000000  2.01417431  2.03206054  1.99868391  2.04160365  1.98842058  1.99353415  2.00115368  2.02685955  1.97917816  1.92993373  0.35906366
9    2.06983476  2.07001763  1.73879281  2.01571206  2.04132180  1.98442656  2.01358430  2.01070873  2.01417431  0.00000000  2.06992408  2.01520007  2.06472550  2.03243511  2.02384797  2.00054066  1.08069666  2.07001309  2.03814203  1.70247504
10    1.85991219  1.87050291  2.07853971  2.06232722  2.03888913  2.02482584  2.04178463  2.03813772  2.03206054  2.06992408  0.00000000  2.05738419  1.89198326  1.70722118  1.88168552  2.05850618  2.07344077  1.79066509  1.92797545  2.03806114
11    2.07744563  2.03636991  2.01553593  1.65124441  1.98475423  2.01344200  1.85787427  1.93359982  1.99868391  2.01520007  2.05738419  0.00000000  2.06083616  1.92462861  1.37923248  0.82324901  2.01533716  2.03739056  2.02783116  2.00130138
12    1.53862038  2.07521932  2.06333612  2.05914154  1.96500146  2.07199811  2.06618414  2.06743441  2.04160365  2.06472550  1.89198326  2.06083616  0.00000000  2.00789799  2.03427377  2.06096875  2.06415839  2.06631961  2.07401969  2.04526799
13    2.00745986  1.95668701  2.04519220  1.99005891  2.00990491  1.96565856  1.37643223  1.88826249  1.98842058  2.03243511  1.70722118  1.92462861  2.00789799  0.00000000  1.37537386  1.93102277  2.03764225  1.94457055  1.96002817  1.99539599
14    2.04232940  1.99638802  2.03041634  1.82124881  1.99737390  1.98946606  1.61630471  1.91085125  1.99353415  2.02384797  1.88168552  1.37923248  2.03427377  1.37537386  0.00000000  1.41376836  2.02652902  1.99081696  1.99381016  1.99833828
15    2.07687592  2.03926396  1.94876092  1.67034821  1.98810380  2.01497964  1.86691945  1.93878866  2.00115368  2.00054066  2.05850618  0.82324901  2.06096875  1.93102277  1.41376836  0.00000000  1.97940542  2.04019855  2.03022006  2.00105653
16    2.06855665  2.07855687  1.28490959  2.01397326  2.04401154  2.00810411  2.01964145  2.01916944  2.02685955  1.08069666  2.07344077  2.01533716  2.06415839  2.03764225  2.02652902  1.97940542  0.00000000  2.07830838  2.05231903  1.87691202
17    2.08214052  0.30655959  2.09033592  2.04858836  1.99384984  1.96363394  2.00205184  1.99379024  1.97917816  2.07001309  1.79066509  2.03739056  2.06631961  1.94457055  1.99081696  2.04019855  2.07830838  0.00000000  0.92368287  1.99357364
18    2.09078141  0.84942762  2.07287461  2.04420883  1.99724037  1.30117634  1.97614544  1.95826269  1.92993373  2.03814203  1.92797545  2.02783116  2.07401969  1.96002817  1.99381016  2.03022006  2.05231903  0.92368287  0.00000000  1.94708254
19    2.08269954  1.99130260  1.99668462  2.00997063  1.87380775  1.87256469  1.97394239  1.96078734  0.35906366  1.70247504  2.03806114  2.00130138  2.04526799  1.99539599  1.99833828  2.00105653  1.87691202  1.99357364  1.94708254  0.00000000

--------------------------------------------------------------------------------
n=19
(result of R-step: (0,4:12)0.82080892)
V=[0, 1, 2, 3, 4, 5, 6, 7, 8, 9, 10, 11, 13, 14, 15, 16, 17, 18, 19]
total successes of this branch: 5
Matrix on 19 elements:

0    0.00000000  1.38371475  1.35693317  1.36634237  0.66454057  1.37645500  1.37188189  1.37286532  1.37535199  1.36006445  1.15014188  1.36767531  1.29768954  1.33255908  1.36710560  1.35878634  1.37237020  1.38101109  1.37292922
1    1.38371475  0.00000000  2.09093810  2.04788701  1.28178031  1.96051015  2.00002351  1.99152635  1.97647856  2.07001763  1.87050291  2.03636991  1.95668701  1.99638802  2.03926396  2.07855687  0.30655959  0.84942762  1.99130260
2    1.35693317  2.09093810  0.00000000  2.01145213  1.33814114  2.04243476  2.02842386  2.03143684  2.04525218  1.73879281  2.07853971  2.01553593  2.04519220  2.03041634  1.94876092  1.28490959  2.09033592  2.07287461  1.99668462
3    1.36634237  2.04788701  2.01145213  0.00000000  1.27163258  2.03801051  1.95371976  1.97184610  2.00888938  2.01571206  2.06232722  1.65124441  1.99005891  1.82124881  1.67034821  2.01397326  2.04858836  2.04420883  2.00997063
4    0.66454057  1.28178031  1.33814114  1.27163258  0.00000000  1.29705818  1.28556027  1.28803284  1.13249029  1.33155149  1.32911881  1.27498391  1.30013459  1.28760358  1.27833349  1.33424122  1.28407952  1.28747005  1.16403743
5    1.37645500  1.96051015  2.04243476  2.03801051  1.29705818  0.00000000  1.93590709  1.90220811  1.85149826  1.98442656  2.02482584  2.01344200  1.96565856  1.98946606  2.01497964  2.00810411  1.96363394  1.30117634  1.87256469
6    1.37188189  2.00002351  2.02842386  1.95371976  1.28556027  1.93590709  0.00000000  1.81289975  1.96647682  2.01358430  2.04178463  1.85787427  1.37643223  1.61630471  1.86691945  2.01964145  2.00205184  1.97614544  1.97394239
7    1.37286532  1.99152635  2.03143684  1.97184610  1.28803284  1.90220811  1.81289975  0.00000000  1.95138588  2.01070873  2.03813772  1.93359982  1.88826249  1.91085125  1.93878866  2.01916944  1.99379024  1.95826269  1.96078734
8    1.37535199  1.97647856  2.04525218  2.00888938  1.13249029  1.85149826  1.96647682  1.95138588  0.00000000  2.01417431  2.03206054  1.99868391  1.98842058  1.99353415  2.00115368  2.02685955  1.97917816  1.92993373  0.35906366
9    1.36006445  2.07001763  1.73879281  2.01571206  1.33155149  1.98442656  2.01358430  2.01070873  2.01417431  0.00000000  2.06992408  2.01520007  2.03243511  2.02384797  2.00054066  1.08069666  2.07001309  2.03814203  1.70247504
10    1.15014188  1.87050291  2.07853971  2.06232722  1.32911881  2.02482584  2.04178463  2.03813772  2.03206054  2.06992408  0.00000000  2.05738419  1.70722118  1.88168552  2.05850618  2.07344077  1.79066509  1.92797545  2.03806114
11    1.36767531  2.03636991  2.01553593  1.65124441  1.27498391  2.01344200  1.85787427  1.93359982  1.99868391  2.01520007  2.05738419  0.00000000  1.92462861  1.37923248  0.82324901  2.01533716  2.03739056  2.02783116  2.00130138
13    1.29768954  1.95668701  2.04519220  1.99005891  1.30013459  1.96565856  1.37643223  1.88826249  1.98842058  2.03243511  1.70722118  1.92462861  0.00000000  1.37537386  1.93102277  2.03764225  1.94457055  1.96002817  1.99539599
14    1.33255908  1.99638802  2.03041634  1.82124881  1.28760358  1.98946606  1.61630471  1.91085125  1.99353415  2.02384797  1.88168552  1.37923248  1.37537386  0.00000000  1.41376836  2.02652902  1.99081696  1.99381016  1.99833828
15    1.36710560  2.03926396  1.94876092  1.67034821  1.27833349  2.01497964  1.86691945  1.93878866  2.00115368  2.00054066  2.05850618  0.82324901  1.93102277  1.41376836  0.00000000  1.97940542  2.04019855  2.03022006  2.00105653
16    1.35878634  2.07855687  1.28490959  2.01397326  1.33424122  2.00810411  2.01964145  2.01916944  2.02685955  1.08069666  2.07344077  2.01533716  2.03764225  2.02652902  1.97940542  0.00000000  2.07830838  2.05231903  1.87691202
17    1.37237020  0.30655959  2.09033592  2.04858836  1.28407952  1.96363394  2.00205184  1.99379024  1.97917816  2.07001309  1.79066509  2.03739056  1.94457055  1.99081696  2.04019855  2.07830838  0.00000000  0.92368287  1.99357364
18    1.38101109  0.84942762  2.07287461  2.04420883  1.28747005  1.30117634  1.97614544  1.95826269  1.92993373  2.03814203  1.92797545  2.02783116  1.96002817  1.99381016  2.03022006  2.05231903  0.92368287  0.00000000  1.94708254
19    1.37292922  1.99130260  1.99668462  2.00997063  1.16403743  1.87256469  1.97394239  1.96078734  0.35906366  1.70247504  2.03806114  2.00130138  1.99539599  1.99833828  2.00105653  1.87691202  1.99357364  1.94708254  0.00000000

--------------------------------------------------------------------------------
n=18
(result of R-step: (1,5:18)0.62758262)
V=[0, 1, 2, 3, 4, 5, 6, 7, 8, 9, 10, 11, 13, 14, 15, 16, 17, 19]
total successes of this branch: 5
Matrix on 18 elements:

0    0.00000000  1.28866784  1.35693317  1.36634237  0.66454057  1.28140809  1.37188189  1.37286532  1.37535199  1.36006445  1.15014188  1.36767531  1.29768954  1.33255908  1.36710560  1.35878634  1.37237020  1.37292922
1    1.28866784  0.00000000  1.99589120  1.95284010  1.18673340  1.77041634  1.90497661  1.89647944  1.88143166  1.97497073  1.77545601  1.94132300  1.86164010  1.90134111  1.94421705  1.98350996  0.21151268  1.89625569
2    1.35693317  1.99589120  0.00000000  2.01145213  1.33814114  1.94738785  2.02842386  2.03143684  2.04525218  1.73879281  2.07853971  2.01553593  2.04519220  2.03041634  1.94876092  1.28490959  2.09033592  1.99668462
3    1.36634237  1.95284010  2.01145213  0.00000000  1.27163258  1.94296361  1.95371976  1.97184610  2.00888938  2.01571206  2.06232722  1.65124441  1.99005891  1.82124881  1.67034821  2.01397326  2.04858836  2.00997063
4    0.66454057  1.18673340  1.33814114  1.27163258  0.00000000  1.20201127  1.28556027  1.28803284  1.13249029  1.33155149  1.32911881  1.27498391  1.30013459  1.28760358  1.27833349  1.33424122  1.28407952  1.16403743
5    1.28140809  1.77041634  1.94738785  1.94296361  1.20201127  0.00000000  1.84086018  1.80716121  1.75645136  1.88937965  1.92977894  1.91839509  1.87061165  1.89441915  1.91993273  1.91305720  1.86858703  1.77751778
6    1.37188189  1.90497661  2.02842386  1.95371976  1.28556027  1.84086018  0.00000000  1.81289975  1.96647682  2.01358430  2.04178463  1.85787427  1.37643223  1.61630471  1.86691945  2.01964145  2.00205184  1.97394239
7    1.37286532  1.89647944  2.03143684  1.97184610  1.28803284  1.80716121  1.81289975  0.00000000  1.95138588  2.01070873  2.03813772  1.93359982  1.88826249  1.91085125  1.93878866  2.01916944  1.99379024  1.96078734
8    1.37535199  1.88143166  2.04525218  2.00888938  1.13249029  1.75645136  1.96647682  1.95138588  0.00000000  2.01417431  2.03206054  1.99868391  1.98842058  1.99353415  2.00115368  2.02685955  1.97917816  0.35906366
9    1.36006445  1.97497073  1.73879281  2.01571206  1.33155149  1.88937965  2.01358430  2.01070873  2.01417431  0.00000000  2.06992408  2.01520007  2.03243511  2.02384797  2.00054066  1.08069666  2.07001309  1.70247504
10    1.15014188  1.77545601  2.07853971  2.06232722  1.32911881  1.92977894  2.04178463  2.03813772  2.03206054  2.06992408  0.00000000  2.05738419  1.70722118  1.88168552  2.05850618  2.07344077  1.79066509  2.03806114
11    1.36767531  1.94132300  2.01553593  1.65124441  1.27498391  1.91839509  1.85787427  1.93359982  1.99868391  2.01520007  2.05738419  0.00000000  1.92462861  1.37923248  0.82324901  2.01533716  2.03739056  2.00130138
13    1.29768954  1.86164010  2.04519220  1.99005891  1.30013459  1.87061165  1.37643223  1.88826249  1.98842058  2.03243511  1.70722118  1.92462861  0.00000000  1.37537386  1.93102277  2.03764225  1.94457055  1.99539599
14    1.33255908  1.90134111  2.03041634  1.82124881  1.28760358  1.89441915  1.61630471  1.91085125  1.99353415  2.02384797  1.88168552  1.37923248  1.37537386  0.00000000  1.41376836  2.02652902  1.99081696  1.99833828
15    1.36710560  1.94421705  1.94876092  1.67034821  1.27833349  1.91993273  1.86691945  1.93878866  2.00115368  2.00054066  2.05850618  0.82324901  1.93102277  1.41376836  0.00000000  1.97940542  2.04019855  2.00105653
16    1.35878634  1.98350996  1.28490959  2.01397326  1.33424122  1.91305720  2.01964145  2.01916944  2.02685955  1.08069666  2.07344077  2.01533716  2.03764225  2.02652902  1.97940542  0.00000000  2.07830838  1.87691202
17    1.37237020  0.21151268  2.09033592  2.04858836  1.28407952  1.86858703  2.00205184  1.99379024  1.97917816  2.07001309  1.79066509  2.03739056  1.94457055  1.99081696  2.04019855  2.07830838  0.00000000  1.99357364
19    1.37292922  1.89625569  1.99668462  2.00997063  1.16403743  1.77751778  1.97394239  1.96078734  0.35906366  1.70247504  2.03806114  2.00130138  1.99539599  1.99833828  2.00105653  1.87691202  1.99357364  0.00000000

--------------------------------------------------------------------------------
n=17
(result of R-step: (1,10:17)0.95143038)
V=[0, 1, 2, 3, 4, 5, 6, 7, 8, 9, 10, 11, 13, 14, 15, 16, 19]
total successes of this branch: 5
Matrix on 17 elements:

0    0.00000000  1.27035386  1.35693317  1.36634237  0.66454057  1.28140809  1.37188189  1.37286532  1.37535199  1.36006445  1.03678099  1.36767531  1.29768954  1.33255908  1.36710560  1.35878634  1.37292922
1    1.27035386  0.00000000  1.97757722  1.93452612  1.16841942  1.75210236  1.88666263  1.87816546  1.86311768  1.95665675  1.64378115  1.92300903  1.84332613  1.88302714  1.92590308  1.96519598  1.87794172
2    1.35693317  1.97757722  0.00000000  2.01145213  1.33814114  1.94738785  2.02842386  2.03143684  2.04525218  1.73879281  1.96517883  2.01553593  2.04519220  2.03041634  1.94876092  1.28490959  1.99668462
3    1.36634237  1.93452612  2.01145213  0.00000000  1.27163258  1.94296361  1.95371976  1.97184610  2.00888938  2.01571206  1.94896634  1.65124441  1.99005891  1.82124881  1.67034821  2.01397326  2.00997063
4    0.66454057  1.16841942  1.33814114  1.27163258  0.00000000  1.20201127  1.28556027  1.28803284  1.13249029  1.33155149  1.21575793  1.27498391  1.30013459  1.28760358  1.27833349  1.33424122  1.16403743
5    1.28140809  1.75210236  1.94738785  1.94296361  1.20201127  0.00000000  1.84086018  1.80716121  1.75645136  1.88937965  1.81641805  1.91839509  1.87061165  1.89441915  1.91993273  1.91305720  1.77751778
6    1.37188189  1.88666263  2.02842386  1.95371976  1.28556027  1.84086018  0.00000000  1.81289975  1.96647682  2.01358430  1.92842375  1.85787427  1.37643223  1.61630471  1.86691945  2.01964145  1.97394239
7    1.37286532  1.87816546  2.03143684  1.97184610  1.28803284  1.80716121  1.81289975  0.00000000  1.95138588  2.01070873  1.92477684  1.93359982  1.88826249  1.91085125  1.93878866  2.01916944  1.96078734
8    1.37535199  1.86311768  2.04525218  2.00888938  1.13249029  1.75645136  1.96647682  1.95138588  0.00000000  2.01417431  1.91869966  1.99868391  1.98842058  1.99353415  2.00115368  2.02685955  0.35906366
9    1.36006445  1.95665675  1.73879281  2.01571206  1.33155149  1.88937965  2.01358430  2.01070873  2.01417431  0.00000000  1.95656320  2.01520007  2.03243511  2.02384797  2.00054066  1.08069666  1.70247504
10    1.03678099  1.64378115  1.96517883  1.94896634  1.21575793  1.81641805  1.92842375  1.92477684  1.91869966  1.95656320  0.00000000  1.94402330  1.59386029  1.76832464  1.94514530  1.96007989  1.92470025
11    1.36767531  1.92300903  2.01553593  1.65124441  1.27498391  1.91839509  1.85787427  1.93359982  1.99868391  2.01520007  1.94402330  0.00000000  1.92462861  1.37923248  0.82324901  2.01533716  2.00130138
13    1.29768954  1.84332613  2.04519220  1.99005891  1.30013459  1.87061165  1.37643223  1.88826249  1.98842058  2.03243511  1.59386029  1.92462861  0.00000000  1.37537386  1.93102277  2.03764225  1.99539599
14    1.33255908  1.88302714  2.03041634  1.82124881  1.28760358  1.89441915  1.61630471  1.91085125  1.99353415  2.02384797  1.76832464  1.37923248  1.37537386  0.00000000  1.41376836  2.02652902  1.99833828
15    1.36710560  1.92590308  1.94876092  1.67034821  1.27833349  1.91993273  1.86691945  1.93878866  2.00115368  2.00054066  1.94514530  0.82324901  1.93102277  1.41376836  0.00000000  1.97940542  2.00105653
16    1.35878634  1.96519598  1.28490959  2.01397326  1.33424122  1.91305720  2.01964145  2.01916944  2.02685955  1.08069666  1.96007989  2.01533716  2.03764225  2.02652902  1.97940542  0.00000000  1.87691202
19    1.37292922  1.87794172  1.99668462  2.00997063  1.16403743  1.77751778  1.97394239  1.96078734  0.35906366  1.70247504  1.92470025  2.00130138  1.99539599  1.99833828  2.00105653  1.87691202  0.00000000

--------------------------------------------------------------------------------
n=16
(result of R-step: (8,9:19)0.84152039)
V=[0, 1, 2, 3, 4, 5, 6, 7, 8, 9, 10, 11, 13, 14, 15, 16]
total successes of this branch: 5
Matrix on 16 elements:

0    0.00000000  1.27035386  1.35693317  1.36634237  0.66454057  1.28140809  1.37188189  1.37286532  1.35166979  1.33638225  1.03678099  1.36767531  1.29768954  1.33255908  1.36710560  1.35878634
1    1.27035386  0.00000000  1.97757722  1.93452612  1.16841942  1.75210236  1.88666263  1.87816546  1.83943548  1.93297456  1.64378115  1.92300903  1.84332613  1.88302714  1.92590308  1.96519598
2    1.35693317  1.97757722  0.00000000  2.01145213  1.33814114  1.94738785  2.02842386  2.03143684  2.02156998  1.71511062  1.96517883  2.01553593  2.04519220  2.03041634  1.94876092  1.28490959
3    1.36634237  1.93452612  2.01145213  0.00000000  1.27163258  1.94296361  1.95371976  1.97184610  1.98520718  1.99202986  1.94896634  1.65124441  1.99005891  1.82124881  1.67034821  2.01397326
4    0.66454057  1.16841942  1.33814114  1.27163258  0.00000000  1.20201127  1.28556027  1.28803284  1.10880810  1.30786929  1.21575793  1.27498391  1.30013459  1.28760358  1.27833349  1.33424122
5    1.28140809  1.75210236  1.94738785  1.94296361  1.20201127  0.00000000  1.84086018  1.80716121  1.73276916  1.86569746  1.81641805  1.91839509  1.87061165  1.89441915  1.91993273  1.91305720
6    1.37188189  1.88666263  2.02842386  1.95371976  1.28556027  1.84086018  0.00000000  1.81289975  1.94279462  1.98990210  1.92842375  1.85787427  1.37643223  1.61630471  1.86691945  2.01964145
7    1.37286532  1.87816546  2.03143684  1.97184610  1.28803284  1.80716121  1.81289975  0.00000000  1.92770368  1.98702653  1.92477684  1.93359982  1.88826249  1.91085125  1.93878866  2.01916944
8    1.35166979  1.83943548  2.02156998  1.98520718  1.10880810  1.73276916  1.94279462  1.92770368  0.00000000  1.96680992  1.89501746  1.97500171  1.96473839  1.96985196  1.97747148  2.00317735
9    1.33638225  1.93297456  1.71511062  1.99202986  1.30786929  1.86569746  1.98990210  1.98702653  1.96680992  0.00000000  1.93288100  1.99151787  2.00875292  2.00016577  1.97685847  1.05701447
10    1.03678099  1.64378115  1.96517883  1.94896634  1.21575793  1.81641805  1.92842375  1.92477684  1.89501746  1.93288100  0.00000000  1.94402330  1.59386029  1.76832464  1.94514530  1.96007989
11    1.36767531  1.92300903  2.01553593  1.65124441  1.27498391  1.91839509  1.85787427  1.93359982  1.97500171  1.99151787  1.94402330  0.00000000  1.92462861  1.37923248  0.82324901  2.01533716
13    1.29768954  1.84332613  2.04519220  1.99005891  1.30013459  1.87061165  1.37643223  1.88826249  1.96473839  2.00875292  1.59386029  1.92462861  0.00000000  1.37537386  1.93102277  2.03764225
14    1.33255908  1.88302714  2.03041634  1.82124881  1.28760358  1.89441915  1.61630471  1.91085125  1.96985196  2.00016577  1.76832464  1.37923248  1.37537386  0.00000000  1.41376836  2.02652902
15    1.36710560  1.92590308  1.94876092  1.67034821  1.27833349  1.91993273  1.86691945  1.93878866  1.97747148  1.97685847  1.94514530  0.82324901  1.93102277  1.41376836  0.00000000  1.97940542
16    1.35878634  1.96519598  1.28490959  2.01397326  1.33424122  1.91305720  2.01964145  2.01916944  2.00317735  1.05701447  1.96007989  2.01533716  2.03764225  2.02652902  1.97940542  0.00000000

--------------------------------------------------------------------------------
n=15
(result of R-step: (2,9:16)0.40817594)
V=[0, 1, 2, 3, 4, 5, 6, 7, 8, 9, 10, 11, 13, 14, 15]
total successes of this branch: 5
Matrix on 15 elements:

0    0.00000000  1.27035386  1.04352645  1.36634237  0.66454057  1.28140809  1.37188189  1.37286532  1.35166979  1.04665773  1.03678099  1.36767531  1.29768954  1.33255908  1.36710560
1    1.27035386  0.00000000  1.66417050  1.93452612  1.16841942  1.75210236  1.88666263  1.87816546  1.83943548  1.64325003  1.64378115  1.92300903  1.84332613  1.88302714  1.92590308
2    1.04352645  1.66417050  0.00000000  1.69804541  1.02473442  1.63398113  1.71501714  1.71803012  1.70816326  1.11197937  1.65177211  1.70212921  1.73178548  1.71700962  1.63535420
3    1.36634237  1.93452612  1.69804541  0.00000000  1.27163258  1.94296361  1.95371976  1.97184610  1.98520718  1.70230534  1.94896634  1.65124441  1.99005891  1.82124881  1.67034821
4    0.66454057  1.16841942  1.02473442  1.27163258  0.00000000  1.20201127  1.28556027  1.28803284  1.10880810  1.01814476  1.21575793  1.27498391  1.30013459  1.28760358  1.27833349
5    1.28140809  1.75210236  1.63398113  1.94296361  1.20201127  0.00000000  1.84086018  1.80716121  1.73276916  1.57597293  1.81641805  1.91839509  1.87061165  1.89441915  1.91993273
6    1.37188189  1.88666263  1.71501714  1.95371976  1.28556027  1.84086018  0.00000000  1.81289975  1.94279462  1.70017757  1.92842375  1.85787427  1.37643223  1.61630471  1.86691945
7    1.37286532  1.87816546  1.71803012  1.97184610  1.28803284  1.80716121  1.81289975  0.00000000  1.92770368  1.69730200  1.92477684  1.93359982  1.88826249  1.91085125  1.93878866
8    1.35166979  1.83943548  1.70816326  1.98520718  1.10880810  1.73276916  1.94279462  1.92770368  0.00000000  1.67708539  1.89501746  1.97500171  1.96473839  1.96985196  1.97747148
9    1.04665773  1.64325003  1.11197937  1.70230534  1.01814476  1.57597293  1.70017757  1.69730200  1.67708539  0.00000000  1.64315647  1.70179335  1.71902839  1.71044125  1.68713394
10    1.03678099  1.64378115  1.65177211  1.94896634  1.21575793  1.81641805  1.92842375  1.92477684  1.89501746  1.64315647  0.00000000  1.94402330  1.59386029  1.76832464  1.94514530
11    1.36767531  1.92300903  1.70212921  1.65124441  1.27498391  1.91839509  1.85787427  1.93359982  1.97500171  1.70179335  1.94402330  0.00000000  1.92462861  1.37923248  0.82324901
13    1.29768954  1.84332613  1.73178548  1.99005891  1.30013459  1.87061165  1.37643223  1.88826249  1.96473839  1.71902839  1.59386029  1.92462861  0.00000000  1.37537386  1.93102277
14    1.33255908  1.88302714  1.71700962  1.82124881  1.28760358  1.89441915  1.61630471  1.91085125  1.96985196  1.71044125  1.76832464  1.37923248  1.37537386  0.00000000  1.41376836
15    1.36710560  1.92590308  1.63535420  1.67034821  1.27833349  1.91993273  1.86691945  1.93878866  1.97747148  1.68713394  1.94514530  0.82324901  1.93102277  1.41376836  0.00000000

--------------------------------------------------------------------------------
n=14
(result of R-step: (2,11:15)0.05303553)
V=[0, 1, 2, 3, 4, 5, 6, 7, 8, 9, 10, 11, 13, 14]
total successes of this branch: 5
Matrix on 14 elements:

0    0.00000000  1.27035386  0.97869617  1.36634237  0.66454057  1.28140809  1.37188189  1.37286532  1.35166979  1.04665773  1.03678099  0.98943831  1.29768954  1.33255908
1    1.27035386  0.00000000  1.59934022  1.93452612  1.16841942  1.75210236  1.88666263  1.87816546  1.83943548  1.64325003  1.64378115  1.54477203  1.84332613  1.88302714
2    0.97869617  1.59934022  0.00000000  1.63321513  0.95990414  1.56915085  1.65018686  1.65319984  1.64333298  1.04714909  1.58694183  1.25906193  1.66695520  1.65217934
3    1.36634237  1.93452612  1.63321513  0.00000000  1.27163258  1.94296361  1.95371976  1.97184610  1.98520718  1.70230534  1.94896634  1.27300740  1.99005891  1.82124881
4    0.66454057  1.16841942  0.95990414  1.27163258  0.00000000  1.20201127  1.28556027  1.28803284  1.10880810  1.01814476  1.21575793  0.89674691  1.30013459  1.28760358
5    1.28140809  1.75210236  1.56915085  1.94296361  1.20201127  0.00000000  1.84086018  1.80716121  1.73276916  1.57597293  1.81641805  1.54015809  1.87061165  1.89441915
6    1.37188189  1.88666263  1.65018686  1.95371976  1.28556027  1.84086018  0.00000000  1.81289975  1.94279462  1.70017757  1.92842375  1.47963727  1.37643223  1.61630471
7    1.37286532  1.87816546  1.65319984  1.97184610  1.28803284  1.80716121  1.81289975  0.00000000  1.92770368  1.69730200  1.92477684  1.55536282  1.88826249  1.91085125
8    1.35166979  1.83943548  1.64333298  1.98520718  1.10880810  1.73276916  1.94279462  1.92770368  0.00000000  1.67708539  1.89501746  1.59676471  1.96473839  1.96985196
9    1.04665773  1.64325003  1.04714909  1.70230534  1.01814476  1.57597293  1.70017757  1.69730200  1.67708539  0.00000000  1.64315647  1.32355635  1.71902839  1.71044125
10    1.03678099  1.64378115  1.58694183  1.94896634  1.21575793  1.81641805  1.92842375  1.92477684  1.89501746  1.64315647  0.00000000  1.56578630  1.59386029  1.76832464
11    0.98943831  1.54477203  1.25906193  1.27300740  0.89674691  1.54015809  1.47963727  1.55536282  1.59676471  1.32355635  1.56578630  0.00000000  1.54639161  1.00099548
13    1.29768954  1.84332613  1.66695520  1.99005891  1.30013459  1.87061165  1.37643223  1.88826249  1.96473839  1.71902839  1.59386029  1.54639161  0.00000000  1.37537386
14    1.33255908  1.88302714  1.65217934  1.82124881  1.28760358  1.89441915  1.61630471  1.91085125  1.96985196  1.71044125  1.76832464  1.00099548  1.37537386  0.00000000

--------------------------------------------------------------------------------
n=13
(result of R-step: (2,5:9)0.83960134)
V=[0, 1, 2, 3, 4, 5, 6, 7, 8, 10, 11, 13, 14]
total successes of this branch: 5
Matrix on 13 elements:

0    0.00000000  1.27035386  0.51654086  1.36634237  0.66454057  0.53606269  1.37188189  1.37286532  1.35166979  1.03678099  0.98943831  1.29768954  1.33255908
1    1.27035386  0.00000000  1.13718491  1.93452612  1.16841942  1.00675696  1.88666263  1.87816546  1.83943548  1.64378115  1.54477203  1.84332613  1.88302714
2    0.51654086  1.13718491  0.00000000  1.17105982  0.49774883  0.36165014  1.18803156  1.19104453  1.18117768  1.12478652  0.79690663  1.20479990  1.19002403
3    1.36634237  1.93452612  1.17105982  0.00000000  1.27163258  1.19761821  1.95371976  1.97184610  1.98520718  1.94896634  1.27300740  1.99005891  1.82124881
4    0.66454057  1.16841942  0.49774883  1.27163258  0.00000000  0.45666587  1.28556027  1.28803284  1.10880810  1.21575793  0.89674691  1.30013459  1.28760358
5    0.53606269  1.00675696  0.36165014  1.19761821  0.45666587  0.00000000  1.09551478  1.06181581  0.98742376  1.07107265  0.79481269  1.12526625  1.14907375
6    1.37188189  1.88666263  1.18803156  1.95371976  1.28556027  1.09551478  0.00000000  1.81289975  1.94279462  1.92842375  1.47963727  1.37643223  1.61630471
7    1.37286532  1.87816546  1.19104453  1.97184610  1.28803284  1.06181581  1.81289975  0.00000000  1.92770368  1.92477684  1.55536282  1.88826249  1.91085125
8    1.35166979  1.83943548  1.18117768  1.98520718  1.10880810  0.98742376  1.94279462  1.92770368  0.00000000  1.89501746  1.59676471  1.96473839  1.96985196
10    1.03678099  1.64378115  1.12478652  1.94896634  1.21575793  1.07107265  1.92842375  1.92477684  1.89501746  0.00000000  1.56578630  1.59386029  1.76832464
11    0.98943831  1.54477203  0.79690663  1.27300740  0.89674691  0.79481269  1.47963727  1.55536282  1.59676471  1.56578630  0.00000000  1.54639161  1.00099548
13    1.29768954  1.84332613  1.20479990  1.99005891  1.30013459  1.12526625  1.37643223  1.88826249  1.96473839  1.59386029  1.54639161  0.00000000  1.37537386
14    1.33255908  1.88302714  1.19002403  1.82124881  1.28760358  1.14907375  1.61630471  1.91085125  1.96985196  1.76832464  1.00099548  1.37537386  0.00000000

--------------------------------------------------------------------------------
n=12
(result of R-step: (4,5:8)0.51443843)
V=[0, 1, 2, 3, 4, 5, 6, 7, 10, 11, 13, 14]
total successes of this branch: 5
Matrix on 12 elements:

0    0.00000000  1.27035386  0.51654086  1.36634237  0.53084570  0.53298981  1.37188189  1.37286532  1.03678099  0.98943831  1.29768954  1.33255908
1    1.27035386  0.00000000  1.13718491  1.93452612  1.03472455  1.00368408  1.88666263  1.87816546  1.64378115  1.54477203  1.84332613  1.88302714
2    0.51654086  1.13718491  0.00000000  1.17105982  0.36405396  0.35857726  1.18803156  1.19104453  1.12478652  0.79690663  1.20479990  1.19002403
3    1.36634237  1.93452612  1.17105982  0.00000000  1.13793770  1.19454533  1.95371976  1.97184610  1.94896634  1.27300740  1.99005891  1.82124881
4    0.53084570  1.03472455  0.36405396  1.13793770  0.00000000  0.31989811  1.15186540  1.15433797  1.08206306  0.76305204  1.16643972  1.15390871
5    0.53298981  1.00368408  0.35857726  1.19454533  0.31989811  0.00000000  1.09244190  1.05874293  1.06799977  0.79173981  1.12219337  1.14600087
6    1.37188189  1.88666263  1.18803156  1.95371976  1.15186540  1.09244190  0.00000000  1.81289975  1.92842375  1.47963727  1.37643223  1.61630471
7    1.37286532  1.87816546  1.19104453  1.97184610  1.15433797  1.05874293  1.81289975  0.00000000  1.92477684  1.55536282  1.88826249  1.91085125
10    1.03678099  1.64378115  1.12478652  1.94896634  1.08206306  1.06799977  1.92842375  1.92477684  0.00000000  1.56578630  1.59386029  1.76832464
11    0.98943831  1.54477203  0.79690663  1.27300740  0.76305204  0.79173981  1.47963727  1.55536282  1.56578630  0.00000000  1.54639161  1.00099548
13    1.29768954  1.84332613  1.20479990  1.99005891  1.16643972  1.12219337  1.37643223  1.88826249  1.59386029  1.54639161  0.00000000  1.37537386
14    1.33255908  1.88302714  1.19002403  1.82124881  1.15390871  1.14600087  1.61630471  1.91085125  1.76832464  1.00099548  1.37537386  0.00000000

--------------------------------------------------------------------------------
n=11
(result of R-step: (11,13:14)0.49823751)
V=[0, 1, 2, 3, 4, 5, 6, 7, 10, 11, 13]
total successes of this branch: 5
Matrix on 11 elements:

0    0.00000000  1.27035386  0.51654086  1.36634237  0.53084570  0.53298981  1.37188189  1.37286532  1.03678099  0.95268645  0.88270068
1    1.27035386  0.00000000  1.13718491  1.93452612  1.03472455  1.00368408  1.88666263  1.87816546  1.64378115  1.50802016  1.42833726
2    0.51654086  1.13718491  0.00000000  1.17105982  0.36405396  0.35857726  1.18803156  1.19104453  1.12478652  0.76015476  0.78981103
3    1.36634237  1.93452612  1.17105982  0.00000000  1.13793770  1.19454533  1.95371976  1.97184610  1.94896634  1.23625554  1.57507004
4    0.53084570  1.03472455  0.36405396  1.13793770  0.00000000  0.31989811  1.15186540  1.15433797  1.08206306  0.72630017  0.75145085
5    0.53298981  1.00368408  0.35857726  1.19454533  0.31989811  0.00000000  1.09244190  1.05874293  1.06799977  0.75498794  0.70720450
6    1.37188189  1.88666263  1.18803156  1.95371976  1.15186540  1.09244190  0.00000000  1.81289975  1.92842375  1.44288540  0.96144336
7    1.37286532  1.87816546  1.19104453  1.97184610  1.15433797  1.05874293  1.81289975  0.00000000  1.92477684  1.51861095  1.47327362
10    1.03678099  1.64378115  1.12478652  1.94896634  1.08206306  1.06799977  1.92842375  1.92477684  0.00000000  1.52903444  1.17887143
11    0.95268645  1.50802016  0.76015476  1.23625554  0.72630017  0.75498794  1.44288540  1.51861095  1.52903444  0.00000000  1.09465088
13    0.88270068  1.42833726  0.78981103  1.57507004  0.75145085  0.70720450  0.96144336  1.47327362  1.17887143  1.09465088  0.00000000

--------------------------------------------------------------------------------
n=10
(result of R-step: (6,10:13)0.66540839)
V=[0, 1, 2, 3, 4, 5, 6, 7, 10, 11]
total successes of this branch: 5
Matrix on 10 elements:

0    0.00000000  1.27035386  0.51654086  1.36634237  0.53084570  0.53298981  0.85094750  1.37286532  0.62920749  0.95268645
1    1.27035386  0.00000000  1.13718491  1.93452612  1.03472455  1.00368408  1.36572824  1.87816546  1.23620764  1.50802016
2    0.51654086  1.13718491  0.00000000  1.17105982  0.36405396  0.35857726  0.66709717  1.19104453  0.71721301  0.76015476
3    1.36634237  1.93452612  1.17105982  0.00000000  1.13793770  1.19454533  1.43278537  1.97184610  1.54139284  1.23625554
4    0.53084570  1.03472455  0.36405396  1.13793770  0.00000000  0.31989811  0.63093101  1.15433797  0.67448955  0.72630017
5    0.53298981  1.00368408  0.35857726  1.19454533  0.31989811  0.00000000  0.57150751  1.05874293  0.66042627  0.75498794
6    0.85094750  1.36572824  0.66709717  1.43278537  0.63093101  0.57150751  0.00000000  1.29196536  0.99991586  0.92195101
7    1.37286532  1.87816546  1.19104453  1.97184610  1.15433797  1.05874293  1.29196536  0.00000000  1.51720334  1.51861095
10    0.62920749  1.23620764  0.71721301  1.54139284  0.67448955  0.66042627  0.99991586  1.51720334  0.00000000  1.12146093
11    0.95268645  1.50802016  0.76015476  1.23625554  0.72630017  0.75498794  0.92195101  1.51861095  1.12146093  0.00000000

--------------------------------------------------------------------------------
n=9
(result of R-step: (0,1:10)0.51159852)
V=[0, 1, 2, 3, 4, 5, 6, 7, 11]
total successes of this branch: 5
Matrix on 9 elements:

0    0.00000000  0.45655502  0.40784616  1.25764767  0.42215099  0.42429510  0.74225280  1.26417061  0.84399174
1    0.45655502  0.00000000  0.43208077  1.22942199  0.32962041  0.29857994  0.66062411  1.17306133  0.80291602
2    0.40784616  0.43208077  0.00000000  1.17105982  0.36405396  0.35857726  0.66709717  1.19104453  0.76015476
3    1.25764767  1.22942199  1.17105982  0.00000000  1.13793770  1.19454533  1.43278537  1.97184610  1.23625554
4    0.42215099  0.32962041  0.36405396  1.13793770  0.00000000  0.31989811  0.63093101  1.15433797  0.72630017
5    0.42429510  0.29857994  0.35857726  1.19454533  0.31989811  0.00000000  0.57150751  1.05874293  0.75498794
6    0.74225280  0.66062411  0.66709717  1.43278537  0.63093101  0.57150751  0.00000000  1.29196536  0.92195101
7    1.26417061  1.17306133  1.19104453  1.97184610  1.15433797  1.05874293  1.29196536  0.00000000  1.51861095
11    0.84399174  0.80291602  0.76015476  1.23625554  0.72630017  0.75498794  0.92195101  1.51861095  0.00000000

--------------------------------------------------------------------------------
n=8
(result of R-step: (3,6:11)0.75937616)
V=[0, 1, 2, 3, 4, 5, 6, 7]
total successes of this branch: 5
Matrix on 8 elements:

0    0.00000000  0.45655502  0.40784616  0.47994821  0.42215099  0.42429510  0.48548773  1.26417061
1    0.45655502  0.00000000  0.43208077  0.45172253  0.32962041  0.29857994  0.40385904  1.17306133
2    0.40784616  0.43208077  0.00000000  0.39336037  0.36405396  0.35857726  0.41033210  1.19104453
3    0.47994821  0.45172253  0.39336037  0.00000000  0.36023825  0.41684587  0.39832085  1.19414664
4    0.42215099  0.32962041  0.36405396  0.36023825  0.00000000  0.31989811  0.37416594  1.15433797
5    0.42429510  0.29857994  0.35857726  0.41684587  0.31989811  0.00000000  0.31474244  1.05874293
6    0.48548773  0.40385904  0.41033210  0.39832085  0.37416594  0.31474244  0.00000000  1.03520029
7    1.26417061  1.17306133  1.19104453  1.19414664  1.15433797  1.05874293  1.03520029  0.00000000

--------------------------------------------------------------------------------
n=7
(result of R-step: (5,6:7)0.21504541)
V=[0, 1, 2, 3, 4, 5, 6]
total successes of this branch: 5
Matrix on 7 elements:

0    0.00000000  0.45655502  0.40784616  0.47994821  0.42215099  0.37815991  0.37358680
1    0.45655502  0.00000000  0.43208077  0.45172253  0.32962041  0.25244474  0.29195810
2    0.40784616  0.43208077  0.00000000  0.39336037  0.36405396  0.31244206  0.29843117
3    0.47994821  0.45172253  0.39336037  0.00000000  0.36023825  0.37071067  0.28641992
4    0.42215099  0.32962041  0.36405396  0.36023825  0.00000000  0.27376291  0.26226501
5    0.37815991  0.25244474  0.31244206  0.37071067  0.27376291  0.00000000  0.15670631
6    0.37358680  0.29195810  0.29843117  0.28641992  0.26226501  0.15670631  0.00000000

--------------------------------------------------------------------------------
n=6
(result of R-step: (3,5:6)0.45221773)
V=[0, 1, 2, 3, 4, 5]
total successes of this branch: 5
Matrix on 6 elements:

0    0.00000000  0.45655502  0.40784616  0.33183950  0.42215099  0.34195213
1    0.45655502  0.00000000  0.43208077  0.30361382  0.32962041  0.21623696
2    0.40784616  0.43208077  0.00000000  0.24525166  0.36405396  0.27623428
3    0.33183950  0.30361382  0.24525166  0.00000000  0.21212954  0.18639418
4    0.42215099  0.32962041  0.36405396  0.21212954  0.00000000  0.23755514
5    0.34195213  0.21623696  0.27623428  0.18639418  0.23755514  0.00000000

--------------------------------------------------------------------------------
n=5
(result of R-step: (1,2:5)0.72892754)
V=[0, 1, 2, 3, 4]
total successes of this branch: 5
Matrix on 5 elements:

0    0.00000000  0.31901664  0.29223507  0.33183950  0.42215099
1    0.31901664  0.00000000  0.17893130  0.16607544  0.19208203
2    0.29223507  0.17893130  0.00000000  0.12964056  0.24844286
3    0.33183950  0.16607544  0.12964056  0.00000000  0.21212954
4    0.42215099  0.19208203  0.24844286  0.21212954  0.00000000

--------------------------------------------------------------------------------
n=4
(result of R-step: (0,1:3)0.59382630)
V=[0, 1, 2, 4]
total successes of this branch: 0
reason of abort: negative delta/dxy

--------------------------------------------------------------------------------
n=4
(result of R-step: (0,3:2)0.41095586)
V=[0, 1, 3, 4]
total successes of this branch: 1
Matrix on 4 elements:

0    0.00000000  0.14045346  0.11655123  0.24358781
1    0.14045346  0.00000000  0.12935035  0.19208203
3    0.11655123  0.12935035  0.00000000  0.17540445
4    0.24358781  0.19208203  0.17540445  0.00000000

--------------------------------------------------------------------------------
n=4
(result of R-step: (0,4:1)0.30898519)
V=[0, 2, 3, 4]
total successes of this branch: 1
Matrix on 4 elements:

0    0.00000000  0.11367188  0.15327632  0.13889661
2    0.11367188  0.00000000  0.12964056  0.14375167
3    0.15327632  0.12964056  0.00000000  0.10743834
4    0.13889661  0.14375167  0.10743834  0.00000000

--------------------------------------------------------------------------------
n=4
(result of R-step: (1,2:0)0.30702726)
V=[1, 2, 3, 4]
total successes of this branch: 1
Matrix on 4 elements:

1    0.00000000  0.13900487  0.15954559  0.18555218
2    0.13900487  0.00000000  0.09624398  0.21504628
3    0.15954559  0.09624398  0.00000000  0.21212954
4    0.18555218  0.21504628  0.21212954  0.00000000

--------------------------------------------------------------------------------
n=4
