n=20
V=[0, 1, 2, 3, 4, 5, 6, 7, 8, 9, 10, 11, 12, 13, 14, 15, 16, 17, 18, 19]
total successes of this branch: 1
Matrix on 20 elements:

0    0.00000000  1.88757155  1.74643822  1.84105947  1.78409899  1.85193610  1.85528405  1.84633045  1.82650268  1.85347702  1.76332462  1.85233724  1.84443600  1.80471376  1.84771842  1.81314732  1.83280252  1.86607624  1.82723598  1.81866853
1    1.88757155  0.00000000  1.87207021  1.68624215  1.73248735  1.64667030  1.63269152  1.66706504  1.69806055  1.63474858  1.83536982  1.64499543  1.67395751  1.53292740  1.55422214  1.54956497  1.59742689  0.83605852  1.69064237  1.56338699
2    1.74643822  1.87207021  0.00000000  1.78072445  1.77284893  1.80208523  1.80866031  1.79107620  1.77871178  1.80511146  1.45411318  1.80287302  1.78735566  1.59334304  1.79380206  1.62925129  1.71632904  1.83920947  1.78322029  1.65385255
3    1.84105947  1.68624215  1.78072445  0.00000000  1.65004138  1.55659169  1.56877236  1.52028879  1.46845036  1.56219794  1.71486271  1.55805112  1.32565201  1.70532862  0.89611639  1.68255527  1.62011181  1.60958277  1.41812433  1.66462556
4    1.78409899  1.73248735  1.77284893  1.65004138  0.00000000  1.66932099  1.67525547  1.65938457  1.58770288  1.67205238  1.73379977  1.67003203  1.65602652  1.73336258  1.66184485  1.72367211  1.69676961  1.68152543  1.22970916  1.71593575
5    1.85193610  1.64667030  1.80208523  1.55659169  1.66932099  0.00000000  1.51185952  1.52245618  1.58540073  1.38288926  1.75638429  1.31566797  1.53472488  1.71983636  1.56948790  1.68515227  1.49984216  1.62510435  1.57309363  1.45034204
6    1.85528405  1.63269152  1.80866031  1.56877236  1.67525547  1.51185952  0.00000000  1.54119154  1.59598512  1.51708444  1.76380498  1.48515290  1.55110441  1.72012846  1.57792341  1.53185165  1.50843049  1.61977143  1.58649563  1.52900596
7    1.84633045  1.66706504  1.79107620  1.52028879  1.65938457  1.52245618  1.54119154  0.00000000  1.55583603  1.52870924  1.74146169  1.52470096  1.17338273  1.71667867  1.54130217  1.68741286  1.60580679  1.62791413  1.31192523  1.66393285
8    1.82650268  1.69806055  1.77871178  1.46845036  1.58770288  1.58540073  1.59598512  1.55583603  0.00000000  1.59027228  1.69195222  1.58666890  1.52442861  1.69398702  1.50132275  1.67764334  1.63201628  1.22984392  1.54246594  1.66451349
9    1.85347702  1.63474858  1.80511146  1.56219794  1.67205238  1.38288926  1.51708444  1.52870924  1.59027228  0.00000000  1.75979972  1.39896791  1.54074547  1.71814268  1.57258473  1.68461240  1.54135106  1.61909360  1.57817658  1.64166499
10    1.76332462  1.83536982  1.45411318  1.71486271  1.73379977  1.75638429  1.76380498  1.74146169  1.69195222  1.75979972  0.00000000  1.75727340  1.73190170  1.22990401  1.73211524  1.31894214  1.53878157  1.78488902  1.73244278  1.38120786
11    1.85233724  1.64499543  1.80287302  1.55805112  1.67003203  1.31566797  1.48515290  1.52470096  1.58666890  1.39896791  1.75727340  0.00000000  1.53668740  1.71987136  1.57049860  1.68072760  1.05872276  1.62446539  1.57469939  1.62876484
12    1.84443600  1.67395751  1.78735566  1.32565201  1.65602652  1.53472488  1.55110441  1.17338273  1.52442861  1.54074547  1.73190170  1.53668740  0.00000000  1.71259933  1.37551755  1.68566699  1.61094818  1.62132562  0.58683879  1.66418181
13    1.80471376  1.53292740  1.59334304  1.70532862  1.73336258  1.71983636  1.72012846  1.71667867  1.69398702  1.71814268  1.22990401  1.71987136  1.71259933  0.00000000  1.68064661  0.77943764  1.25110012  1.58961793  1.71851822  0.91329444
14    1.84771842  1.55422214  1.79380206  0.89611639  1.66184485  1.56948790  1.57792341  1.54130217  1.50132275  1.57258473  1.73211524  1.57049860  1.37551755  1.68064661  0.00000000  1.66351557  1.61686410  1.53560236  1.45713967  1.65013162
15    1.81314732  1.54956497  1.62925129  1.68255527  1.72367211  1.68515227  1.53185165  1.68741286  1.67764334  1.68461240  1.31894214  1.68072760  1.68566699  0.77943764  1.66351557  0.00000000  1.06253558  1.59464660  1.69650095  0.27032466
16    1.83280252  1.59742689  1.71632904  1.62011181  1.69676961  1.49984216  1.50843049  1.60580679  1.63201628  1.54135106  1.53878157  1.05872276  1.61094818  1.25110012  1.61686410  1.06253558  0.00000000  1.60960183  1.63541294  1.12478201
17    1.86607624  0.83605852  1.83920947  1.60958277  1.68152543  1.62510435  1.61977143  1.62791413  1.22984392  1.61909360  1.78488902  1.62446539  1.62132562  1.58961793  1.53560236  1.59464660  1.60960183  0.00000000  1.63848653  1.59898197
18    1.82723598  1.69064237  1.78322029  1.41812433  1.22970916  1.57309363  1.58649563  1.31192523  1.54246594  1.57817658  1.73244278  1.57469939  0.58683879  1.71851822  1.45713967  1.69650095  1.63541294  1.63848653  0.00000000  1.67893509
19    1.81866853  1.56338699  1.65385255  1.66462556  1.71593575  1.45034204  1.52900596  1.66393285  1.66451349  1.64166499  1.38120786  1.62876484  1.66418181  0.91329444  1.65013162  0.27032466  1.12478201  1.59898197  1.67893509  0.00000000

--------------------------------------------------------------------------------
n=19
(result of R-step: (1,8:17)0.64801529)
V=[0, 1, 2, 3, 4, 5, 6, 7, 8, 9, 10, 11, 12, 13, 14, 15, 16, 18, 19]
total successes of this branch: 1
Matrix on 19 elements:

0    0.00000000  1.70365061  1.74643822  1.84105947  1.78409899  1.85193610  1.85528405  1.84633045  1.64258174  1.85347702  1.76332462  1.85233724  1.84443600  1.80471376  1.84771842  1.81314732  1.83280252  1.82723598  1.81866853
1    1.70365061  0.00000000  1.68814926  1.50232120  1.54856641  1.46274936  1.44877058  1.48314409  1.33021866  1.45082764  1.65144888  1.46107449  1.49003657  1.34900646  1.37030119  1.36564402  1.41350595  1.50672142  1.37946604
2    1.74643822  1.68814926  0.00000000  1.78072445  1.77284893  1.80208523  1.80866031  1.79107620  1.59479084  1.80511146  1.45411318  1.80287302  1.78735566  1.59334304  1.79380206  1.62925129  1.71632904  1.78322029  1.65385255
3    1.84105947  1.50232120  1.78072445  0.00000000  1.65004138  1.55659169  1.56877236  1.52028879  1.28452941  1.56219794  1.71486271  1.55805112  1.32565201  1.70532862  0.89611639  1.68255527  1.62011181  1.41812433  1.66462556
4    1.78409899  1.54856641  1.77284893  1.65004138  0.00000000  1.66932099  1.67525547  1.65938457  1.40378194  1.67205238  1.73379977  1.67003203  1.65602652  1.73336258  1.66184485  1.72367211  1.69676961  1.22970916  1.71593575
5    1.85193610  1.46274936  1.80208523  1.55659169  1.66932099  0.00000000  1.51185952  1.52245618  1.40147979  1.38288926  1.75638429  1.31566797  1.53472488  1.71983636  1.56948790  1.68515227  1.49984216  1.57309363  1.45034204
6    1.85528405  1.44877058  1.80866031  1.56877236  1.67525547  1.51185952  0.00000000  1.54119154  1.41206418  1.51708444  1.76380498  1.48515290  1.55110441  1.72012846  1.57792341  1.53185165  1.50843049  1.58649563  1.52900596
7    1.84633045  1.48314409  1.79107620  1.52028879  1.65938457  1.52245618  1.54119154  0.00000000  1.37191509  1.52870924  1.74146169  1.52470096  1.17338273  1.71667867  1.54130217  1.68741286  1.60580679  1.31192523  1.66393285
8    1.64258174  1.33021866  1.59479084  1.28452941  1.40378194  1.40147979  1.41206418  1.37191509  0.00000000  1.40635133  1.50803127  1.40274796  1.34050766  1.51006608  1.31740181  1.49372240  1.44809534  1.35854499  1.48059254
9    1.85347702  1.45082764  1.80511146  1.56219794  1.67205238  1.38288926  1.51708444  1.52870924  1.40635133  0.00000000  1.75979972  1.39896791  1.54074547  1.71814268  1.57258473  1.68461240  1.54135106  1.57817658  1.64166499
10    1.76332462  1.65144888  1.45411318  1.71486271  1.73379977  1.75638429  1.76380498  1.74146169  1.50803127  1.75979972  0.00000000  1.75727340  1.73190170  1.22990401  1.73211524  1.31894214  1.53878157  1.73244278  1.38120786
11    1.85233724  1.46107449  1.80287302  1.55805112  1.67003203  1.31566797  1.48515290  1.52470096  1.40274796  1.39896791  1.75727340  0.00000000  1.53668740  1.71987136  1.57049860  1.68072760  1.05872276  1.57469939  1.62876484
12    1.84443600  1.49003657  1.78735566  1.32565201  1.65602652  1.53472488  1.55110441  1.17338273  1.34050766  1.54074547  1.73190170  1.53668740  0.00000000  1.71259933  1.37551755  1.68566699  1.61094818  0.58683879  1.66418181
13    1.80471376  1.34900646  1.59334304  1.70532862  1.73336258  1.71983636  1.72012846  1.71667867  1.51006608  1.71814268  1.22990401  1.71987136  1.71259933  0.00000000  1.68064661  0.77943764  1.25110012  1.71851822  0.91329444
14    1.84771842  1.37030119  1.79380206  0.89611639  1.66184485  1.56948790  1.57792341  1.54130217  1.31740181  1.57258473  1.73211524  1.57049860  1.37551755  1.68064661  0.00000000  1.66351557  1.61686410  1.45713967  1.65013162
15    1.81314732  1.36564402  1.62925129  1.68255527  1.72367211  1.68515227  1.53185165  1.68741286  1.49372240  1.68461240  1.31894214  1.68072760  1.68566699  0.77943764  1.66351557  0.00000000  1.06253558  1.69650095  0.27032466
16    1.83280252  1.41350595  1.71632904  1.62011181  1.69676961  1.49984216  1.50843049  1.60580679  1.44809534  1.54135106  1.53878157  1.05872276  1.61094818  1.25110012  1.61686410  1.06253558  0.00000000  1.63541294  1.12478201
18    1.82723598  1.50672142  1.78322029  1.41812433  1.22970916  1.57309363  1.58649563  1.31192523  1.35854499  1.57817658  1.73244278  1.57469939  0.58683879  1.71851822  1.45713967  1.69650095  1.63541294  0.00000000  1.67893509
19    1.81866853  1.37946604  1.65385255  1.66462556  1.71593575  1.45034204  1.52900596  1.66393285  1.48059254  1.64166499  1.38120786  1.62876484  1.66418181  0.91329444  1.65013162  0.27032466  1.12478201  1.67893509  0.00000000

--------------------------------------------------------------------------------
n=18
(result of R-step: (1,3:14)0.14316610)
V=[0, 1, 2, 3, 4, 5, 6, 7, 8, 9, 10, 11, 12, 13, 15, 16, 18, 19]
total successes of this branch: 1
Matrix on 18 elements:

0    0.00000000  1.50552336  1.74643822  1.45901128  1.78409899  1.85193610  1.85528405  1.84633045  1.64258174  1.85347702  1.76332462  1.85233724  1.84443600  1.80471376  1.81314732  1.83280252  1.82723598  1.81866853
1    1.50552336  0.00000000  1.49002201  0.92214576  1.35043916  1.26462211  1.25064333  1.28501685  1.13209141  1.25270039  1.45332163  1.26294724  1.29190932  1.15087921  1.16751677  1.21537870  1.30859418  1.18133879
2    1.74643822  1.49002201  0.00000000  1.39867625  1.77284893  1.80208523  1.80866031  1.79107620  1.59479084  1.80511146  1.45411318  1.80287302  1.78735566  1.59334304  1.62925129  1.71632904  1.78322029  1.65385255
3    1.45901128  0.92214576  1.39867625  0.00000000  1.26799319  1.17454350  1.18672416  1.13824060  0.90248122  1.18014974  1.33281451  1.17600293  0.94360382  1.32328043  1.30050708  1.23806362  1.03607614  1.28257736
4    1.78409899  1.35043916  1.77284893  1.26799319  0.00000000  1.66932099  1.67525547  1.65938457  1.40378194  1.67205238  1.73379977  1.67003203  1.65602652  1.73336258  1.72367211  1.69676961  1.22970916  1.71593575
5    1.85193610  1.26462211  1.80208523  1.17454350  1.66932099  0.00000000  1.51185952  1.52245618  1.40147979  1.38288926  1.75638429  1.31566797  1.53472488  1.71983636  1.68515227  1.49984216  1.57309363  1.45034204
6    1.85528405  1.25064333  1.80866031  1.18672416  1.67525547  1.51185952  0.00000000  1.54119154  1.41206418  1.51708444  1.76380498  1.48515290  1.55110441  1.72012846  1.53185165  1.50843049  1.58649563  1.52900596
7    1.84633045  1.28501685  1.79107620  1.13824060  1.65938457  1.52245618  1.54119154  0.00000000  1.37191509  1.52870924  1.74146169  1.52470096  1.17338273  1.71667867  1.68741286  1.60580679  1.31192523  1.66393285
8    1.64258174  1.13209141  1.59479084  0.90248122  1.40378194  1.40147979  1.41206418  1.37191509  0.00000000  1.40635133  1.50803127  1.40274796  1.34050766  1.51006608  1.49372240  1.44809534  1.35854499  1.48059254
9    1.85347702  1.25270039  1.80511146  1.18014974  1.67205238  1.38288926  1.51708444  1.52870924  1.40635133  0.00000000  1.75979972  1.39896791  1.54074547  1.71814268  1.68461240  1.54135106  1.57817658  1.64166499
10    1.76332462  1.45332163  1.45411318  1.33281451  1.73379977  1.75638429  1.76380498  1.74146169  1.50803127  1.75979972  0.00000000  1.75727340  1.73190170  1.22990401  1.31894214  1.53878157  1.73244278  1.38120786
11    1.85233724  1.26294724  1.80287302  1.17600293  1.67003203  1.31566797  1.48515290  1.52470096  1.40274796  1.39896791  1.75727340  0.00000000  1.53668740  1.71987136  1.68072760  1.05872276  1.57469939  1.62876484
12    1.84443600  1.29190932  1.78735566  0.94360382  1.65602652  1.53472488  1.55110441  1.17338273  1.34050766  1.54074547  1.73190170  1.53668740  0.00000000  1.71259933  1.68566699  1.61094818  0.58683879  1.66418181
13    1.80471376  1.15087921  1.59334304  1.32328043  1.73336258  1.71983636  1.72012846  1.71667867  1.51006608  1.71814268  1.22990401  1.71987136  1.71259933  0.00000000  0.77943764  1.25110012  1.71851822  0.91329444
15    1.81314732  1.16751677  1.62925129  1.30050708  1.72367211  1.68515227  1.53185165  1.68741286  1.49372240  1.68461240  1.31894214  1.68072760  1.68566699  0.77943764  0.00000000  1.06253558  1.69650095  0.27032466
16    1.83280252  1.21537870  1.71632904  1.23806362  1.69676961  1.49984216  1.50843049  1.60580679  1.44809534  1.54135106  1.53878157  1.05872276  1.61094818  1.25110012  1.06253558  0.00000000  1.63541294  1.12478201
18    1.82723598  1.30859418  1.78322029  1.03607614  1.22970916  1.57309363  1.58649563  1.31192523  1.35854499  1.57817658  1.73244278  1.57469939  0.58683879  1.71851822  1.69650095  1.63541294  0.00000000  1.67893509
19    1.81866853  1.18133879  1.65385255  1.28257736  1.71593575  1.45034204  1.52900596  1.66393285  1.48059254  1.64166499  1.38120786  1.62876484  1.66418181  0.91329444  0.27032466  1.12478201  1.67893509  0.00000000

--------------------------------------------------------------------------------
n=17
(result of R-step: (4,12:18)0.28506580)
V=[0, 1, 2, 3, 4, 5, 6, 7, 8, 9, 10, 11, 12, 13, 15, 16, 19]
total successes of this branch: 1
Matrix on 17 elements:

0    0.00000000  1.50552336  1.74643822  1.45901128  1.70383827  1.85193610  1.85528405  1.84633045  1.64258174  1.85347702  1.76332462  1.85233724  1.76417528  1.80471376  1.81314732  1.83280252  1.81866853
1    1.50552336  0.00000000  1.49002201  0.92214576  1.27017845  1.26462211  1.25064333  1.28501685  1.13209141  1.25270039  1.45332163  1.26294724  1.21164861  1.15087921  1.16751677  1.21537870  1.18133879
2    1.74643822  1.49002201  0.00000000  1.39867625  1.69258821  1.80208523  1.80866031  1.79107620  1.59479084  1.80511146  1.45411318  1.80287302  1.70709495  1.59334304  1.62925129  1.71632904  1.65385255
3    1.45901128  0.92214576  1.39867625  0.00000000  1.18773247  1.17454350  1.18672416  1.13824060  0.90248122  1.18014974  1.33281451  1.17600293  0.86334311  1.32328043  1.30050708  1.23806362  1.28257736
4    1.70383827  1.27017845  1.69258821  1.18773247  0.00000000  1.58906027  1.59499475  1.57912385  1.32352122  1.59179166  1.65353905  1.58977131  1.49550509  1.65310186  1.64341140  1.61650890  1.63567503
5    1.85193610  1.26462211  1.80208523  1.17454350  1.58906027  0.00000000  1.51185952  1.52245618  1.40147979  1.38288926  1.75638429  1.31566797  1.45446417  1.71983636  1.68515227  1.49984216  1.45034204
6    1.85528405  1.25064333  1.80866031  1.18672416  1.59499475  1.51185952  0.00000000  1.54119154  1.41206418  1.51708444  1.76380498  1.48515290  1.47084369  1.72012846  1.53185165  1.50843049  1.52900596
7    1.84633045  1.28501685  1.79107620  1.13824060  1.57912385  1.52245618  1.54119154  0.00000000  1.37191509  1.52870924  1.74146169  1.52470096  1.09312201  1.71667867  1.68741286  1.60580679  1.66393285
8    1.64258174  1.13209141  1.59479084  0.90248122  1.32352122  1.40147979  1.41206418  1.37191509  0.00000000  1.40635133  1.50803127  1.40274796  1.26024695  1.51006608  1.49372240  1.44809534  1.48059254
9    1.85347702  1.25270039  1.80511146  1.18014974  1.59179166  1.38288926  1.51708444  1.52870924  1.40635133  0.00000000  1.75979972  1.39896791  1.46048475  1.71814268  1.68461240  1.54135106  1.64166499
10    1.76332462  1.45332163  1.45411318  1.33281451  1.65353905  1.75638429  1.76380498  1.74146169  1.50803127  1.75979972  0.00000000  1.75727340  1.65164099  1.22990401  1.31894214  1.53878157  1.38120786
11    1.85233724  1.26294724  1.80287302  1.17600293  1.58977131  1.31566797  1.48515290  1.52470096  1.40274796  1.39896791  1.75727340  0.00000000  1.45642668  1.71987136  1.68072760  1.05872276  1.62876484
12    1.76417528  1.21164861  1.70709495  0.86334311  1.49550509  1.45446417  1.47084369  1.09312201  1.26024695  1.46048475  1.65164099  1.45642668  0.00000000  1.63233862  1.60540627  1.53068747  1.58392110
13    1.80471376  1.15087921  1.59334304  1.32328043  1.65310186  1.71983636  1.72012846  1.71667867  1.51006608  1.71814268  1.22990401  1.71987136  1.63233862  0.00000000  0.77943764  1.25110012  0.91329444
15    1.81314732  1.16751677  1.62925129  1.30050708  1.64341140  1.68515227  1.53185165  1.68741286  1.49372240  1.68461240  1.31894214  1.68072760  1.60540627  0.77943764  0.00000000  1.06253558  0.27032466
16    1.83280252  1.21537870  1.71632904  1.23806362  1.61650890  1.49984216  1.50843049  1.60580679  1.44809534  1.54135106  1.53878157  1.05872276  1.53068747  1.25110012  1.06253558  0.00000000  1.12478201
19    1.81866853  1.18133879  1.65385255  1.28257736  1.63567503  1.45034204  1.52900596  1.66393285  1.48059254  1.64166499  1.38120786  1.62876484  1.58392110  0.91329444  0.27032466  1.12478201  0.00000000

--------------------------------------------------------------------------------
n=16
(result of R-step: (3,7:12)0.35941160)
V=[0, 1, 2, 3, 4, 5, 6, 7, 8, 9, 10, 11, 13, 15, 16, 19]
total successes of this branch: 1
Matrix on 16 elements:

0    0.00000000  1.50552336  1.74643822  1.35168649  1.70383827  1.85193610  1.85528405  1.35695747  1.64258174  1.85347702  1.76332462  1.85233724  1.80471376  1.81314732  1.83280252  1.81866853
1    1.50552336  0.00000000  1.49002201  0.81482098  1.27017845  1.26462211  1.25064333  0.79564387  1.13209141  1.25270039  1.45332163  1.26294724  1.15087921  1.16751677  1.21537870  1.18133879
2    1.74643822  1.49002201  0.00000000  1.29135147  1.69258821  1.80208523  1.80866031  1.30170322  1.59479084  1.80511146  1.45411318  1.80287302  1.59334304  1.62925129  1.71632904  1.65385255
3    1.35168649  0.81482098  1.29135147  0.00000000  1.08040769  1.06721872  1.07939938  0.54154284  0.79515644  1.07282496  1.22548973  1.06867815  1.21595565  1.19318229  1.13073884  1.17525258
4    1.70383827  1.27017845  1.69258821  1.08040769  0.00000000  1.58906027  1.59499475  1.08975088  1.32352122  1.59179166  1.65353905  1.58977131  1.65310186  1.64341140  1.61650890  1.63567503
5    1.85193610  1.26462211  1.80208523  1.06721872  1.58906027  0.00000000  1.51185952  1.03308320  1.40147979  1.38288926  1.75638429  1.31566797  1.71983636  1.68515227  1.49984216  1.45034204
6    1.85528405  1.25064333  1.80866031  1.07939938  1.59499475  1.51185952  0.00000000  1.05181857  1.41206418  1.51708444  1.76380498  1.48515290  1.72012846  1.53185165  1.50843049  1.52900596
7    1.35695747  0.79564387  1.30170322  0.54154284  1.08975088  1.03308320  1.05181857  0.00000000  0.88254211  1.03933626  1.25208871  1.03532799  1.22730570  1.19803988  1.11643382  1.17455987
8    1.64258174  1.13209141  1.59479084  0.79515644  1.32352122  1.40147979  1.41206418  0.88254211  0.00000000  1.40635133  1.50803127  1.40274796  1.51006608  1.49372240  1.44809534  1.48059254
9    1.85347702  1.25270039  1.80511146  1.07282496  1.59179166  1.38288926  1.51708444  1.03933626  1.40635133  0.00000000  1.75979972  1.39896791  1.71814268  1.68461240  1.54135106  1.64166499
10    1.76332462  1.45332163  1.45411318  1.22548973  1.65353905  1.75638429  1.76380498  1.25208871  1.50803127  1.75979972  0.00000000  1.75727340  1.22990401  1.31894214  1.53878157  1.38120786
11    1.85233724  1.26294724  1.80287302  1.06867815  1.58977131  1.31566797  1.48515290  1.03532799  1.40274796  1.39896791  1.75727340  0.00000000  1.71987136  1.68072760  1.05872276  1.62876484
13    1.80471376  1.15087921  1.59334304  1.21595565  1.65310186  1.71983636  1.72012846  1.22730570  1.51006608  1.71814268  1.22990401  1.71987136  0.00000000  0.77943764  1.25110012  0.91329444
15    1.81314732  1.16751677  1.62925129  1.19318229  1.64341140  1.68515227  1.53185165  1.19803988  1.49372240  1.68461240  1.31894214  1.68072760  0.77943764  0.00000000  1.06253558  0.27032466
16    1.83280252  1.21537870  1.71632904  1.13073884  1.61650890  1.49984216  1.50843049  1.11643382  1.44809534  1.54135106  1.53878157  1.05872276  1.25110012  1.06253558  0.00000000  1.12478201
19    1.81866853  1.18133879  1.65385255  1.17525258  1.63567503  1.45034204  1.52900596  1.17455987  1.48059254  1.64166499  1.38120786  1.62876484  0.91329444  0.27032466  1.12478201  0.00000000

--------------------------------------------------------------------------------
n=15
(result of R-step: (5,15:19)0.14234047)
V=[0, 1, 2, 3, 4, 5, 6, 7, 8, 9, 10, 11, 13, 15, 16]
total successes of this branch: 1
Matrix on 15 elements:

0    0.00000000  1.50552336  1.74643822  1.35168649  1.70383827  1.83417889  1.85528405  1.35695747  1.64258174  1.85347702  1.76332462  1.85233724  1.80471376  1.79539010  1.83280252
1    1.50552336  0.00000000  1.49002201  0.81482098  1.27017845  1.24686490  1.25064333  0.79564387  1.13209141  1.25270039  1.45332163  1.26294724  1.15087921  1.14975956  1.21537870
2    1.74643822  1.49002201  0.00000000  1.29135147  1.69258821  1.78432801  1.80866031  1.30170322  1.59479084  1.80511146  1.45411318  1.80287302  1.59334304  1.61149407  1.71632904
3    1.35168649  0.81482098  1.29135147  0.00000000  1.08040769  1.04946150  1.07939938  0.54154284  0.79515644  1.07282496  1.22548973  1.06867815  1.21595565  1.17542508  1.13073884
4    1.70383827  1.27017845  1.69258821  1.08040769  0.00000000  1.57130306  1.59499475  1.08975088  1.32352122  1.59179166  1.65353905  1.58977131  1.65310186  1.62565418  1.61650890
5    1.83417889  1.24686490  1.78432801  1.04946150  1.57130306  0.00000000  1.49410231  1.01532599  1.38372257  1.36513205  1.73862707  1.29791075  1.70207915  1.64963784  1.48208494
6    1.85528405  1.25064333  1.80866031  1.07939938  1.59499475  1.49410231  0.00000000  1.05181857  1.41206418  1.51708444  1.76380498  1.48515290  1.72012846  1.51409444  1.50843049
7    1.35695747  0.79564387  1.30170322  0.54154284  1.08975088  1.01532599  1.05181857  0.00000000  0.88254211  1.03933626  1.25208871  1.03532799  1.22730570  1.18028267  1.11643382
8    1.64258174  1.13209141  1.59479084  0.79515644  1.32352122  1.38372257  1.41206418  0.88254211  0.00000000  1.40635133  1.50803127  1.40274796  1.51006608  1.47596518  1.44809534
9    1.85347702  1.25270039  1.80511146  1.07282496  1.59179166  1.36513205  1.51708444  1.03933626  1.40635133  0.00000000  1.75979972  1.39896791  1.71814268  1.66685518  1.54135106
10    1.76332462  1.45332163  1.45411318  1.22548973  1.65353905  1.73862707  1.76380498  1.25208871  1.50803127  1.75979972  0.00000000  1.75727340  1.22990401  1.30118492  1.53878157
11    1.85233724  1.26294724  1.80287302  1.06867815  1.58977131  1.29791075  1.48515290  1.03532799  1.40274796  1.39896791  1.75727340  0.00000000  1.71987136  1.66297038  1.05872276
13    1.80471376  1.15087921  1.59334304  1.21595565  1.65310186  1.70207915  1.72012846  1.22730570  1.51006608  1.71814268  1.22990401  1.71987136  0.00000000  0.76168042  1.25110012
15    1.79539010  1.14975956  1.61149407  1.17542508  1.62565418  1.64963784  1.51409444  1.18028267  1.47596518  1.66685518  1.30118492  1.66297038  0.76168042  0.00000000  1.04477836
16    1.83280252  1.21537870  1.71632904  1.13073884  1.61650890  1.48208494  1.50843049  1.11643382  1.44809534  1.54135106  1.53878157  1.05872276  1.25110012  1.04477836  0.00000000

--------------------------------------------------------------------------------
n=14
(result of R-step: (11,15:16)0.50153718)
V=[0, 1, 2, 3, 4, 5, 6, 7, 8, 9, 10, 11, 13, 15]
total successes of this branch: 1
Matrix on 14 elements:

0    0.00000000  1.50552336  1.74643822  1.35168649  1.70383827  1.83417889  1.85528405  1.35695747  1.64258174  1.85347702  1.76332462  1.63207187  1.80471376  1.59288195
1    1.50552336  0.00000000  1.49002201  0.81482098  1.27017845  1.24686490  1.25064333  0.79564387  1.13209141  1.25270039  1.45332163  1.04268187  1.15087921  0.94725140
2    1.74643822  1.49002201  0.00000000  1.29135147  1.69258821  1.78432801  1.80866031  1.30170322  1.59479084  1.80511146  1.45411318  1.58260765  1.59334304  1.40898591
3    1.35168649  0.81482098  1.29135147  0.00000000  1.08040769  1.04946150  1.07939938  0.54154284  0.79515644  1.07282496  1.22548973  0.84841278  1.21595565  0.97291692
4    1.70383827  1.27017845  1.69258821  1.08040769  0.00000000  1.57130306  1.59499475  1.08975088  1.32352122  1.59179166  1.65353905  1.36950594  1.65310186  1.42314603
5    1.83417889  1.24686490  1.78432801  1.04946150  1.57130306  0.00000000  1.49410231  1.01532599  1.38372257  1.36513205  1.73862707  1.07764538  1.70207915  1.44712969
6    1.85528405  1.25064333  1.80866031  1.07939938  1.59499475  1.49410231  0.00000000  1.05181857  1.41206418  1.51708444  1.76380498  1.26488753  1.72012846  1.31158628
7    1.35695747  0.79564387  1.30170322  0.54154284  1.08975088  1.01532599  1.05181857  0.00000000  0.88254211  1.03933626  1.25208871  0.81506262  1.22730570  0.97777451
8    1.64258174  1.13209141  1.59479084  0.79515644  1.32352122  1.38372257  1.41206418  0.88254211  0.00000000  1.40635133  1.50803127  1.18248259  1.51006608  1.27345703
9    1.85347702  1.25270039  1.80511146  1.07282496  1.59179166  1.36513205  1.51708444  1.03933626  1.40635133  0.00000000  1.75979972  1.17870253  1.71814268  1.46434703
10    1.76332462  1.45332163  1.45411318  1.22548973  1.65353905  1.73862707  1.76380498  1.25208871  1.50803127  1.75979972  0.00000000  1.53700803  1.22990401  1.09867677
11    1.63207187  1.04268187  1.58260765  0.84841278  1.36950594  1.07764538  1.26488753  0.81506262  1.18248259  1.17870253  1.53700803  0.00000000  1.49960599  1.24019685
13    1.80471376  1.15087921  1.59334304  1.21595565  1.65310186  1.70207915  1.72012846  1.22730570  1.51006608  1.71814268  1.22990401  1.49960599  0.00000000  0.55917227
15    1.59288195  0.94725140  1.40898591  0.97291692  1.42314603  1.44712969  1.31158628  0.97777451  1.27345703  1.46434703  1.09867677  1.24019685  0.55917227  0.00000000

--------------------------------------------------------------------------------
n=13
(result of R-step: (6,13:15)0.16676901)
V=[0, 1, 2, 3, 4, 5, 6, 7, 8, 9, 10, 11, 13]
total successes of this branch: 1
Matrix on 13 elements:

0    0.00000000  1.50552336  1.74643822  1.35168649  1.70383827  1.83417889  1.55970364  1.35695747  1.64258174  1.85347702  1.76332462  1.63207187  1.50913335
1    1.50552336  0.00000000  1.49002201  0.81482098  1.27017845  1.24686490  0.95506292  0.79564387  1.13209141  1.25270039  1.45332163  1.04268187  0.85529880
2    1.74643822  1.49002201  0.00000000  1.29135147  1.69258821  1.78432801  1.51307990  1.30170322  1.59479084  1.80511146  1.45411318  1.58260765  1.29776262
3    1.35168649  0.81482098  1.29135147  0.00000000  1.08040769  1.04946150  0.78381896  0.54154284  0.79515644  1.07282496  1.22548973  0.84841278  0.92037523
4    1.70383827  1.27017845  1.69258821  1.08040769  0.00000000  1.57130306  1.29941434  1.08975088  1.32352122  1.59179166  1.65353905  1.36950594  1.35752145
5    1.83417889  1.24686490  1.78432801  1.04946150  1.57130306  0.00000000  1.19852189  1.01532599  1.38372257  1.36513205  1.73862707  1.07764538  1.40649873
6    1.55970364  0.95506292  1.51307990  0.78381896  1.29941434  1.19852189  0.00000000  0.75623815  1.11648376  1.22150403  1.46822457  0.96930712  1.12896763
7    1.35695747  0.79564387  1.30170322  0.54154284  1.08975088  1.01532599  0.75623815  0.00000000  0.88254211  1.03933626  1.25208871  0.81506262  0.93172528
8    1.64258174  1.13209141  1.59479084  0.79515644  1.32352122  1.38372257  1.11648376  0.88254211  0.00000000  1.40635133  1.50803127  1.18248259  1.21448566
9    1.85347702  1.25270039  1.80511146  1.07282496  1.59179166  1.36513205  1.22150403  1.03933626  1.40635133  0.00000000  1.75979972  1.17870253  1.42256227
10    1.76332462  1.45332163  1.45411318  1.22548973  1.65353905  1.73862707  1.46822457  1.25208871  1.50803127  1.75979972  0.00000000  1.53700803  0.93432359
11    1.63207187  1.04268187  1.58260765  0.84841278  1.36950594  1.07764538  0.96930712  0.81506262  1.18248259  1.17870253  1.53700803  0.00000000  1.20402558
13    1.50913335  0.85529880  1.29776262  0.92037523  1.35752145  1.40649873  1.12896763  0.93172528  1.21448566  1.42256227  0.93432359  1.20402558  0.00000000

--------------------------------------------------------------------------------
n=12
(result of R-step: (1,10:13)0.33312003)
V=[0, 1, 2, 3, 4, 5, 6, 7, 8, 9, 10, 11]
total successes of this branch: 1
Matrix on 12 elements:

0    0.00000000  1.42384076  1.74643822  1.35168649  1.70383827  1.83417889  1.55970364  1.35695747  1.64258174  1.85347702  1.29959383  1.63207187
1    1.42384076  0.00000000  1.40833941  0.73313838  1.18849585  1.16518230  0.87338032  0.71396127  1.05040881  1.17101779  0.90790824  0.96099927
2    1.74643822  1.40833941  0.00000000  1.29135147  1.69258821  1.78432801  1.51307990  1.30170322  1.59479084  1.80511146  0.99038239  1.58260765
3    1.35168649  0.73313838  1.29135147  0.00000000  1.08040769  1.04946150  0.78381896  0.54154284  0.79515644  1.07282496  0.76175894  0.84841278
4    1.70383827  1.18849585  1.69258821  1.08040769  0.00000000  1.57130306  1.29941434  1.08975088  1.32352122  1.59179166  1.18980826  1.36950594
5    1.83417889  1.16518230  1.78432801  1.04946150  1.57130306  0.00000000  1.19852189  1.01532599  1.38372257  1.36513205  1.27489628  1.07764538
6    1.55970364  0.87338032  1.51307990  0.78381896  1.29941434  1.19852189  0.00000000  0.75623815  1.11648376  1.22150403  1.00449377  0.96930712
7    1.35695747  0.71396127  1.30170322  0.54154284  1.08975088  1.01532599  0.75623815  0.00000000  0.88254211  1.03933626  0.78835792  0.81506262
8    1.64258174  1.05040881  1.59479084  0.79515644  1.32352122  1.38372257  1.11648376  0.88254211  0.00000000  1.40635133  1.04430048  1.18248259
9    1.85347702  1.17101779  1.80511146  1.07282496  1.59179166  1.36513205  1.22150403  1.03933626  1.40635133  0.00000000  1.29606893  1.17870253
10    1.29959383  0.90790824  0.99038239  0.76175894  1.18980826  1.27489628  1.00449377  0.78835792  1.04430048  1.29606893  0.00000000  1.07327724
11    1.63207187  0.96099927  1.58260765  0.84841278  1.36950594  1.07764538  0.96930712  0.81506262  1.18248259  1.17870253  1.07327724  0.00000000

--------------------------------------------------------------------------------
n=11
(result of R-step: (2,8:10)0.78908996)
V=[0, 1, 2, 3, 4, 5, 6, 7, 8, 9, 11]
total successes of this branch: 1
Matrix on 11 elements:

0    0.00000000  1.42384076  1.06276142  1.35168649  1.70383827  1.83417889  1.55970364  1.35695747  1.14282587  1.85347702  1.63207187
1    1.42384076  0.00000000  0.72466261  0.73313838  1.18849585  1.16518230  0.87338032  0.71396127  0.55065295  1.17101779  0.96099927
2    1.06276142  0.72466261  0.00000000  0.60767466  1.00891141  1.10065120  0.82940309  0.61802642  0.41135817  1.12143465  0.89893084
3    1.35168649  0.73313838  0.60767466  0.00000000  1.08040769  1.04946150  0.78381896  0.54154284  0.29540057  1.07282496  0.84841278
4    1.70383827  1.18849585  1.00891141  1.08040769  0.00000000  1.57130306  1.29941434  1.08975088  0.82376536  1.59179166  1.36950594
5    1.83417889  1.16518230  1.10065120  1.04946150  1.57130306  0.00000000  1.19852189  1.01532599  0.88396671  1.36513205  1.07764538
6    1.55970364  0.87338032  0.82940309  0.78381896  1.29941434  1.19852189  0.00000000  0.75623815  0.61672790  1.22150403  0.96930712
7    1.35695747  0.71396127  0.61802642  0.54154284  1.08975088  1.01532599  0.75623815  0.00000000  0.38278625  1.03933626  0.81506262
8    1.14282587  0.55065295  0.41135817  0.29540057  0.82376536  0.88396671  0.61672790  0.38278625  0.00000000  0.90659547  0.68272673
9    1.85347702  1.17101779  1.12143465  1.07282496  1.59179166  1.36513205  1.22150403  1.03933626  0.90659547  0.00000000  1.17870253
11    1.63207187  0.96099927  0.89893084  0.84841278  1.36950594  1.07764538  0.96930712  0.81506262  0.68272673  1.17870253  0.00000000

--------------------------------------------------------------------------------
n=10
(result of R-step: (3,4:8)0.74444054)
V=[0, 1, 2, 3, 4, 5, 6, 7, 9, 11]
total successes of this branch: 1
Matrix on 10 elements:

0    0.00000000  1.42384076  1.06276142  1.13800354  1.08104306  1.83417889  1.55970364  1.35695747  1.85347702  1.63207187
1    1.42384076  0.00000000  0.72466261  0.51945542  0.56570063  1.16518230  0.87338032  0.71396127  1.17101779  0.96099927
2    1.06276142  0.72466261  0.00000000  0.39399171  0.38611619  1.10065120  0.82940309  0.61802642  1.12143465  0.89893084
3    1.13800354  0.51945542  0.39399171  0.00000000  0.24392952  0.83577855  0.57013601  0.32785988  0.85914201  0.63472982
4    1.08104306  0.56570063  0.38611619  0.24392952  0.00000000  0.94850784  0.67661912  0.46695566  0.96899645  0.74671073
5    1.83417889  1.16518230  1.10065120  0.83577855  0.94850784  0.00000000  1.19852189  1.01532599  1.36513205  1.07764538
6    1.55970364  0.87338032  0.82940309  0.57013601  0.67661912  1.19852189  0.00000000  0.75623815  1.22150403  0.96930712
7    1.35695747  0.71396127  0.61802642  0.32785988  0.46695566  1.01532599  0.75623815  0.00000000  1.03933626  0.81506262
9    1.85347702  1.17101779  1.12143465  0.85914201  0.96899645  1.36513205  1.22150403  1.03933626  0.00000000  1.17870253
11    1.63207187  0.96099927  0.89893084  0.63472982  0.74671073  1.07764538  0.96930712  0.81506262  1.17870253  0.00000000

--------------------------------------------------------------------------------
n=9
(result of R-step: (0,2:4)0.19850679)
V=[0, 1, 2, 3, 5, 6, 7, 9, 11]
total successes of this branch: 0
reason of abort: negative delta/dxy

--------------------------------------------------------------------------------
n=9
(result of R-step: (5,6:11)0.88018466)
V=[0, 1, 2, 3, 4, 5, 6, 7, 9]
total successes of this branch: 1
Matrix on 9 elements:

0    0.00000000  1.42384076  1.06276142  1.13800354  1.08104306  1.20745543  1.21080338  1.35695747  1.85347702
1    1.42384076  0.00000000  0.72466261  0.51945542  0.56570063  0.53845884  0.52448006  0.71396127  1.17101779
2    1.06276142  0.72466261  0.00000000  0.39399171  0.38611619  0.47392774  0.48050283  0.61802642  1.12143465
3    1.13800354  0.51945542  0.39399171  0.00000000  0.24392952  0.20905509  0.22123575  0.32785988  0.85914201
4    1.08104306  0.56570063  0.38611619  0.24392952  0.00000000  0.32178438  0.32771886  0.46695566  0.96899645
5    1.20745543  0.53845884  0.47392774  0.20905509  0.32178438  0.00000000  0.22289818  0.38860253  0.73840859
6    1.21080338  0.52448006  0.48050283  0.22123575  0.32771886  0.22289818  0.00000000  0.40733789  0.87260377
7    1.35695747  0.71396127  0.61802642  0.32785988  0.46695566  0.38860253  0.40733789  0.00000000  1.03933626
9    1.85347702  1.17101779  1.12143465  0.85914201  0.96899645  0.73840859  0.87260377  1.03933626  0.00000000

--------------------------------------------------------------------------------
n=8
(result of R-step: (0,2:4)0.19850679)
V=[0, 1, 2, 3, 5, 6, 7, 9]
total successes of this branch: 0
reason of abort: negative delta/dxy

--------------------------------------------------------------------------------
n=8
(result of R-step: (1,5:9)0.04324121)
V=[0, 1, 2, 3, 4, 5, 6, 7]
total successes of this branch: 1
Matrix on 8 elements:

0    0.00000000  1.20208778  1.06276142  1.13800354  1.08104306  1.16645233  1.21080338  1.35695747
1    1.20208778  0.00000000  0.50290963  0.29770245  0.34394765  0.27570276  0.30272708  0.49220829
2    1.06276142  0.50290963  0.00000000  0.39399171  0.38611619  0.43292465  0.48050283  0.61802642
3    1.13800354  0.29770245  0.39399171  0.00000000  0.24392952  0.16805199  0.22123575  0.32785988
4    1.08104306  0.34394765  0.38611619  0.24392952  0.00000000  0.28078129  0.32771886  0.46695566
5    1.16645233  0.27570276  0.43292465  0.16805199  0.28078129  0.00000000  0.18189508  0.34759943
6    1.21080338  0.30272708  0.48050283  0.22123575  0.32771886  0.18189508  0.00000000  0.40733789
7    1.35695747  0.49220829  0.61802642  0.32785988  0.46695566  0.34759943  0.40733789  0.00000000

--------------------------------------------------------------------------------
n=7
(result of R-step: (0,2:4)0.19850679)
V=[0, 1, 2, 3, 5, 6, 7]
total successes of this branch: 0
reason of abort: negative delta/dxy

--------------------------------------------------------------------------------
n=7
(result of R-step: (3,5:7)0.51538500)
V=[0, 1, 2, 3, 4, 5, 6]
total successes of this branch: 1
Matrix on 7 elements:

0    0.00000000  1.20208778  1.06276142  1.09798283  1.08104306  1.10885947  1.21080338
1    1.20208778  0.00000000  0.50290963  0.25768174  0.34394765  0.21810990  0.30272708
2    1.06276142  0.50290963  0.00000000  0.35397100  0.38611619  0.37533178  0.48050283
3    1.09798283  0.25768174  0.35397100  0.00000000  0.20390882  0.07043842  0.18121504
4    1.08104306  0.34394765  0.38611619  0.20390882  0.00000000  0.22318842  0.32771886
5    1.10885947  0.21810990  0.37533178  0.07043842  0.22318842  0.00000000  0.12430221
6    1.21080338  0.30272708  0.48050283  0.18121504  0.32771886  0.12430221  0.00000000

--------------------------------------------------------------------------------
n=6
(result of R-step: (0,2:4)0.19850679)
V=[0, 1, 2, 3, 5, 6]
total successes of this branch: 0
reason of abort: negative delta/dxy

--------------------------------------------------------------------------------
n=6
(result of R-step: (1,5:6)0.09395000)
V=[0, 1, 2, 3, 4, 5]
total successes of this branch: 1
Matrix on 6 elements:

0    0.00000000  1.13863118  1.06276142  1.09798283  1.08104306  1.10299573
1    1.13863118  0.00000000  0.43945303  0.19422514  0.28049105  0.14878956
2    1.06276142  0.43945303  0.00000000  0.35397100  0.38611619  0.36946805
3    1.09798283  0.19422514  0.35397100  0.00000000  0.20390882  0.06457469
4    1.08104306  0.28049105  0.38611619  0.20390882  0.00000000  0.21732469
5    1.10299573  0.14878956  0.36946805  0.06457469  0.21732469  0.00000000

--------------------------------------------------------------------------------
n=5
(result of R-step: (0,2:4)0.19850679)
V=[0, 1, 2, 3, 5]
total successes of this branch: 0
reason of abort: negative delta/dxy

--------------------------------------------------------------------------------
n=5
(result of R-step: (1,3:5)0.23384532)
V=[0, 1, 2, 3, 4]
total successes of this branch: 1
Matrix on 5 elements:

0    0.00000000  1.12906163  1.06276142  1.08254954  1.08104306
1    1.12906163  0.00000000  0.42988347  0.16922229  0.27092150
2    1.06276142  0.42988347  0.00000000  0.33853771  0.38611619
3    1.08254954  0.16922229  0.33853771  0.00000000  0.18847553
4    1.08104306  0.27092150  0.38611619  0.18847553  0.00000000

--------------------------------------------------------------------------------
n=4
(result of R-step: (0,1:2)0.52439672)
V=[0, 1, 3, 4]
total successes of this branch: 0
Matrix on 4 elements:

0    0.00000000  0.17752051  0.28600910  0.28450261
1    0.17752051  0.00000000  0.01422162  0.11592083
3    0.28600910  0.01422162  0.00000000  0.18847553
4    0.28450261  0.11592083  0.18847553  0.00000000
reason of abort: no pseudometric

