n=20
V=[0, 1, 2, 3, 4, 5, 6, 7, 8, 9, 10, 11, 12, 13, 14, 15, 16, 17, 18, 19]
total successes of this branch: 3
Matrix on 20 elements:

0    0.00000000  1.71971661  1.71254147  1.61689647  1.69551703  1.64241214  1.69292047  1.64843942  1.42321800  1.68712334  1.69953555  1.32740085  1.38985231  1.58492701  1.63650435  1.64055554  1.69075598  1.35768902  0.23260558  1.67619768
1    1.71971661  0.00000000  1.71541764  1.71770651  1.56649942  1.65640026  1.45366245  1.63220707  1.67536890  1.12536481  1.60165067  1.61307698  1.63564819  1.61423258  0.61823476  1.33014349  1.48999478  1.61214699  1.71457166  1.19099244
2    1.71254147  1.71541764  0.00000000  1.62854555  1.69497157  1.65010357  1.69277775  1.65519599  1.66880903  1.68787979  1.44831089  1.70031277  1.68483078  1.53584291  1.71221382  1.66962251  1.69636265  1.67980225  1.70916995  0.86041599
3    1.61689647  1.71770651  1.62854555  0.00000000  1.67116465  1.53196776  1.62463905  1.54302645  1.55741113  1.63782970  1.66110467  1.65466729  1.38957312  1.56061543  1.70433556  1.58613654  1.67384083  1.65519123  1.61255343  1.66477122
4    1.69551703  1.56649942  1.69497157  1.67116465  0.00000000  1.64519111  1.59377641  1.63905567  1.66026801  1.59967758  0.89665465  0.85271261  1.02927321  0.94573454  1.41510145  1.57288250  0.40769068  0.85628907  1.69219750  1.56120085
5    1.64241214  1.65640026  1.65010357  1.53196776  1.64519111  0.00000000  1.62397169  0.99745605  1.12994725  1.35508158  1.64635067  1.64434631  1.62010344  1.63663701  1.65384356  0.75278200  1.64588918  1.64450945  1.60449320  1.65189119
6    1.69292047  1.45366245  1.69277775  1.62463905  1.59377641  1.62397169  0.00000000  1.53907741  1.64462772  1.49272057  1.61714508  1.62391590  1.62407190  1.61970858  1.48977411  1.58179839  1.58538565  1.62336482  1.68387557  1.59574723
7    1.64843942  1.63220707  1.65519599  1.54302645  1.63905567  0.99745605  1.53907741  0.00000000  1.19248096  1.20516531  1.64286550  1.64190830  1.62057701  1.63461690  1.63426475  1.19758132  1.63866915  1.64198621  1.55999852  1.64519139
8    1.42321800  1.67536890  1.66880903  1.55741113  1.66026801  1.12994725  1.64462772  1.19248096  0.00000000  1.45455634  1.66228407  1.58820553  1.58156241  1.63241034  1.65688108  1.29554294  1.65999476  1.59423481  1.40965227  1.66310778
9    1.68712334  1.12536481  1.68787979  1.63782970  1.59967758  1.35508158  1.49272057  1.20516531  1.45455634  0.00000000  1.62049718  1.62626082  1.62875652  1.62355382  1.23160751  1.31627828  1.56998221  1.62579172  1.65878755  1.46979337
10    1.69953555  1.60165067  1.44831089  1.66110467  0.89665465  1.64635067  1.61714508  1.64286550  1.66228407  1.62049718  0.00000000  1.14072801  1.25298629  0.69039564  1.50388653  1.60157949  0.94564525  1.06280644  1.69620375  1.47487462
11    1.32740085  1.61307698  1.70031277  1.65466729  0.85271261  1.64434631  1.62391590  1.64190830  1.58820553  1.62626082  1.14072801  0.00000000  0.69090937  0.97425773  1.34526034  1.55035472  0.89245065  0.26126846  1.34589170  1.53060683
12    1.38985231  1.63564819  1.68483078  1.38957312  1.02927321  1.62010344  1.62407190  1.62057701  1.58156241  1.62875652  1.25298629  0.69090937  0.00000000  0.92245809  1.43526407  1.56201531  1.06202798  0.73665700  1.40341732  1.56554431
13    1.58492701  1.61423258  1.53584291  1.56061543  0.94573454  1.63663701  1.61970858  1.63461690  1.63241034  1.62355382  0.69039564  0.97425773  0.92245809  0.00000000  1.47849052  1.58693746  0.98871653  0.95115410  1.58784843  1.50842994
14    1.63650435  0.61823476  1.71221382  1.70433556  1.41510145  1.65384356  1.48977411  1.63426475  1.65688108  1.23160751  1.50388653  1.34526034  1.43526407  1.47849052  0.00000000  1.24090097  1.32669226  1.35817097  1.63637268  0.93229540
15    1.64055554  1.33014349  1.66962251  1.58613654  1.57288250  0.75278200  1.58179839  1.19758132  1.29554294  1.31627828  1.60157949  1.55035472  1.56201531  1.58693746  1.24090097  0.00000000  1.54609870  1.55452392  1.61451174  1.46470463
16    1.69075598  1.48999478  1.69636265  1.67384083  0.40769068  1.64588918  1.58538565  1.63866915  1.65999476  1.56998221  0.94564525  0.89245065  1.06202798  0.98871653  1.32669226  1.54609870  0.00000000  0.89678018  1.68769363  1.51966971
17    1.35768902  1.61214699  1.67980225  1.65519123  0.85628907  1.64450945  1.62336482  1.64198621  1.59423481  1.62579172  1.06280644  0.26126846  0.73665700  0.95115410  1.35817097  1.55452392  0.89678018  0.00000000  1.37440372  1.52607077
18    0.23260558  1.71457166  1.70916995  1.61255343  1.69219750  1.60449320  1.68387557  1.55999852  1.40965227  1.65878755  1.69620375  1.34589170  1.40341732  1.58784843  1.63637268  1.61451174  1.68769363  1.37440372  0.00000000  1.67437473
19    1.67619768  1.19099244  0.86041599  1.66477122  1.56120085  1.65189119  1.59574723  1.64519139  1.66310778  1.46979337  1.47487462  1.53060683  1.56554431  1.50842994  0.93229540  1.46470463  1.51966971  1.52607077  1.67437473  0.00000000

--------------------------------------------------------------------------------
n=19
(result of R-step: (0,7:18)0.94120695)
V=[0, 1, 2, 3, 4, 5, 6, 7, 8, 9, 10, 11, 12, 13, 14, 15, 16, 17, 19]
total successes of this branch: 3
Matrix on 19 elements:

0    0.00000000  1.64763427  1.64045913  1.54481413  1.62343469  1.57032980  1.62083813  1.50427474  1.35113566  1.61504100  1.62745321  1.25531851  1.31776997  1.51284467  1.56442201  1.56847320  1.61867364  1.28560668  1.60411534
1    1.64763427  0.00000000  1.71541764  1.71770651  1.56649942  1.65640026  1.45366245  1.56012473  1.67536890  1.12536481  1.60165067  1.61307698  1.63564819  1.61423258  0.61823476  1.33014349  1.48999478  1.61214699  1.19099244
2    1.64045913  1.71541764  0.00000000  1.62854555  1.69497157  1.65010357  1.69277775  1.58311365  1.66880903  1.68787979  1.44831089  1.70031277  1.68483078  1.53584291  1.71221382  1.66962251  1.69636265  1.67980225  0.86041599
3    1.54481413  1.71770651  1.62854555  0.00000000  1.67116465  1.53196776  1.62463905  1.47094411  1.55741113  1.63782970  1.66110467  1.65466729  1.38957312  1.56061543  1.70433556  1.58613654  1.67384083  1.65519123  1.66477122
4    1.62343469  1.56649942  1.69497157  1.67116465  0.00000000  1.64519111  1.59377641  1.56697333  1.66026801  1.59967758  0.89665465  0.85271261  1.02927321  0.94573454  1.41510145  1.57288250  0.40769068  0.85628907  1.56120085
5    1.57032980  1.65640026  1.65010357  1.53196776  1.64519111  0.00000000  1.62397169  0.92537371  1.12994725  1.35508158  1.64635067  1.64434631  1.62010344  1.63663701  1.65384356  0.75278200  1.64588918  1.64450945  1.65189119
6    1.62083813  1.45366245  1.69277775  1.62463905  1.59377641  1.62397169  0.00000000  1.46699507  1.64462772  1.49272057  1.61714508  1.62391590  1.62407190  1.61970858  1.48977411  1.58179839  1.58538565  1.62336482  1.59574723
7    1.50427474  1.56012473  1.58311365  1.47094411  1.56697333  0.92537371  1.46699507  0.00000000  1.12039862  1.13308297  1.57078316  1.56982596  1.54849467  1.56253456  1.56218241  1.12549898  1.56658681  1.56990387  1.57310905
8    1.35113566  1.67536890  1.66880903  1.55741113  1.66026801  1.12994725  1.64462772  1.12039862  0.00000000  1.45455634  1.66228407  1.58820553  1.58156241  1.63241034  1.65688108  1.29554294  1.65999476  1.59423481  1.66310778
9    1.61504100  1.12536481  1.68787979  1.63782970  1.59967758  1.35508158  1.49272057  1.13308297  1.45455634  0.00000000  1.62049718  1.62626082  1.62875652  1.62355382  1.23160751  1.31627828  1.56998221  1.62579172  1.46979337
10    1.62745321  1.60165067  1.44831089  1.66110467  0.89665465  1.64635067  1.61714508  1.57078316  1.66228407  1.62049718  0.00000000  1.14072801  1.25298629  0.69039564  1.50388653  1.60157949  0.94564525  1.06280644  1.47487462
11    1.25531851  1.61307698  1.70031277  1.65466729  0.85271261  1.64434631  1.62391590  1.56982596  1.58820553  1.62626082  1.14072801  0.00000000  0.69090937  0.97425773  1.34526034  1.55035472  0.89245065  0.26126846  1.53060683
12    1.31776997  1.63564819  1.68483078  1.38957312  1.02927321  1.62010344  1.62407190  1.54849467  1.58156241  1.62875652  1.25298629  0.69090937  0.00000000  0.92245809  1.43526407  1.56201531  1.06202798  0.73665700  1.56554431
13    1.51284467  1.61423258  1.53584291  1.56061543  0.94573454  1.63663701  1.61970858  1.56253456  1.63241034  1.62355382  0.69039564  0.97425773  0.92245809  0.00000000  1.47849052  1.58693746  0.98871653  0.95115410  1.50842994
14    1.56442201  0.61823476  1.71221382  1.70433556  1.41510145  1.65384356  1.48977411  1.56218241  1.65688108  1.23160751  1.50388653  1.34526034  1.43526407  1.47849052  0.00000000  1.24090097  1.32669226  1.35817097  0.93229540
15    1.56847320  1.33014349  1.66962251  1.58613654  1.57288250  0.75278200  1.58179839  1.12549898  1.29554294  1.31627828  1.60157949  1.55035472  1.56201531  1.58693746  1.24090097  0.00000000  1.54609870  1.55452392  1.46470463
16    1.61867364  1.48999478  1.69636265  1.67384083  0.40769068  1.64588918  1.58538565  1.56658681  1.65999476  1.56998221  0.94564525  0.89245065  1.06202798  0.98871653  1.32669226  1.54609870  0.00000000  0.89678018  1.51966971
17    1.28560668  1.61214699  1.67980225  1.65519123  0.85628907  1.64450945  1.62336482  1.56990387  1.59423481  1.62579172  1.06280644  0.26126846  0.73665700  0.95115410  1.35817097  1.55452392  0.89678018  0.00000000  1.52607077
19    1.60411534  1.19099244  0.86041599  1.66477122  1.56120085  1.65189119  1.59574723  1.57310905  1.66310778  1.46979337  1.47487462  1.53060683  1.56554431  1.50842994  0.93229540  1.46470463  1.51966971  1.52607077  0.00000000

--------------------------------------------------------------------------------
n=18
(result of R-step: (2,14:19)0.52202571)
V=[0, 1, 2, 3, 4, 5, 6, 7, 8, 9, 10, 11, 12, 13, 14, 15, 16, 17]
total successes of this branch: 3
Matrix on 18 elements:

0    0.00000000  1.64763427  1.60021034  1.54481413  1.62343469  1.57032980  1.62083813  1.50427474  1.35113566  1.61504100  1.62745321  1.25531851  1.31776997  1.51284467  1.52417323  1.56847320  1.61867364  1.28560668
1    1.64763427  0.00000000  1.67516886  1.71770651  1.56649942  1.65640026  1.45366245  1.56012473  1.67536890  1.12536481  1.60165067  1.61307698  1.63564819  1.61423258  0.57798598  1.33014349  1.48999478  1.61214699
2    1.60021034  1.67516886  0.00000000  1.58829676  1.65472279  1.60985479  1.65252897  1.54286486  1.62856025  1.64763100  1.40806211  1.66006398  1.64458200  1.49559412  1.63171625  1.62937373  1.65611387  1.63955347
3    1.54481413  1.71770651  1.58829676  0.00000000  1.67116465  1.53196776  1.62463905  1.47094411  1.55741113  1.63782970  1.66110467  1.65466729  1.38957312  1.56061543  1.66408678  1.58613654  1.67384083  1.65519123
4    1.62343469  1.56649942  1.65472279  1.67116465  0.00000000  1.64519111  1.59377641  1.56697333  1.66026801  1.59967758  0.89665465  0.85271261  1.02927321  0.94573454  1.37485266  1.57288250  0.40769068  0.85628907
5    1.57032980  1.65640026  1.60985479  1.53196776  1.64519111  0.00000000  1.62397169  0.92537371  1.12994725  1.35508158  1.64635067  1.64434631  1.62010344  1.63663701  1.61359477  0.75278200  1.64588918  1.64450945
6    1.62083813  1.45366245  1.65252897  1.62463905  1.59377641  1.62397169  0.00000000  1.46699507  1.64462772  1.49272057  1.61714508  1.62391590  1.62407190  1.61970858  1.44952533  1.58179839  1.58538565  1.62336482
7    1.50427474  1.56012473  1.54286486  1.47094411  1.56697333  0.92537371  1.46699507  0.00000000  1.12039862  1.13308297  1.57078316  1.56982596  1.54849467  1.56253456  1.52193363  1.12549898  1.56658681  1.56990387
8    1.35113566  1.67536890  1.62856025  1.55741113  1.66026801  1.12994725  1.64462772  1.12039862  0.00000000  1.45455634  1.66228407  1.58820553  1.58156241  1.63241034  1.61663230  1.29554294  1.65999476  1.59423481
9    1.61504100  1.12536481  1.64763100  1.63782970  1.59967758  1.35508158  1.49272057  1.13308297  1.45455634  0.00000000  1.62049718  1.62626082  1.62875652  1.62355382  1.19135873  1.31627828  1.56998221  1.62579172
10    1.62745321  1.60165067  1.40806211  1.66110467  0.89665465  1.64635067  1.61714508  1.57078316  1.66228407  1.62049718  0.00000000  1.14072801  1.25298629  0.69039564  1.46363774  1.60157949  0.94564525  1.06280644
11    1.25531851  1.61307698  1.66006398  1.65466729  0.85271261  1.64434631  1.62391590  1.56982596  1.58820553  1.62626082  1.14072801  0.00000000  0.69090937  0.97425773  1.30501155  1.55035472  0.89245065  0.26126846
12    1.31776997  1.63564819  1.64458200  1.38957312  1.02927321  1.62010344  1.62407190  1.54849467  1.58156241  1.62875652  1.25298629  0.69090937  0.00000000  0.92245809  1.39501529  1.56201531  1.06202798  0.73665700
13    1.51284467  1.61423258  1.49559412  1.56061543  0.94573454  1.63663701  1.61970858  1.56253456  1.63241034  1.62355382  0.69039564  0.97425773  0.92245809  0.00000000  1.43824173  1.58693746  0.98871653  0.95115410
14    1.52417323  0.57798598  1.63171625  1.66408678  1.37485266  1.61359477  1.44952533  1.52193363  1.61663230  1.19135873  1.46363774  1.30501155  1.39501529  1.43824173  0.00000000  1.20065218  1.28644348  1.31792219
15    1.56847320  1.33014349  1.62937373  1.58613654  1.57288250  0.75278200  1.58179839  1.12549898  1.29554294  1.31627828  1.60157949  1.55035472  1.56201531  1.58693746  1.20065218  0.00000000  1.54609870  1.55452392
16    1.61867364  1.48999478  1.65611387  1.67384083  0.40769068  1.64588918  1.58538565  1.56658681  1.65999476  1.56998221  0.94564525  0.89245065  1.06202798  0.98871653  1.28644348  1.54609870  0.00000000  0.89678018
17    1.28560668  1.61214699  1.63955347  1.65519123  0.85628907  1.64450945  1.62336482  1.56990387  1.59423481  1.62579172  1.06280644  0.26126846  0.73665700  0.95115410  1.31792219  1.55452392  0.89678018  0.00000000

--------------------------------------------------------------------------------
n=17
(result of R-step: (4,14:16)0.91932143)
V=[0, 1, 2, 3, 4, 5, 6, 7, 8, 9, 10, 11, 12, 13, 14, 15, 17]
total successes of this branch: 3
Matrix on 17 elements:

0    0.00000000  1.64763427  1.60021034  1.54481413  1.46379395  1.57032980  1.62083813  1.50427474  1.35113566  1.61504100  1.62745321  1.25531851  1.31776997  1.51284467  1.40478127  1.56847320  1.28560668
1    1.64763427  0.00000000  1.67516886  1.71770651  1.40685867  1.65640026  1.45366245  1.56012473  1.67536890  1.12536481  1.60165067  1.61307698  1.63564819  1.61423258  0.45859402  1.33014349  1.61214699
2    1.60021034  1.67516886  0.00000000  1.58829676  1.49508204  1.60985479  1.65252897  1.54286486  1.62856025  1.64763100  1.40806211  1.66006398  1.64458200  1.49559412  1.51232429  1.62937373  1.63955347
3    1.54481413  1.71770651  1.58829676  0.00000000  1.51152391  1.53196776  1.62463905  1.47094411  1.55741113  1.63782970  1.66110467  1.65466729  1.38957312  1.56061543  1.54469481  1.58613654  1.65519123
4    1.46379395  1.40685867  1.49508204  1.51152391  0.00000000  1.48555037  1.43413566  1.40733259  1.50062726  1.44003683  0.73701391  0.69307186  0.86963247  0.78609380  1.09581996  1.41324175  0.69664832
5    1.57032980  1.65640026  1.60985479  1.53196776  1.48555037  0.00000000  1.62397169  0.92537371  1.12994725  1.35508158  1.64635067  1.64434631  1.62010344  1.63663701  1.49420281  0.75278200  1.64450945
6    1.62083813  1.45366245  1.65252897  1.62463905  1.43413566  1.62397169  0.00000000  1.46699507  1.64462772  1.49272057  1.61714508  1.62391590  1.62407190  1.61970858  1.33013337  1.58179839  1.62336482
7    1.50427474  1.56012473  1.54286486  1.47094411  1.40733259  0.92537371  1.46699507  0.00000000  1.12039862  1.13308297  1.57078316  1.56982596  1.54849467  1.56253456  1.40254166  1.12549898  1.56990387
8    1.35113566  1.67536890  1.62856025  1.55741113  1.50062726  1.12994725  1.64462772  1.12039862  0.00000000  1.45455634  1.66228407  1.58820553  1.58156241  1.63241034  1.49724034  1.29554294  1.59423481
9    1.61504100  1.12536481  1.64763100  1.63782970  1.44003683  1.35508158  1.49272057  1.13308297  1.45455634  0.00000000  1.62049718  1.62626082  1.62875652  1.62355382  1.07196676  1.31627828  1.62579172
10    1.62745321  1.60165067  1.40806211  1.66110467  0.73701391  1.64635067  1.61714508  1.57078316  1.66228407  1.62049718  0.00000000  1.14072801  1.25298629  0.69039564  1.34424578  1.60157949  1.06280644
11    1.25531851  1.61307698  1.66006398  1.65466729  0.69307186  1.64434631  1.62391590  1.56982596  1.58820553  1.62626082  1.14072801  0.00000000  0.69090937  0.97425773  1.18561959  1.55035472  0.26126846
12    1.31776997  1.63564819  1.64458200  1.38957312  0.86963247  1.62010344  1.62407190  1.54849467  1.58156241  1.62875652  1.25298629  0.69090937  0.00000000  0.92245809  1.27562333  1.56201531  0.73665700
13    1.51284467  1.61423258  1.49559412  1.56061543  0.78609380  1.63663701  1.61970858  1.56253456  1.63241034  1.62355382  0.69039564  0.97425773  0.92245809  0.00000000  1.31884977  1.58693746  0.95115410
14    1.40478127  0.45859402  1.51232429  1.54469481  1.09581996  1.49420281  1.33013337  1.40254166  1.49724034  1.07196676  1.34424578  1.18561959  1.27562333  1.31884977  0.00000000  1.08126022  1.19853023
15    1.56847320  1.33014349  1.62937373  1.58613654  1.41324175  0.75278200  1.58179839  1.12549898  1.29554294  1.31627828  1.60157949  1.55035472  1.56201531  1.58693746  1.08126022  0.00000000  1.55452392
17    1.28560668  1.61214699  1.63955347  1.65519123  0.69664832  1.64450945  1.62336482  1.56990387  1.59423481  1.62579172  1.06280644  0.26126846  0.73665700  0.95115410  1.19853023  1.55452392  0.00000000

--------------------------------------------------------------------------------
n=16
(result of R-step: (5,14:15)0.68573722)
V=[0, 1, 2, 3, 4, 5, 6, 7, 8, 9, 10, 11, 12, 13, 14, 17]
total successes of this branch: 3
Matrix on 16 elements:

0    0.00000000  1.64763427  1.60021034  1.54481413  1.46379395  1.40041009  1.62083813  1.50427474  1.35113566  1.61504100  1.62745321  1.25531851  1.31776997  1.51284467  1.39450231  1.28560668
1    1.64763427  0.00000000  1.67516886  1.71770651  1.40685867  1.48648056  1.45366245  1.56012473  1.67536890  1.12536481  1.60165067  1.61307698  1.63564819  1.61423258  0.44831506  1.61214699
2    1.60021034  1.67516886  0.00000000  1.58829676  1.49508204  1.43993508  1.65252897  1.54286486  1.62856025  1.64763100  1.40806211  1.66006398  1.64458200  1.49559412  1.50204533  1.63955347
3    1.54481413  1.71770651  1.58829676  0.00000000  1.51152391  1.36204805  1.62463905  1.47094411  1.55741113  1.63782970  1.66110467  1.65466729  1.38957312  1.56061543  1.53441585  1.65519123
4    1.46379395  1.40685867  1.49508204  1.51152391  0.00000000  1.31563066  1.43413566  1.40733259  1.50062726  1.44003683  0.73701391  0.69307186  0.86963247  0.78609380  1.08554100  0.69664832
5    1.40041009  1.48648056  1.43993508  1.36204805  1.31563066  0.00000000  1.45405198  0.75545400  0.96002755  1.18516188  1.47643096  1.47442661  1.45018374  1.46671731  1.31400414  1.47458974
6    1.62083813  1.45366245  1.65252897  1.62463905  1.43413566  1.45405198  0.00000000  1.46699507  1.64462772  1.49272057  1.61714508  1.62391590  1.62407190  1.61970858  1.31985440  1.62336482
7    1.50427474  1.56012473  1.54286486  1.47094411  1.40733259  0.75545400  1.46699507  0.00000000  1.12039862  1.13308297  1.57078316  1.56982596  1.54849467  1.56253456  1.39226270  1.56990387
8    1.35113566  1.67536890  1.62856025  1.55741113  1.50062726  0.96002755  1.64462772  1.12039862  0.00000000  1.45455634  1.66228407  1.58820553  1.58156241  1.63241034  1.48696138  1.59423481
9    1.61504100  1.12536481  1.64763100  1.63782970  1.44003683  1.18516188  1.49272057  1.13308297  1.45455634  0.00000000  1.62049718  1.62626082  1.62875652  1.62355382  1.06168780  1.62579172
10    1.62745321  1.60165067  1.40806211  1.66110467  0.73701391  1.47643096  1.61714508  1.57078316  1.66228407  1.62049718  0.00000000  1.14072801  1.25298629  0.69039564  1.33396682  1.06280644
11    1.25531851  1.61307698  1.66006398  1.65466729  0.69307186  1.47442661  1.62391590  1.56982596  1.58820553  1.62626082  1.14072801  0.00000000  0.69090937  0.97425773  1.17534063  0.26126846
12    1.31776997  1.63564819  1.64458200  1.38957312  0.86963247  1.45018374  1.62407190  1.54849467  1.58156241  1.62875652  1.25298629  0.69090937  0.00000000  0.92245809  1.26534437  0.73665700
13    1.51284467  1.61423258  1.49559412  1.56061543  0.78609380  1.46671731  1.61970858  1.56253456  1.63241034  1.62355382  0.69039564  0.97425773  0.92245809  0.00000000  1.30857081  0.95115410
14    1.39450231  0.44831506  1.50204533  1.53441585  1.08554100  1.31400414  1.31985440  1.39226270  1.48696138  1.06168780  1.33396682  1.17534063  1.26534437  1.30857081  0.00000000  1.18825127
17    1.28560668  1.61214699  1.63955347  1.65519123  0.69664832  1.47458974  1.62336482  1.56990387  1.59423481  1.62579172  1.06280644  0.26126846  0.73665700  0.95115410  1.18825127  0.00000000

--------------------------------------------------------------------------------
n=15
(result of R-step: (10,11:17)0.08139034)
V=[0, 1, 2, 3, 4, 5, 6, 7, 8, 9, 10, 11, 12, 13, 14]
total successes of this branch: 3
Matrix on 15 elements:

0    0.00000000  1.64763427  1.60021034  1.54481413  1.46379395  1.40041009  1.62083813  1.50427474  1.35113566  1.61504100  1.53577977  1.16364507  1.31776997  1.51284467  1.39450231
1    1.64763427  0.00000000  1.67516886  1.71770651  1.40685867  1.48648056  1.45366245  1.56012473  1.67536890  1.12536481  1.50997723  1.52140353  1.63564819  1.61423258  0.44831506
2    1.60021034  1.67516886  0.00000000  1.58829676  1.49508204  1.43993508  1.65252897  1.54286486  1.62856025  1.64763100  1.31638867  1.56839054  1.64458200  1.49559412  1.50204533
3    1.54481413  1.71770651  1.58829676  0.00000000  1.51152391  1.36204805  1.62463905  1.47094411  1.55741113  1.63782970  1.56943122  1.56299385  1.38957312  1.56061543  1.53441585
4    1.46379395  1.40685867  1.49508204  1.51152391  0.00000000  1.31563066  1.43413566  1.40733259  1.50062726  1.44003683  0.64534046  0.60139842  0.86963247  0.78609380  1.08554100
5    1.40041009  1.48648056  1.43993508  1.36204805  1.31563066  0.00000000  1.45405198  0.75545400  0.96002755  1.18516188  1.38475752  1.38275316  1.45018374  1.46671731  1.31400414
6    1.62083813  1.45366245  1.65252897  1.62463905  1.43413566  1.45405198  0.00000000  1.46699507  1.64462772  1.49272057  1.52547164  1.53224246  1.62407190  1.61970858  1.31985440
7    1.50427474  1.56012473  1.54286486  1.47094411  1.40733259  0.75545400  1.46699507  0.00000000  1.12039862  1.13308297  1.47910971  1.47815252  1.54849467  1.56253456  1.39226270
8    1.35113566  1.67536890  1.62856025  1.55741113  1.50062726  0.96002755  1.64462772  1.12039862  0.00000000  1.45455634  1.57061062  1.49653208  1.58156241  1.63241034  1.48696138
9    1.61504100  1.12536481  1.64763100  1.63782970  1.44003683  1.18516188  1.49272057  1.13308297  1.45455634  0.00000000  1.52882373  1.53458738  1.62875652  1.62355382  1.06168780
10    1.53577977  1.50997723  1.31638867  1.56943122  0.64534046  1.38475752  1.52547164  1.47910971  1.57061062  1.52882373  0.00000000  0.95738112  1.16131284  0.59872220  1.24229338
11    1.16364507  1.52140353  1.56839054  1.56299385  0.60139842  1.38275316  1.53224246  1.47815252  1.49653208  1.53458738  0.95738112  0.00000000  0.59923593  0.88258428  1.08366718
12    1.31776997  1.63564819  1.64458200  1.38957312  0.86963247  1.45018374  1.62407190  1.54849467  1.58156241  1.62875652  1.16131284  0.59923593  0.00000000  0.92245809  1.26534437
13    1.51284467  1.61423258  1.49559412  1.56061543  0.78609380  1.46671731  1.61970858  1.56253456  1.63241034  1.62355382  0.59872220  0.88258428  0.92245809  0.00000000  1.30857081
14    1.39450231  0.44831506  1.50204533  1.53441585  1.08554100  1.31400414  1.31985440  1.39226270  1.48696138  1.06168780  1.24229338  1.08366718  1.26534437  1.30857081  0.00000000

--------------------------------------------------------------------------------
n=14
(result of R-step: (1,11:14)0.78789469)
V=[0, 1, 2, 3, 4, 5, 6, 7, 8, 9, 10, 11, 12, 13]
total successes of this branch: 3
Matrix on 14 elements:

0    0.00000000  1.47242521  1.60021034  1.54481413  1.46379395  1.40041009  1.62083813  1.50427474  1.35113566  1.61504100  1.53577977  1.08010945  1.31776997  1.51284467
1    1.47242521  0.00000000  1.49995980  1.54249745  1.23164961  1.31127149  1.27845339  1.38491566  1.50015983  0.95015575  1.33476817  1.26265886  1.46043913  1.43902352
2    1.60021034  1.49995980  0.00000000  1.58829676  1.49508204  1.43993508  1.65252897  1.54286486  1.62856025  1.64763100  1.31638867  1.48485492  1.64458200  1.49559412
3    1.54481413  1.54249745  1.58829676  0.00000000  1.51152391  1.36204805  1.62463905  1.47094411  1.55741113  1.63782970  1.56943122  1.47945823  1.38957312  1.56061543
4    1.46379395  1.23164961  1.49508204  1.51152391  0.00000000  1.31563066  1.43413566  1.40733259  1.50062726  1.44003683  0.64534046  0.51786280  0.86963247  0.78609380
5    1.40041009  1.31127149  1.43993508  1.36204805  1.31563066  0.00000000  1.45405198  0.75545400  0.96002755  1.18516188  1.38475752  1.29921754  1.45018374  1.46671731
6    1.62083813  1.27845339  1.65252897  1.62463905  1.43413566  1.45405198  0.00000000  1.46699507  1.64462772  1.49272057  1.52547164  1.44870684  1.62407190  1.61970858
7    1.50427474  1.38491566  1.54286486  1.47094411  1.40733259  0.75545400  1.46699507  0.00000000  1.12039862  1.13308297  1.47910971  1.39461690  1.54849467  1.56253456
8    1.35113566  1.50015983  1.62856025  1.55741113  1.50062726  0.96002755  1.64462772  1.12039862  0.00000000  1.45455634  1.57061062  1.41299647  1.58156241  1.63241034
9    1.61504100  0.95015575  1.64763100  1.63782970  1.44003683  1.18516188  1.49272057  1.13308297  1.45455634  0.00000000  1.52882373  1.45105176  1.62875652  1.62355382
10    1.53577977  1.33476817  1.31638867  1.56943122  0.64534046  1.38475752  1.52547164  1.47910971  1.57061062  1.52882373  0.00000000  0.87384550  1.16131284  0.59872220
11    1.08010945  1.26265886  1.48485492  1.47945823  0.51786280  1.29921754  1.44870684  1.39461690  1.41299647  1.45105176  0.87384550  0.00000000  0.51570031  0.79904867
12    1.31776997  1.46043913  1.64458200  1.38957312  0.86963247  1.45018374  1.62407190  1.54849467  1.58156241  1.62875652  1.16131284  0.51570031  0.00000000  0.92245809
13    1.51284467  1.43902352  1.49559412  1.56061543  0.78609380  1.46671731  1.61970858  1.56253456  1.63241034  1.62355382  0.59872220  0.79904867  0.92245809  0.00000000

--------------------------------------------------------------------------------
n=13
(result of R-step: (1,7:9)0.54272506)
V=[0, 1, 2, 3, 4, 5, 6, 7, 8, 10, 11, 12, 13]
total successes of this branch: 3
Matrix on 13 elements:

0    0.00000000  1.29847274  1.60021034  1.54481413  1.46379395  1.40041009  1.62083813  1.22719555  1.35113566  1.53577977  1.08010945  1.31776997  1.51284467
1    1.29847274  0.00000000  1.32600734  1.36854499  1.05769715  1.13731903  1.10450093  0.93388402  1.32620737  1.16081570  1.08870639  1.28648666  1.26507105
2    1.60021034  1.32600734  0.00000000  1.58829676  1.49508204  1.43993508  1.65252897  1.26578568  1.62856025  1.31638867  1.48485492  1.64458200  1.49559412
3    1.54481413  1.36854499  1.58829676  0.00000000  1.51152391  1.36204805  1.62463905  1.19386492  1.55741113  1.56943122  1.47945823  1.38957312  1.56061543
4    1.46379395  1.05769715  1.49508204  1.51152391  0.00000000  1.31563066  1.43413566  1.13025340  1.50062726  0.64534046  0.51786280  0.86963247  0.78609380
5    1.40041009  1.13731903  1.43993508  1.36204805  1.31563066  0.00000000  1.45405198  0.47837482  0.96002755  1.38475752  1.29921754  1.45018374  1.46671731
6    1.62083813  1.10450093  1.65252897  1.62463905  1.43413566  1.45405198  0.00000000  1.18991589  1.64462772  1.52547164  1.44870684  1.62407190  1.61970858
7    1.22719555  0.93388402  1.26578568  1.19386492  1.13025340  0.47837482  1.18991589  0.00000000  0.84331944  1.20203053  1.11753772  1.27141548  1.28545538
8    1.35113566  1.32620737  1.62856025  1.55741113  1.50062726  0.96002755  1.64462772  0.84331944  0.00000000  1.57061062  1.41299647  1.58156241  1.63241034
10    1.53577977  1.16081570  1.31638867  1.56943122  0.64534046  1.38475752  1.52547164  1.20203053  1.57061062  0.00000000  0.87384550  1.16131284  0.59872220
11    1.08010945  1.08870639  1.48485492  1.47945823  0.51786280  1.29921754  1.44870684  1.11753772  1.41299647  0.87384550  0.00000000  0.51570031  0.79904867
12    1.31776997  1.28648666  1.64458200  1.38957312  0.86963247  1.45018374  1.62407190  1.27141548  1.58156241  1.16131284  0.51570031  0.00000000  0.92245809
13    1.51284467  1.26507105  1.49559412  1.56061543  0.78609380  1.46671731  1.61970858  1.28545538  1.63241034  0.59872220  0.79904867  0.92245809  0.00000000

--------------------------------------------------------------------------------
n=12
(result of R-step: (10,12:13)0.62991690)
V=[0, 1, 2, 3, 4, 5, 6, 7, 8, 10, 11, 12]
total successes of this branch: 3
Matrix on 12 elements:

0    0.00000000  1.29847274  1.60021034  1.54481413  1.46379395  1.40041009  1.62083813  1.22719555  1.35113566  1.44751948  1.08010945  1.13783624
1    1.29847274  0.00000000  1.32600734  1.36854499  1.05769715  1.13731903  1.10450093  0.93388402  1.32620737  1.07255542  1.08870639  1.10655294
2    1.60021034  1.32600734  0.00000000  1.58829676  1.49508204  1.43993508  1.65252897  1.26578568  1.62856025  1.22812838  1.48485492  1.46464827
3    1.54481413  1.36854499  1.58829676  0.00000000  1.51152391  1.36204805  1.62463905  1.19386492  1.55741113  1.48117094  1.47945823  1.20963939
4    1.46379395  1.05769715  1.49508204  1.51152391  0.00000000  1.31563066  1.43413566  1.13025340  1.50062726  0.55708018  0.51786280  0.68969874
5    1.40041009  1.13731903  1.43993508  1.36204805  1.31563066  0.00000000  1.45405198  0.47837482  0.96002755  1.29649724  1.29921754  1.27025001
6    1.62083813  1.10450093  1.65252897  1.62463905  1.43413566  1.45405198  0.00000000  1.18991589  1.64462772  1.43721136  1.44870684  1.44413818
7    1.22719555  0.93388402  1.26578568  1.19386492  1.13025340  0.47837482  1.18991589  0.00000000  0.84331944  1.11377024  1.11753772  1.09148176
8    1.35113566  1.32620737  1.62856025  1.55741113  1.50062726  0.96002755  1.64462772  0.84331944  0.00000000  1.48235034  1.41299647  1.40162868
10    1.44751948  1.07255542  1.22812838  1.48117094  0.55708018  1.29649724  1.43721136  1.11377024  1.48235034  0.00000000  0.78558522  0.89311883
11    1.08010945  1.08870639  1.48485492  1.47945823  0.51786280  1.29921754  1.44870684  1.11753772  1.41299647  0.78558522  0.00000000  0.33576659
12    1.13783624  1.10655294  1.46464827  1.20963939  0.68969874  1.27025001  1.44413818  1.09148176  1.40162868  0.89311883  0.33576659  0.00000000

--------------------------------------------------------------------------------
n=11
(result of R-step: (3,11:12)0.21572505)
V=[0, 1, 2, 3, 4, 5, 6, 7, 8, 10, 11]
total successes of this branch: 3
Matrix on 11 elements:

0    0.00000000  1.29847274  1.60021034  1.33190653  1.46379395  1.40041009  1.62083813  1.22719555  1.35113566  1.44751948  1.04241091
1    1.29847274  0.00000000  1.32600734  1.15563739  1.05769715  1.13731903  1.10450093  0.93388402  1.32620737  1.07255542  1.05100786
2    1.60021034  1.32600734  0.00000000  1.37538916  1.49508204  1.43993508  1.65252897  1.26578568  1.62856025  1.22812838  1.44715639
3    1.33190653  1.15563739  1.37538916  0.00000000  1.29861631  1.14914045  1.41173145  0.98095733  1.34450354  1.26826334  1.22885209
4    1.46379395  1.05769715  1.49508204  1.29861631  0.00000000  1.31563066  1.43413566  1.13025340  1.50062726  0.55708018  0.48016426
5    1.40041009  1.13731903  1.43993508  1.14914045  1.31563066  0.00000000  1.45405198  0.47837482  0.96002755  1.29649724  1.26151901
6    1.62083813  1.10450093  1.65252897  1.41173145  1.43413566  1.45405198  0.00000000  1.18991589  1.64462772  1.43721136  1.41100830
7    1.22719555  0.93388402  1.26578568  0.98095733  1.13025340  0.47837482  1.18991589  0.00000000  0.84331944  1.11377024  1.07983918
8    1.35113566  1.32620737  1.62856025  1.34450354  1.50062726  0.96002755  1.64462772  0.84331944  0.00000000  1.48235034  1.37529793
10    1.44751948  1.07255542  1.22812838  1.26826334  0.55708018  1.29649724  1.43721136  1.11377024  1.48235034  0.00000000  0.74788668
11    1.04241091  1.05100786  1.44715639  1.22885209  0.48016426  1.26151901  1.41100830  1.07983918  1.37529793  0.74788668  0.00000000

--------------------------------------------------------------------------------
n=10
(result of R-step: (0,4:11)0.30399696)
V=[0, 1, 2, 3, 4, 5, 6, 7, 8, 10]
total successes of this branch: 3
Matrix on 10 elements:

0    0.00000000  1.12825687  1.42999447  1.16169066  1.21092061  1.23019422  1.45062226  1.05697968  1.18091979  1.27730361
1    1.12825687  0.00000000  1.32600734  1.15563739  0.97503968  1.13731903  1.10450093  0.93388402  1.32620737  1.07255542
2    1.42999447  1.32600734  0.00000000  1.37538916  1.41242458  1.43993508  1.65252897  1.26578568  1.62856025  1.22812838
3    1.16169066  1.15563739  1.37538916  0.00000000  1.21595884  1.14914045  1.41173145  0.98095733  1.34450354  1.26826334
4    1.21092061  0.97503968  1.41242458  1.21595884  0.00000000  1.23297319  1.35147820  1.04759593  1.41796980  0.47442272
5    1.23019422  1.13731903  1.43993508  1.14914045  1.23297319  0.00000000  1.45405198  0.47837482  0.96002755  1.29649724
6    1.45062226  1.10450093  1.65252897  1.41173145  1.35147820  1.45405198  0.00000000  1.18991589  1.64462772  1.43721136
7    1.05697968  0.93388402  1.26578568  0.98095733  1.04759593  0.47837482  1.18991589  0.00000000  0.84331944  1.11377024
8    1.18091979  1.32620737  1.62856025  1.34450354  1.41796980  0.96002755  1.64462772  0.84331944  0.00000000  1.48235034
10    1.27730361  1.07255542  1.22812838  1.26826334  0.47442272  1.29649724  1.43721136  1.11377024  1.48235034  0.00000000

--------------------------------------------------------------------------------
n=9
(result of R-step: (0,5:8)0.29958509)
V=[0, 1, 2, 3, 4, 5, 6, 7, 10]
total successes of this branch: 3
Matrix on 9 elements:

0    0.00000000  0.91517852  1.21691612  0.94861231  0.99784226  0.73165901  1.23754391  0.84390133  1.06422526
1    0.91517852  0.00000000  1.32600734  1.15563739  0.97503968  0.85186218  1.10450093  0.93388402  1.07255542
2    1.21691612  1.32600734  0.00000000  1.37538916  1.41242458  1.15447823  1.65252897  1.26578568  1.22812838
3    0.94861231  1.15563739  1.37538916  0.00000000  1.21595884  0.86368360  1.41173145  0.98095733  1.26826334
4    0.99784226  0.97503968  1.41242458  1.21595884  0.00000000  0.94751634  1.35147820  1.04759593  0.47442272
5    0.73165901  0.85186218  1.15447823  0.86368360  0.94751634  0.00000000  1.16859513  0.19291796  1.01104038
6    1.23754391  1.10450093  1.65252897  1.41173145  1.35147820  1.16859513  0.00000000  1.18991589  1.43721136
7    0.84390133  0.93388402  1.26578568  0.98095733  1.04759593  0.19291796  1.18991589  0.00000000  1.11377024
10    1.06422526  1.07255542  1.22812838  1.26826334  0.47442272  1.01104038  1.43721136  1.11377024  0.00000000

--------------------------------------------------------------------------------
n=8
(result of R-step: (2,4:10)0.23604399)
V=[0, 1, 2, 3, 4, 5, 6, 7]
total successes of this branch: 3
Matrix on 8 elements:

0    0.00000000  0.91517852  0.93216792  0.94861231  0.91514349  0.73165901  1.23754391  0.84390133
1    0.91517852  0.00000000  1.04125913  1.15563739  0.89234091  0.85186218  1.10450093  0.93388402
2    0.93216792  1.04125913  0.00000000  1.09064096  1.04497760  0.86973002  1.36778077  0.98103747
3    0.94861231  1.15563739  1.09064096  0.00000000  1.13326007  0.86368360  1.41173145  0.98095733
4    0.91514349  0.89234091  1.04497760  1.13326007  0.00000000  0.86481757  1.26877942  0.96489716
5    0.73165901  0.85186218  0.86973002  0.86368360  0.86481757  0.00000000  1.16859513  0.19291796
6    1.23754391  1.10450093  1.36778077  1.41173145  1.26877942  1.16859513  0.00000000  1.18991589
7    0.84390133  0.93388402  0.98103747  0.98095733  0.96489716  0.19291796  1.18991589  0.00000000

--------------------------------------------------------------------------------
n=7
(result of R-step: (0,4:2)0.92313657)
V=[0, 1, 3, 4, 5, 6, 7]
total successes of this branch: 0
Matrix on 7 elements:

0    0.00000000  0.51762583  0.55105962  0.04702115  0.33410632  0.83999121  0.44634863
1    0.51762583  0.00000000  1.15563739  0.42177127  0.85186218  1.10450093  0.93388402
3    0.55105962  1.15563739  0.00000000  0.66269043  0.86368360  1.41173145  0.98095733
4    0.04702115  0.42177127  0.66269043  0.00000000  0.39424793  0.79820978  0.49432752
5    0.33410632  0.85186218  0.86368360  0.39424793  0.00000000  1.16859513  0.19291796
6    0.83999121  1.10450093  1.41173145  0.79820978  1.16859513  0.00000000  1.18991589
7    0.44634863  0.93388402  0.98095733  0.49432752  0.19291796  1.18991589  0.00000000
reason of abort: no pseudometric

--------------------------------------------------------------------------------
n=7
(result of R-step: (5,6:7)0.88066757)
V=[0, 1, 2, 3, 4, 5, 6]
total successes of this branch: 3
Matrix on 7 elements:

0    0.00000000  0.91517852  0.93216792  0.94861231  0.91514349  0.73075469  0.78126303
1    0.91517852  0.00000000  1.04125913  1.15563739  0.89234091  0.85095785  0.64822004
2    0.93216792  1.04125913  0.00000000  1.09064096  1.04497760  0.86882570  0.91149988
3    0.94861231  1.15563739  1.09064096  0.00000000  1.13326007  0.86277927  0.95545057
4    0.91514349  0.89234091  1.04497760  1.13326007  0.00000000  0.86391324  0.81249854
5    0.73075469  0.85095785  0.86882570  0.86277927  0.86391324  0.00000000  0.71140992
6    0.78126303  0.64822004  0.91149988  0.95545057  0.81249854  0.71140992  0.00000000

--------------------------------------------------------------------------------
n=6
(result of R-step: (0,4:2)0.92313657)
V=[0, 1, 3, 4, 5, 6]
total successes of this branch: 0
Matrix on 6 elements:

0    0.00000000  0.51762583  0.55105962  0.04702115  0.33320199  0.38371033
1    0.51762583  0.00000000  1.15563739  0.42177127  0.85095785  0.64822004
3    0.55105962  1.15563739  0.00000000  0.66269043  0.86277927  0.95545057
4    0.04702115  0.42177127  0.66269043  0.00000000  0.39334360  0.34192890
5    0.33320199  0.85095785  0.86277927  0.39334360  0.00000000  0.71140992
6    0.38371033  0.64822004  0.95545057  0.34192890  0.71140992  0.00000000
reason of abort: no pseudometric

--------------------------------------------------------------------------------
n=6
(result of R-step: (1,3:6)0.73938825)
V=[0, 1, 2, 3, 4, 5]
total successes of this branch: 3
Matrix on 6 elements:

0    0.00000000  0.58404255  0.93216792  0.48122242  0.91514349  0.73075469
1    0.58404255  0.00000000  0.71012316  0.35711152  0.56120494  0.51982188
2    0.93216792  0.71012316  0.00000000  0.62325106  1.04497760  0.86882570
3    0.48122242  0.35711152  0.62325106  0.00000000  0.66587017  0.39538938
4    0.91514349  0.56120494  1.04497760  0.66587017  0.00000000  0.86391324
5    0.73075469  0.51982188  0.86882570  0.39538938  0.86391324  0.00000000

--------------------------------------------------------------------------------
n=5
(result of R-step: (0,4:2)0.92313657)
V=[0, 1, 3, 4, 5]
total successes of this branch: 0
Matrix on 5 elements:

0    0.00000000  0.18648985  0.08366972  0.04702115  0.33320199
1    0.18648985  0.00000000  0.35711152  0.09063530  0.51982188
3    0.08366972  0.35711152  0.00000000  0.19530053  0.39538938
4    0.04702115  0.09063530  0.19530053  0.00000000  0.39334360
