n=20
V=[0, 1, 2, 3, 4, 5, 6, 7, 8, 9, 10, 11, 12, 13, 14, 15, 16, 17, 18, 19]
total successes of this branch: 3
Matrix on 20 elements:

0    0.00000000  1.37010028  1.33252837  1.34972784  1.35989968  1.36397380  1.10634079  1.07856917  1.27676985  1.35585947  1.35574932  1.15490438  1.08727946  1.14535027  1.11934021  1.31157404  1.14786347  1.18244027  1.14140144  1.24967104
1    1.37010028  0.00000000  1.34853035  1.25196716  1.18066542  1.10514134  1.25911924  1.27502289  1.00298884  1.20898615  1.20975829  1.25704907  1.27297197  1.23580469  1.26542297  1.19702802  1.25870691  1.24319061  1.26413449  1.22993030
2    1.33252837  1.34853035  0.00000000  1.23415310  1.29126103  1.30111114  1.31936891  1.32125467  1.33821167  1.26857802  1.26795959  1.30657724  1.31957989  1.31660441  1.31341537  1.29628093  1.30793104  1.30760417  1.30582546  1.29247460
3    1.34972784  1.25196716  1.23415310  0.00000000  1.18046392  1.24906240  1.30756298  1.31360523  1.27163956  1.05139177  1.04744656  1.24030533  1.30524128  1.29870512  1.27445536  1.20258241  1.24706627  1.24980090  1.16167264  1.17288208
4    1.35989968  1.18066542  1.29126103  1.18046392  0.00000000  1.19869915  1.29237902  1.30205477  1.22019491  0.98457725  0.98809628  1.21559084  1.29218873  1.27819449  1.25587392  0.71261821  1.22356598  1.04410202  1.24865289  1.02102559
5    1.36397380  1.10514134  1.30111114  1.24906240  1.19869915  0.00000000  1.17828235  1.20489204  1.13102204  1.21870320  1.21924860  1.20884583  1.20534319  1.09660731  1.20700378  1.19987690  1.20848114  1.20482543  1.21103119  1.21020554
6    1.10634079  1.25911924  1.31936891  1.30756298  1.29237902  1.17828235  0.00000000  0.94031267  1.11885702  1.29841002  1.29857445  1.03897770  0.95157093  0.72054536  0.99301019  1.23196615  1.02987717  1.07153626  1.02313082  1.15949018
7    1.07856917  1.27502289  1.32125467  1.31360523  1.30205477  1.20489204  0.94031267  0.00000000  1.15658678  1.30664256  1.30676765  0.94777645  0.78744542  0.98037394  0.86345783  1.21083326  0.93108326  0.97850419  0.90656259  1.10571615
8    1.27676985  1.00298884  1.33821167  1.27163956  1.22019491  1.13102204  1.11885702  1.15658678  0.00000000  1.24062849  1.24118559  1.17988523  1.15924527  1.12069899  1.16903061  1.20939076  1.17773626  1.18245128  1.17885613  1.20500529
9    1.35585947  1.20898615  1.26857802  1.05139177  0.98457725  1.21870320  1.29841002  1.30664256  1.24062849  0.00000000  0.83572758  1.17695292  1.29184422  1.28634122  1.23737463  1.03904450  1.18891506  1.17106450  1.21956547  0.74232211
10    1.35574932  1.20975829  1.26795959  1.04744656  0.98809628  1.21924860  1.29857445  1.30676765  1.24118559  0.83572758  0.00000000  1.17032573  1.28991864  1.28656333  1.23322004  1.04159841  1.18277739  1.16892274  1.21543093  1.03975038
11    1.15490438  1.25704907  1.30657724  1.24030533  1.21559084  1.20884583  1.03897770  0.94777645  1.17988523  1.17695292  1.17032573  0.00000000  0.95476999  1.06469827  0.79153474  1.16935679  0.56936454  0.90276696  0.83450766  1.00906276
12    1.08727946  1.27297197  1.31957989  1.30524128  1.29218873  1.20534319  0.95157093  0.78744542  1.15924527  1.29184422  1.28991864  0.95476999  0.00000000  0.98999584  0.77369732  1.16731669  0.91892168  0.90970044  0.82459637  1.05784909
13    1.14535027  1.23580469  1.31660441  1.29870512  1.27819449  1.09660731  0.72054536  0.98037394  1.12069899  1.28634122  1.28656333  1.06469827  0.98999584  0.00000000  1.02541201  1.22710735  1.05692048  1.09171823  1.05158174  1.16716924
14    1.11934021  1.26542297  1.31341537  1.27445536  1.25587392  1.20700378  0.99301019  0.86345783  1.16903061  1.23737463  1.23322004  0.79153474  0.77369732  1.02541201  0.00000000  1.17040155  0.73669252  0.66029731  0.20943657  0.88401737
15    1.31157404  1.19702802  1.29628093  1.20258241  0.71261821  1.19987690  1.23196615  1.21083326  1.20939076  1.03904450  1.04159841  1.16935679  1.16731669  1.22710735  1.17040155  0.00000000  1.16956363  1.05032249  1.17348309  1.04595027
16    1.14786347  1.25870691  1.30793104  1.24706627  1.22356598  1.20848114  1.02987717  0.93108326  1.17773626  1.18891506  1.18277739  0.56936454  0.91892168  1.05692048  0.73669252  1.16956363  0.00000000  0.86440208  0.78556438  0.99020855
17    1.18244027  1.24319061  1.30760417  1.24980090  1.04410202  1.20482543  1.07153626  0.97850419  1.18245128  1.17106450  1.16892274  0.90276696  0.90970044  1.09171823  0.66029731  1.05032249  0.86440208  0.00000000  0.71674639  0.49388231
18    1.14140144  1.26413449  1.30582546  1.16167264  1.24865289  1.21103119  1.02313082  0.90656259  1.17885613  1.21956547  1.21543093  0.83450766  0.82459637  1.05158174  0.20943657  1.17348309  0.78556438  0.71674639  0.00000000  0.91167818
19    1.24967104  1.22993030  1.29247460  1.17288208  1.02102559  1.21020554  1.15949018  1.10571615  1.20500529  0.74232211  1.03975038  1.00906276  1.05784909  1.16716924  0.88401737  1.04595027  0.99020855  0.49388231  0.91167818  0.00000000

--------------------------------------------------------------------------------
n=19
(result of R-step: (3,14:18)0.09575699)
V=[0, 1, 2, 3, 4, 5, 6, 7, 8, 9, 10, 11, 12, 13, 14, 15, 16, 17, 19]
total successes of this branch: 3
Matrix on 19 elements:

0    0.00000000  1.37010028  1.33252837  1.30140092  1.35989968  1.36397380  1.10634079  1.07856917  1.27676985  1.35585947  1.35574932  1.15490438  1.08727946  1.14535027  1.07101329  1.31157404  1.14786347  1.18244027  1.24967104
1    1.37010028  0.00000000  1.34853035  1.20364024  1.18066542  1.10514134  1.25911924  1.27502289  1.00298884  1.20898615  1.20975829  1.25704907  1.27297197  1.23580469  1.21709605  1.19702802  1.25870691  1.24319061  1.22993030
2    1.33252837  1.34853035  0.00000000  1.18582618  1.29126103  1.30111114  1.31936891  1.32125467  1.33821167  1.26857802  1.26795959  1.30657724  1.31957989  1.31660441  1.26508846  1.29628093  1.30793104  1.30760417  1.29247460
3    1.30140092  1.20364024  1.18582618  0.00000000  1.13213700  1.20073548  1.25923606  1.26527831  1.22331264  1.00306485  0.99911964  1.19197841  1.25691436  1.25037820  1.17780152  1.15425549  1.19873935  1.20147398  1.12455517
4    1.35989968  1.18066542  1.29126103  1.13213700  0.00000000  1.19869915  1.29237902  1.30205477  1.22019491  0.98457725  0.98809628  1.21559084  1.29218873  1.27819449  1.20754700  0.71261821  1.22356598  1.04410202  1.02102559
5    1.36397380  1.10514134  1.30111114  1.20073548  1.19869915  0.00000000  1.17828235  1.20489204  1.13102204  1.21870320  1.21924860  1.20884583  1.20534319  1.09660731  1.15867686  1.19987690  1.20848114  1.20482543  1.21020554
6    1.10634079  1.25911924  1.31936891  1.25923606  1.29237902  1.17828235  0.00000000  0.94031267  1.11885702  1.29841002  1.29857445  1.03897770  0.95157093  0.72054536  0.94468327  1.23196615  1.02987717  1.07153626  1.15949018
7    1.07856917  1.27502289  1.32125467  1.26527831  1.30205477  1.20489204  0.94031267  0.00000000  1.15658678  1.30664256  1.30676765  0.94777645  0.78744542  0.98037394  0.81513091  1.21083326  0.93108326  0.97850419  1.10571615
8    1.27676985  1.00298884  1.33821167  1.22331264  1.22019491  1.13102204  1.11885702  1.15658678  0.00000000  1.24062849  1.24118559  1.17988523  1.15924527  1.12069899  1.12070369  1.20939076  1.17773626  1.18245128  1.20500529
9    1.35585947  1.20898615  1.26857802  1.00306485  0.98457725  1.21870320  1.29841002  1.30664256  1.24062849  0.00000000  0.83572758  1.17695292  1.29184422  1.28634122  1.18904771  1.03904450  1.18891506  1.17106450  0.74232211
10    1.35574932  1.20975829  1.26795959  0.99911964  0.98809628  1.21924860  1.29857445  1.30676765  1.24118559  0.83572758  0.00000000  1.17032573  1.28991864  1.28656333  1.18489312  1.04159841  1.18277739  1.16892274  1.03975038
11    1.15490438  1.25704907  1.30657724  1.19197841  1.21559084  1.20884583  1.03897770  0.94777645  1.17988523  1.17695292  1.17032573  0.00000000  0.95476999  1.06469827  0.74320782  1.16935679  0.56936454  0.90276696  1.00906276
12    1.08727946  1.27297197  1.31957989  1.25691436  1.29218873  1.20534319  0.95157093  0.78744542  1.15924527  1.29184422  1.28991864  0.95476999  0.00000000  0.98999584  0.72537040  1.16731669  0.91892168  0.90970044  1.05784909
13    1.14535027  1.23580469  1.31660441  1.25037820  1.27819449  1.09660731  0.72054536  0.98037394  1.12069899  1.28634122  1.28656333  1.06469827  0.98999584  0.00000000  0.97708509  1.22710735  1.05692048  1.09171823  1.16716924
14    1.07101329  1.21709605  1.26508846  1.17780152  1.20754700  1.15867686  0.94468327  0.81513091  1.12070369  1.18904771  1.18489312  0.74320782  0.72537040  0.97708509  0.00000000  1.12207463  0.68836560  0.61197039  0.83569045
15    1.31157404  1.19702802  1.29628093  1.15425549  0.71261821  1.19987690  1.23196615  1.21083326  1.20939076  1.03904450  1.04159841  1.16935679  1.16731669  1.22710735  1.12207463  0.00000000  1.16956363  1.05032249  1.04595027
16    1.14786347  1.25870691  1.30793104  1.19873935  1.22356598  1.20848114  1.02987717  0.93108326  1.17773626  1.18891506  1.18277739  0.56936454  0.91892168  1.05692048  0.68836560  1.16956363  0.00000000  0.86440208  0.99020855
17    1.18244027  1.24319061  1.30760417  1.20147398  1.04410202  1.20482543  1.07153626  0.97850419  1.18245128  1.17106450  1.16892274  0.90276696  0.90970044  1.09171823  0.61197039  1.05032249  0.86440208  0.00000000  0.49388231
19    1.24967104  1.22993030  1.29247460  1.12455517  1.02102559  1.21020554  1.15949018  1.10571615  1.20500529  0.74232211  1.03975038  1.00906276  1.05784909  1.16716924  0.83569045  1.04595027  0.99020855  0.49388231  0.00000000

--------------------------------------------------------------------------------
n=18
(result of R-step: (5,6:13)0.15141493)
V=[0, 1, 2, 3, 4, 5, 6, 7, 8, 9, 10, 11, 12, 14, 15, 16, 17, 19]
total successes of this branch: 3
Matrix on 18 elements:

0    0.00000000  1.37010028  1.33252837  1.30140092  1.35989968  1.04453863  0.78690562  1.07856917  1.27676985  1.35585947  1.35574932  1.15490438  1.08727946  1.07101329  1.31157404  1.14786347  1.18244027  1.24967104
1    1.37010028  0.00000000  1.34853035  1.20364024  1.18066542  0.78570618  0.93968407  1.27502289  1.00298884  1.20898615  1.20975829  1.25704907  1.27297197  1.21709605  1.19702802  1.25870691  1.24319061  1.22993030
2    1.33252837  1.34853035  0.00000000  1.18582618  1.29126103  0.98167597  0.99993374  1.32125467  1.33821167  1.26857802  1.26795959  1.30657724  1.31957989  1.26508846  1.29628093  1.30793104  1.30760417  1.29247460
3    1.30140092  1.20364024  1.18582618  0.00000000  1.13213700  0.88130032  0.93980090  1.26527831  1.22331264  1.00306485  0.99911964  1.19197841  1.25691436  1.17780152  1.15425549  1.19873935  1.20147398  1.12455517
4    1.35989968  1.18066542  1.29126103  1.13213700  0.00000000  0.87926399  0.97294386  1.30205477  1.22019491  0.98457725  0.98809628  1.21559084  1.29218873  1.20754700  0.71261821  1.22356598  1.04410202  1.02102559
5    1.04453863  0.78570618  0.98167597  0.88130032  0.87926399  0.00000000  0.53941202  0.88545688  0.81158688  0.89926804  0.89981343  0.88941066  0.88590803  0.83924170  0.88044173  0.88904598  0.88539027  0.89077037
6    0.78690562  0.93968407  0.99993374  0.93980090  0.97294386  0.53941202  0.00000000  0.62087750  0.79942186  0.97897486  0.97913929  0.71954253  0.63213576  0.62524811  0.91253098  0.71044200  0.75210110  0.84005501
7    1.07856917  1.27502289  1.32125467  1.26527831  1.30205477  0.88545688  0.62087750  0.00000000  1.15658678  1.30664256  1.30676765  0.94777645  0.78744542  0.81513091  1.21083326  0.93108326  0.97850419  1.10571615
8    1.27676985  1.00298884  1.33821167  1.22331264  1.22019491  0.81158688  0.79942186  1.15658678  0.00000000  1.24062849  1.24118559  1.17988523  1.15924527  1.12070369  1.20939076  1.17773626  1.18245128  1.20500529
9    1.35585947  1.20898615  1.26857802  1.00306485  0.98457725  0.89926804  0.97897486  1.30664256  1.24062849  0.00000000  0.83572758  1.17695292  1.29184422  1.18904771  1.03904450  1.18891506  1.17106450  0.74232211
10    1.35574932  1.20975829  1.26795959  0.99911964  0.98809628  0.89981343  0.97913929  1.30676765  1.24118559  0.83572758  0.00000000  1.17032573  1.28991864  1.18489312  1.04159841  1.18277739  1.16892274  1.03975038
11    1.15490438  1.25704907  1.30657724  1.19197841  1.21559084  0.88941066  0.71954253  0.94777645  1.17988523  1.17695292  1.17032573  0.00000000  0.95476999  0.74320782  1.16935679  0.56936454  0.90276696  1.00906276
12    1.08727946  1.27297197  1.31957989  1.25691436  1.29218873  0.88590803  0.63213576  0.78744542  1.15924527  1.29184422  1.28991864  0.95476999  0.00000000  0.72537040  1.16731669  0.91892168  0.90970044  1.05784909
14    1.07101329  1.21709605  1.26508846  1.17780152  1.20754700  0.83924170  0.62524811  0.81513091  1.12070369  1.18904771  1.18489312  0.74320782  0.72537040  0.00000000  1.12207463  0.68836560  0.61197039  0.83569045
15    1.31157404  1.19702802  1.29628093  1.15425549  0.71261821  0.88044173  0.91253098  1.21083326  1.20939076  1.03904450  1.04159841  1.16935679  1.16731669  1.12207463  0.00000000  1.16956363  1.05032249  1.04595027
16    1.14786347  1.25870691  1.30793104  1.19873935  1.22356598  0.88904598  0.71044200  0.93108326  1.17773626  1.18891506  1.18277739  0.56936454  0.91892168  0.68836560  1.16956363  0.00000000  0.86440208  0.99020855
17    1.18244027  1.24319061  1.30760417  1.20147398  1.04410202  0.88539027  0.75210110  0.97850419  1.18245128  1.17106450  1.16892274  0.90276696  0.90970044  0.61197039  1.05032249  0.86440208  0.00000000  0.49388231
19    1.24967104  1.22993030  1.29247460  1.12455517  1.02102559  0.89077037  0.84005501  1.10571615  1.20500529  0.74232211  1.03975038  1.00906276  1.05784909  0.83569045  1.04595027  0.99020855  0.49388231  0.00000000

--------------------------------------------------------------------------------
n=17
(result of R-step: (1,6:8)0.64615330)
V=[0, 1, 2, 3, 4, 5, 6, 7, 9, 10, 11, 12, 14, 15, 16, 17, 19]
total successes of this branch: 3
Matrix on 17 elements:

0    0.00000000  0.93873697  1.33252837  1.30140092  1.35989968  1.04453863  0.67497747  1.07856917  1.35585947  1.35574932  1.15490438  1.08727946  1.07101329  1.31157404  1.14786347  1.18244027  1.24967104
1    0.93873697  0.00000000  0.91716704  0.77227693  0.74930211  0.35434286  0.39639261  0.84365958  0.77762283  0.77839497  0.82568575  0.84160866  0.78573274  0.76566470  0.82734360  0.81182729  0.79856698
2    1.33252837  0.91716704  0.00000000  1.18582618  1.29126103  0.98167597  0.88800559  1.32125467  1.26857802  1.26795959  1.30657724  1.31957989  1.26508846  1.29628093  1.30793104  1.30760417  1.29247460
3    1.30140092  0.77227693  1.18582618  0.00000000  1.13213700  0.88130032  0.82787275  1.26527831  1.00306485  0.99911964  1.19197841  1.25691436  1.17780152  1.15425549  1.19873935  1.20147398  1.12455517
4    1.35989968  0.74930211  1.29126103  1.13213700  0.00000000  0.87926399  0.86101571  1.30205477  0.98457725  0.98809628  1.21559084  1.29218873  1.20754700  0.71261821  1.22356598  1.04410202  1.02102559
5    1.04453863  0.35434286  0.98167597  0.88130032  0.87926399  0.00000000  0.42748387  0.88545688  0.89926804  0.89981343  0.88941066  0.88590803  0.83924170  0.88044173  0.88904598  0.88539027  0.89077037
6    0.67497747  0.39639261  0.88800559  0.82787275  0.86101571  0.42748387  0.00000000  0.50894935  0.86704671  0.86721114  0.60761439  0.52020761  0.51331996  0.80060283  0.59851386  0.64017295  0.72812687
7    1.07856917  0.84365958  1.32125467  1.26527831  1.30205477  0.88545688  0.50894935  0.00000000  1.30664256  1.30676765  0.94777645  0.78744542  0.81513091  1.21083326  0.93108326  0.97850419  1.10571615
9    1.35585947  0.77762283  1.26857802  1.00306485  0.98457725  0.89926804  0.86704671  1.30664256  0.00000000  0.83572758  1.17695292  1.29184422  1.18904771  1.03904450  1.18891506  1.17106450  0.74232211
10    1.35574932  0.77839497  1.26795959  0.99911964  0.98809628  0.89981343  0.86721114  1.30676765  0.83572758  0.00000000  1.17032573  1.28991864  1.18489312  1.04159841  1.18277739  1.16892274  1.03975038
11    1.15490438  0.82568575  1.30657724  1.19197841  1.21559084  0.88941066  0.60761439  0.94777645  1.17695292  1.17032573  0.00000000  0.95476999  0.74320782  1.16935679  0.56936454  0.90276696  1.00906276
12    1.08727946  0.84160866  1.31957989  1.25691436  1.29218873  0.88590803  0.52020761  0.78744542  1.29184422  1.28991864  0.95476999  0.00000000  0.72537040  1.16731669  0.91892168  0.90970044  1.05784909
14    1.07101329  0.78573274  1.26508846  1.17780152  1.20754700  0.83924170  0.51331996  0.81513091  1.18904771  1.18489312  0.74320782  0.72537040  0.00000000  1.12207463  0.68836560  0.61197039  0.83569045
15    1.31157404  0.76566470  1.29628093  1.15425549  0.71261821  0.88044173  0.80060283  1.21083326  1.03904450  1.04159841  1.16935679  1.16731669  1.12207463  0.00000000  1.16956363  1.05032249  1.04595027
16    1.14786347  0.82734360  1.30793104  1.19873935  1.22356598  0.88904598  0.59851386  0.93108326  1.18891506  1.18277739  0.56936454  0.91892168  0.68836560  1.16956363  0.00000000  0.86440208  0.99020855
17    1.18244027  0.81182729  1.30760417  1.20147398  1.04410202  0.88539027  0.64017295  0.97850419  1.17106450  1.16892274  0.90276696  0.90970044  0.61197039  1.05032249  0.86440208  0.00000000  0.49388231
19    1.24967104  0.79856698  1.29247460  1.12455517  1.02102559  0.89077037  0.72812687  1.10571615  0.74232211  1.03975038  1.00906276  1.05784909  0.83569045  1.04595027  0.99020855  0.49388231  0.00000000

--------------------------------------------------------------------------------
n=16
(result of R-step: (9,17:19)0.38767779)
V=[0, 1, 2, 3, 4, 5, 6, 7, 9, 10, 11, 12, 14, 15, 16, 17]
total successes of this branch: 3
Matrix on 16 elements:

0    0.00000000  0.93873697  1.33252837  1.30140092  1.35989968  1.04453863  0.67497747  1.07856917  1.32328952  1.35574932  1.15490438  1.08727946  1.07101329  1.31157404  1.14786347  1.14987031
1    0.93873697  0.00000000  0.91716704  0.77227693  0.74930211  0.35434286  0.39639261  0.84365958  0.74505288  0.77839497  0.82568575  0.84160866  0.78573274  0.76566470  0.82734360  0.77925734
2    1.33252837  0.91716704  0.00000000  1.18582618  1.29126103  0.98167597  0.88800559  1.32125467  1.23600807  1.26795959  1.30657724  1.31957989  1.26508846  1.29628093  1.30793104  1.27503421
3    1.30140092  0.77227693  1.18582618  0.00000000  1.13213700  0.88130032  0.82787275  1.26527831  0.97049489  0.99911964  1.19197841  1.25691436  1.17780152  1.15425549  1.19873935  1.16890402
4    1.35989968  0.74930211  1.29126103  1.13213700  0.00000000  0.87926399  0.86101571  1.30205477  0.95200729  0.98809628  1.21559084  1.29218873  1.20754700  0.71261821  1.22356598  1.01153206
5    1.04453863  0.35434286  0.98167597  0.88130032  0.87926399  0.00000000  0.42748387  0.88545688  0.86669808  0.89981343  0.88941066  0.88590803  0.83924170  0.88044173  0.88904598  0.85282031
6    0.67497747  0.39639261  0.88800559  0.82787275  0.86101571  0.42748387  0.00000000  0.50894935  0.83447675  0.86721114  0.60761439  0.52020761  0.51331996  0.80060283  0.59851386  0.60760299
7    1.07856917  0.84365958  1.32125467  1.26527831  1.30205477  0.88545688  0.50894935  0.00000000  1.27407261  1.30676765  0.94777645  0.78744542  0.81513091  1.21083326  0.93108326  0.94593424
9    1.32328952  0.74505288  1.23600807  0.97049489  0.95200729  0.86669808  0.83447675  1.27407261  0.00000000  0.80315763  1.14438297  1.25927426  1.15647776  1.00647455  1.15634510  1.10592459
10    1.35574932  0.77839497  1.26795959  0.99911964  0.98809628  0.89981343  0.86721114  1.30676765  0.80315763  0.00000000  1.17032573  1.28991864  1.18489312  1.04159841  1.18277739  1.13635279
11    1.15490438  0.82568575  1.30657724  1.19197841  1.21559084  0.88941066  0.60761439  0.94777645  1.14438297  1.17032573  0.00000000  0.95476999  0.74320782  1.16935679  0.56936454  0.87019700
12    1.08727946  0.84160866  1.31957989  1.25691436  1.29218873  0.88590803  0.52020761  0.78744542  1.25927426  1.28991864  0.95476999  0.00000000  0.72537040  1.16731669  0.91892168  0.87713048
14    1.07101329  0.78573274  1.26508846  1.17780152  1.20754700  0.83924170  0.51331996  0.81513091  1.15647776  1.18489312  0.74320782  0.72537040  0.00000000  1.12207463  0.68836560  0.57940043
15    1.31157404  0.76566470  1.29628093  1.15425549  0.71261821  0.88044173  0.80060283  1.21083326  1.00647455  1.04159841  1.16935679  1.16731669  1.12207463  0.00000000  1.16956363  1.01775254
16    1.14786347  0.82734360  1.30793104  1.19873935  1.22356598  0.88904598  0.59851386  0.93108326  1.15634510  1.18277739  0.56936454  0.91892168  0.68836560  1.16956363  0.00000000  0.83183212
17    1.14987031  0.77925734  1.27503421  1.16890402  1.01153206  0.85282031  0.60760299  0.94593424  1.10592459  1.13635279  0.87019700  0.87713048  0.57940043  1.01775254  0.83183212  0.00000000

--------------------------------------------------------------------------------
n=15
(result of R-step: (4,14:17)0.26230543)
V=[0, 1, 2, 3, 4, 5, 6, 7, 9, 10, 11, 12, 14, 15, 16]
total successes of this branch: 3
Matrix on 15 elements:

0    0.00000000  0.93873697  1.33252837  1.30140092  1.13563698  1.04453863  0.67497747  1.07856917  1.32328952  1.35574932  1.15490438  1.08727946  0.89507751  1.31157404  1.14786347
1    0.93873697  0.00000000  0.91716704  0.77227693  0.52503941  0.35434286  0.39639261  0.84365958  0.74505288  0.77839497  0.82568575  0.84160866  0.60979696  0.76566470  0.82734360
2    1.33252837  0.91716704  0.00000000  1.18582618  1.06699833  0.98167597  0.88800559  1.32125467  1.23600807  1.26795959  1.30657724  1.31957989  1.08915267  1.29628093  1.30793104
3    1.30140092  0.77227693  1.18582618  0.00000000  0.90787430  0.88130032  0.82787275  1.26527831  0.97049489  0.99911964  1.19197841  1.25691436  1.00186574  1.15425549  1.19873935
4    1.13563698  0.52503941  1.06699833  0.90787430  0.00000000  0.65500129  0.63675301  1.07779207  0.72774459  0.76383358  0.99132814  1.06792603  0.80734852  0.48835551  0.99930328
5    1.04453863  0.35434286  0.98167597  0.88130032  0.65500129  0.00000000  0.42748387  0.88545688  0.86669808  0.89981343  0.88941066  0.88590803  0.66330591  0.88044173  0.88904598
6    0.67497747  0.39639261  0.88800559  0.82787275  0.63675301  0.42748387  0.00000000  0.50894935  0.83447675  0.86721114  0.60761439  0.52020761  0.33738417  0.80060283  0.59851386
7    1.07856917  0.84365958  1.32125467  1.26527831  1.07779207  0.88545688  0.50894935  0.00000000  1.27407261  1.30676765  0.94777645  0.78744542  0.63919513  1.21083326  0.93108326
9    1.32328952  0.74505288  1.23600807  0.97049489  0.72774459  0.86669808  0.83447675  1.27407261  0.00000000  0.80315763  1.14438297  1.25927426  0.98054197  1.00647455  1.15634510
10    1.35574932  0.77839497  1.26795959  0.99911964  0.76383358  0.89981343  0.86721114  1.30676765  0.80315763  0.00000000  1.17032573  1.28991864  1.00895733  1.04159841  1.18277739
11    1.15490438  0.82568575  1.30657724  1.19197841  0.99132814  0.88941066  0.60761439  0.94777645  1.14438297  1.17032573  0.00000000  0.95476999  0.56727203  1.16935679  0.56936454
12    1.08727946  0.84160866  1.31957989  1.25691436  1.06792603  0.88590803  0.52020761  0.78744542  1.25927426  1.28991864  0.95476999  0.00000000  0.54943462  1.16731669  0.91892168
14    0.89507751  0.60979696  1.08915267  1.00186574  0.80734852  0.66330591  0.33738417  0.63919513  0.98054197  1.00895733  0.56727203  0.54943462  0.00000000  0.94613885  0.51242982
15    1.31157404  0.76566470  1.29628093  1.15425549  0.48835551  0.88044173  0.80060283  1.21083326  1.00647455  1.04159841  1.16935679  1.16731669  0.94613885  0.00000000  1.16956363
16    1.14786347  0.82734360  1.30793104  1.19873935  0.99930328  0.88904598  0.59851386  0.93108326  1.15634510  1.18277739  0.56936454  0.91892168  0.51242982  1.16956363  0.00000000

--------------------------------------------------------------------------------
n=14
(result of R-step: (4,12:15)0.82273638)
V=[0, 1, 2, 3, 4, 5, 6, 7, 9, 10, 11, 12, 14, 16]
total successes of this branch: 3
Matrix on 14 elements:

0    0.00000000  0.93873697  1.33252837  1.30140092  1.06602660  1.04453863  0.67497747  1.07856917  1.32328952  1.35574932  1.15490438  0.79340638  0.89507751  1.14786347
1    0.93873697  0.00000000  0.91716704  0.77227693  0.45542903  0.35434286  0.39639261  0.84365958  0.74505288  0.77839497  0.82568575  0.54773557  0.60979696  0.82734360
2    1.33252837  0.91716704  0.00000000  1.18582618  0.99738795  0.98167597  0.88800559  1.32125467  1.23600807  1.26795959  1.30657724  1.02570680  1.08915267  1.30793104
3    1.30140092  0.77227693  1.18582618  0.00000000  0.83826391  0.88130032  0.82787275  1.26527831  0.97049489  0.99911964  1.19197841  0.96304128  1.00186574  1.19873935
4    1.06602660  0.45542903  0.99738795  0.83826391  0.00000000  0.58539090  0.56714262  1.00818169  0.65813420  0.69422320  0.92171775  0.70444256  0.73773814  0.92969290
5    1.04453863  0.35434286  0.98167597  0.88130032  0.58539090  0.00000000  0.42748387  0.88545688  0.86669808  0.89981343  0.88941066  0.59203494  0.66330591  0.88904598
6    0.67497747  0.39639261  0.88800559  0.82787275  0.56714262  0.42748387  0.00000000  0.50894935  0.83447675  0.86721114  0.60761439  0.22633453  0.33738417  0.59851386
7    1.07856917  0.84365958  1.32125467  1.26527831  1.00818169  0.88545688  0.50894935  0.00000000  1.27407261  1.30676765  0.94777645  0.49357234  0.63919513  0.93108326
9    1.32328952  0.74505288  1.23600807  0.97049489  0.65813420  0.86669808  0.83447675  1.27407261  0.00000000  0.80315763  1.14438297  0.96540117  0.98054197  1.15634510
10    1.35574932  0.77839497  1.26795959  0.99911964  0.69422320  0.89981343  0.86721114  1.30676765  0.80315763  0.00000000  1.17032573  0.99604556  1.00895733  1.18277739
11    1.15490438  0.82568575  1.30657724  1.19197841  0.92171775  0.88941066  0.60761439  0.94777645  1.14438297  1.17032573  0.00000000  0.66089690  0.56727203  0.56936454
12    0.79340638  0.54773557  1.02570680  0.96304128  0.70444256  0.59203494  0.22633453  0.49357234  0.96540117  0.99604556  0.66089690  0.00000000  0.25556154  0.62504859
14    0.89507751  0.60979696  1.08915267  1.00186574  0.73773814  0.66330591  0.33738417  0.63919513  0.98054197  1.00895733  0.56727203  0.25556154  0.00000000  0.51242982
16    1.14786347  0.82734360  1.30793104  1.19873935  0.92969290  0.88904598  0.59851386  0.93108326  1.15634510  1.18277739  0.56936454  0.62504859  0.51242982  0.00000000

--------------------------------------------------------------------------------
n=13
(result of R-step: (11,14:16)0.80202254)
V=[0, 1, 2, 3, 4, 5, 6, 7, 9, 10, 11, 12, 14]
total successes of this branch: 3
Matrix on 13 elements:

0    0.00000000  0.93873697  1.33252837  1.30140092  1.06602660  1.04453863  0.67497747  1.07856917  1.32328952  1.35574932  0.89764321  0.79340638  0.86207905
1    0.93873697  0.00000000  0.91716704  0.77227693  0.45542903  0.35434286  0.39639261  0.84365958  0.74505288  0.77839497  0.56842459  0.54773557  0.57679850
2    1.33252837  0.91716704  0.00000000  1.18582618  0.99738795  0.98167597  0.88800559  1.32125467  1.23600807  1.26795959  1.04931608  1.02570680  1.05615421
3    1.30140092  0.77227693  1.18582618  0.00000000  0.83826391  0.88130032  0.82787275  1.26527831  0.97049489  0.99911964  0.93471725  0.96304128  0.96886728
4    1.06602660  0.45542903  0.99738795  0.83826391  0.00000000  0.58539090  0.56714262  1.00818169  0.65813420  0.69422320  0.66445659  0.70444256  0.70473967
5    1.04453863  0.35434286  0.98167597  0.88130032  0.58539090  0.00000000  0.42748387  0.88545688  0.86669808  0.89981343  0.63214950  0.59203494  0.63030745
6    0.67497747  0.39639261  0.88800559  0.82787275  0.56714262  0.42748387  0.00000000  0.50894935  0.83447675  0.86721114  0.35035322  0.22633453  0.30438571
7    1.07856917  0.84365958  1.32125467  1.26527831  1.00818169  0.88545688  0.50894935  0.00000000  1.27407261  1.30676765  0.69051528  0.49357234  0.60619667
9    1.32328952  0.74505288  1.23600807  0.97049489  0.65813420  0.86669808  0.83447675  1.27407261  0.00000000  0.80315763  0.88712180  0.96540117  0.94754351
10    1.35574932  0.77839497  1.26795959  0.99911964  0.69422320  0.89981343  0.86721114  1.30676765  0.80315763  0.00000000  0.91306457  0.99604556  0.97595887
11    0.89764321  0.56842459  1.04931608  0.93471725  0.66445659  0.63214950  0.35035322  0.69051528  0.88712180  0.91306457  0.00000000  0.40363574  0.27701241
12    0.79340638  0.54773557  1.02570680  0.96304128  0.70444256  0.59203494  0.22633453  0.49357234  0.96540117  0.99604556  0.40363574  0.00000000  0.22256307
14    0.86207905  0.57679850  1.05615421  0.96886728  0.70473967  0.63030745  0.30438571  0.60619667  0.94754351  0.97595887  0.27701241  0.22256307  0.00000000

--------------------------------------------------------------------------------
n=12
(result of R-step: (11,12:14)0.47409671)
V=[0, 1, 2, 3, 4, 5, 6, 7, 9, 10, 11, 12]
total successes of this branch: 3
Matrix on 12 elements:

0    0.00000000  0.93873697  1.33252837  1.30140092  1.06602660  1.04453863  0.67497747  1.07856917  1.32328952  1.35574932  0.84967334  0.78204843
1    0.93873697  0.00000000  0.91716704  0.77227693  0.45542903  0.35434286  0.39639261  0.84365958  0.74505288  0.77839497  0.52045472  0.53637762
2    1.33252837  0.91716704  0.00000000  1.18582618  0.99738795  0.98167597  0.88800559  1.32125467  1.23600807  1.26795959  1.00134620  1.01434885
3    1.30140092  0.77227693  1.18582618  0.00000000  0.83826391  0.88130032  0.82787275  1.26527831  0.97049489  0.99911964  0.88674737  0.95168333
4    1.06602660  0.45542903  0.99738795  0.83826391  0.00000000  0.58539090  0.56714262  1.00818169  0.65813420  0.69422320  0.61648672  0.69308461
5    1.04453863  0.35434286  0.98167597  0.88130032  0.58539090  0.00000000  0.42748387  0.88545688  0.86669808  0.89981343  0.58417963  0.58067699
6    0.67497747  0.39639261  0.88800559  0.82787275  0.56714262  0.42748387  0.00000000  0.50894935  0.83447675  0.86721114  0.30238335  0.21497658
7    1.07856917  0.84365958  1.32125467  1.26527831  1.00818169  0.88545688  0.50894935  0.00000000  1.27407261  1.30676765  0.64254541  0.48221438
9    1.32328952  0.74505288  1.23600807  0.97049489  0.65813420  0.86669808  0.83447675  1.27407261  0.00000000  0.80315763  0.83915193  0.95404322
10    1.35574932  0.77839497  1.26795959  0.99911964  0.69422320  0.89981343  0.86721114  1.30676765  0.80315763  0.00000000  0.86509469  0.98468761
11    0.84967334  0.52045472  1.00134620  0.88674737  0.61648672  0.58417963  0.30238335  0.64254541  0.83915193  0.86509469  0.00000000  0.34430791
12    0.78204843  0.53637762  1.01434885  0.95168333  0.69308461  0.58067699  0.21497658  0.48221438  0.95404322  0.98468761  0.34430791  0.00000000

--------------------------------------------------------------------------------
n=11
(result of R-step: (7,10:12)0.96857533)
V=[0, 1, 2, 3, 4, 5, 6, 7, 9, 10, 11]
total successes of this branch: 3
Matrix on 11 elements:

0    0.00000000  0.93873697  1.33252837  1.30140092  1.06602660  1.04453863  0.67497747  0.69327096  1.32328952  0.97045111  0.84967334
1    0.93873697  0.00000000  0.91716704  0.77227693  0.45542903  0.35434286  0.39639261  0.45836137  0.74505288  0.39309676  0.52045472
2    1.33252837  0.91716704  0.00000000  1.18582618  0.99738795  0.98167597  0.88800559  0.93595646  1.23600807  0.88266138  1.00134620
3    1.30140092  0.77227693  1.18582618  0.00000000  0.83826391  0.88130032  0.82787275  0.87998010  0.97049489  0.61382143  0.88674737
4    1.06602660  0.45542903  0.99738795  0.83826391  0.00000000  0.58539090  0.56714262  0.62288348  0.65813420  0.30892499  0.61648672
5    1.04453863  0.35434286  0.98167597  0.88130032  0.58539090  0.00000000  0.42748387  0.50015867  0.86669808  0.51451522  0.58417963
6    0.67497747  0.39639261  0.88800559  0.82787275  0.56714262  0.42748387  0.00000000  0.12365114  0.83447675  0.48191293  0.30238335
7    0.69327096  0.45836137  0.93595646  0.87998010  0.62288348  0.50015867  0.12365114  0.00000000  0.88877440  0.53617123  0.25724720
9    1.32328952  0.74505288  1.23600807  0.97049489  0.65813420  0.86669808  0.83447675  0.88877440  0.00000000  0.41785942  0.83915193
10    0.97045111  0.39309676  0.88266138  0.61382143  0.30892499  0.51451522  0.48191293  0.53617123  0.41785942  0.00000000  0.47979648
11    0.84967334  0.52045472  1.00134620  0.88674737  0.61648672  0.58417963  0.30238335  0.25724720  0.83915193  0.47979648  0.00000000

--------------------------------------------------------------------------------
n=10
(result of R-step: (7,10:11)0.72460074)
V=[0, 1, 2, 3, 4, 5, 6, 7, 9, 10]
total successes of this branch: 3
Matrix on 10 elements:

0    0.00000000  0.93873697  1.33252837  1.30140092  1.06602660  1.04453863  0.67497747  0.67290190  1.32328952  0.95008205
1    0.93873697  0.00000000  0.91716704  0.77227693  0.45542903  0.35434286  0.39639261  0.43799231  0.74505288  0.37272771
2    1.33252837  0.91716704  0.00000000  1.18582618  0.99738795  0.98167597  0.88800559  0.91558740  1.23600807  0.86229233
3    1.30140092  0.77227693  1.18582618  0.00000000  0.83826391  0.88130032  0.82787275  0.85961105  0.97049489  0.59345237
4    1.06602660  0.45542903  0.99738795  0.83826391  0.00000000  0.58539090  0.56714262  0.60251442  0.65813420  0.28855593
5    1.04453863  0.35434286  0.98167597  0.88130032  0.58539090  0.00000000  0.42748387  0.47978961  0.86669808  0.49414617
6    0.67497747  0.39639261  0.88800559  0.82787275  0.56714262  0.42748387  0.00000000  0.10328209  0.83447675  0.46154387
7    0.67290190  0.43799231  0.91558740  0.85961105  0.60251442  0.47978961  0.10328209  0.00000000  0.86840534  0.49543311
9    1.32328952  0.74505288  1.23600807  0.97049489  0.65813420  0.86669808  0.83447675  0.86840534  0.00000000  0.39749036
10    0.95008205  0.37272771  0.86229233  0.59345237  0.28855593  0.49414617  0.46154387  0.49543311  0.39749036  0.00000000

--------------------------------------------------------------------------------
n=9
(result of R-step: (0,6:7)0.14330061)
V=[0, 1, 2, 3, 4, 5, 6, 9, 10]
total successes of this branch: 3
Matrix on 9 elements:

0    0.00000000  0.48246644  0.87625784  0.84513039  0.60975608  0.58826811  0.19379974  0.86701899  0.49381153
1    0.48246644  0.00000000  0.91716704  0.77227693  0.45542903  0.35434286  0.37148540  0.74505288  0.37272771
2    0.87625784  0.91716704  0.00000000  1.18582618  0.99738795  0.98167597  0.86309838  1.23600807  0.86229233
3    0.84513039  0.77227693  1.18582618  0.00000000  0.83826391  0.88130032  0.80296554  0.97049489  0.59345237
4    0.60975608  0.45542903  0.99738795  0.83826391  0.00000000  0.58539090  0.54223541  0.65813420  0.28855593
5    0.58826811  0.35434286  0.98167597  0.88130032  0.58539090  0.00000000  0.40257666  0.86669808  0.49414617
6    0.19379974  0.37148540  0.86309838  0.80296554  0.54223541  0.40257666  0.00000000  0.80956954  0.43663666
9    0.86701899  0.74505288  1.23600807  0.97049489  0.65813420  0.86669808  0.80956954  0.00000000  0.39749036
10    0.49381153  0.37272771  0.86229233  0.59345237  0.28855593  0.49414617  0.43663666  0.39749036  0.00000000

--------------------------------------------------------------------------------
n=8
(result of R-step: (0,5:6)0.58113872)
V=[0, 1, 2, 3, 4, 5, 9, 10]
total successes of this branch: 3
Matrix on 8 elements:

0    0.00000000  0.47841230  0.87220370  0.84107625  0.60570193  0.44332447  0.86296485  0.48975739
1    0.47841230  0.00000000  0.91716704  0.77227693  0.45542903  0.21345336  0.74505288  0.37272771
2    0.87220370  0.91716704  0.00000000  1.18582618  0.99738795  0.84078647  1.23600807  0.86229233
3    0.84107625  0.77227693  1.18582618  0.00000000  0.83826391  0.74041082  0.97049489  0.59345237
4    0.60570193  0.45542903  0.99738795  0.83826391  0.00000000  0.44450140  0.65813420  0.28855593
5    0.44332447  0.21345336  0.84078647  0.74041082  0.44450140  0.00000000  0.72580858  0.35325666
9    0.86296485  0.74505288  1.23600807  0.97049489  0.65813420  0.72580858  0.00000000  0.39749036
10    0.48975739  0.37272771  0.86229233  0.59345237  0.28855593  0.35325666  0.39749036  0.00000000

--------------------------------------------------------------------------------
n=7
(result of R-step: (1,2:5)0.83693992)
V=[0, 1, 2, 3, 4, 9, 10]
total successes of this branch: 3
Matrix on 7 elements:

0    0.00000000  0.38091455  0.34334264  0.84107625  0.60570193  0.86296485  0.48975739
1    0.38091455  0.00000000  0.29080822  0.67477918  0.35793127  0.64755513  0.27522996
2    0.34334264  0.29080822  0.00000000  0.65696512  0.46852688  0.70714700  0.33343126
3    0.84107625  0.67477918  0.65696512  0.00000000  0.83826391  0.97049489  0.59345237
4    0.60570193  0.35793127  0.46852688  0.83826391  0.00000000  0.65813420  0.28855593
9    0.86296485  0.64755513  0.70714700  0.97049489  0.65813420  0.00000000  0.39749036
10    0.48975739  0.27522996  0.33343126  0.59345237  0.28855593  0.39749036  0.00000000

--------------------------------------------------------------------------------
n=6
(result of R-step: (1,2:0)0.36551828)
V=[1, 2, 3, 4, 9, 10]
total successes of this branch: 3
Matrix on 6 elements:

1    0.00000000  0.21824118  0.64905916  0.33221125  0.62183510  0.24950993
2    0.21824118  0.00000000  0.61011810  0.42167987  0.66029999  0.28658425
3    0.64905916  0.61011810  0.00000000  0.83826391  0.97049489  0.59345237
4    0.33221125  0.42167987  0.83826391  0.00000000  0.65813420  0.28855593
9    0.62183510  0.66029999  0.97049489  0.65813420  0.00000000  0.39749036
10    0.24950993  0.28658425  0.59345237  0.28855593  0.39749036  0.00000000

--------------------------------------------------------------------------------
n=5
(result of R-step: (2,4:1)0.66390776)
V=[2, 3, 4, 9, 10]
total successes of this branch: 3
Matrix on 5 elements:

2    0.00000000  0.52407088  0.20175318  0.57425277  0.20053702
3    0.52407088  0.00000000  0.70438445  0.97049489  0.59345237
4    0.20175318  0.70438445  0.00000000  0.52425474  0.15467647
9    0.57425277  0.97049489  0.52425474  0.00000000  0.39749036
10    0.20053702  0.59345237  0.15467647  0.39749036  0.00000000

--------------------------------------------------------------------------------
n=4
(result of R-step: (2,9:3)0.12610536)
V=[2, 4, 9, 10]
total successes of this branch: 0
reason of abort: negative delta/dxy

--------------------------------------------------------------------------------
n=4
(result of R-step: (2,9:4)0.09338394)
V=[2, 3, 9, 10]
total successes of this branch: 0
reason of abort: negative delta/dxy

--------------------------------------------------------------------------------
n=4
(result of R-step: (2,9:10)0.06023323)
V=[2, 3, 4, 9]
total successes of this branch: 0
Matrix on 4 elements:

2    0.00000000  0.43254070  0.11022300  0.10334430
3    0.43254070  0.00000000  0.70438445  0.59111660
4    0.11022300  0.70438445  0.00000000  0.14487645
9    0.10334430  0.59111660  0.14487645  0.00000000
reason of abort: no pseudometric

--------------------------------------------------------------------------------
n=4
(result of R-step: (2,10:3)0.17963858)
V=[2, 4, 9, 10]
total successes of this branch: 0
reason of abort: negative delta/dxy

--------------------------------------------------------------------------------
n=4
(result of R-step: (2,10:4)0.06432133)
V=[2, 3, 9, 10]
total successes of this branch: 0
reason of abort: negative delta/dxy

--------------------------------------------------------------------------------
n=4
(result of R-step: (3,4:2)0.55430511)
V=[3, 4, 9, 10]
total successes of this branch: 1
Matrix on 4 elements:

