n=20
V=[0, 1, 2, 3, 4, 5, 6, 7, 8, 9, 10, 11, 12, 13, 14, 15, 16, 17, 18, 19]
total successes of this branch: 3
Matrix on 20 elements:

0    0.00000000  2.58137967  2.53501840  2.37980294  2.44234122  2.51827051  2.52974581  2.38612654  2.56467667  2.40741943  2.53180584  2.39093143  2.40864520  2.49008893  2.39031957  2.39467802  2.49224011  2.45972760  2.42532027  2.04081809
1    2.58137967  0.00000000  2.49535366  2.56246198  2.53542319  2.50259471  2.37703313  2.53788438  1.68646973  2.51403668  1.84321397  2.53651187  2.52679382  2.51477918  2.53668664  2.51532439  2.02969784  2.51818779  2.53583658  2.54428239
2    2.53501840  2.49535366  0.00000000  2.49126350  2.31936396  1.96338831  2.06011699  2.33091330  2.35455920  2.29076523  2.35020603  2.29142533  2.40833031  1.40353102  2.29645372  2.29810954  2.40812219  2.11420014  2.31186797  2.36093648
3    2.37980294  2.56246198  2.49126350  0.00000000  2.23652086  2.42741607  2.45197183  2.24419431  2.52671959  2.27499926  2.47470708  2.25216748  1.30334882  2.04813151  2.25115218  2.25803874  1.61678546  2.34684724  2.24130808  2.26414188
4    2.44234122  2.53542319  2.31936396  2.23652086  0.00000000  2.31042511  2.35133711  1.44889030  2.47587329  1.58268645  2.28680716  1.47698136  2.25860634  2.29538377  1.47340425  1.49846093  2.38209109  1.92725746  0.57347023  1.59502359
5    2.51827051  2.50259471  1.96338831  2.42741607  2.31042511  0.00000000  1.93762262  2.32155624  2.31983222  2.26463451  2.32014961  2.30999780  2.33320185  2.09770820  2.31146965  2.31173703  2.36198533  1.16043869  2.31076688  2.35049225
6    2.52974581  2.37703313  2.06011699  2.45197183  2.35133711  1.93762262  0.00000000  2.36089176  2.04682404  2.20426604  2.10464347  2.35118546  2.17840686  2.17354533  2.35242146  2.34478872  2.20556758  2.12775411  2.35169190  2.38572963
7    2.38612654  2.53788438  2.33091330  2.24419431  1.44889030  2.32155624  2.36089176  0.00000000  2.48062914  1.46108656  2.26282975  1.14676509  2.26664165  2.30581117  1.07404277  1.11066306  2.38799010  1.78145745  1.32624406  0.38394117
8    2.56467667  1.68646973  2.35455920  2.52671959  2.47587329  2.31983222  2.04682404  2.48062914  0.00000000  2.41631350  1.51537012  2.47656074  2.43440928  2.40439364  2.47707881  2.44745361  1.11430534  2.39188663  2.47626772  2.49299225
9    2.40741943  2.51403668  2.29076523  2.27499926  1.58268645  2.26463451  2.20426604  1.46108656  2.41631350  0.00000000  2.24045756  1.48786112  2.26139337  2.28620153  1.48445166  1.50774024  2.36094427  1.90752051  1.55054504  1.60028894
10    2.53180584  1.84321397  2.35020603  2.47470708  2.28680716  2.32014961  2.10464347  2.26282975  1.51537012  2.24045756  0.00000000  2.26564947  2.40352350  2.38624475  2.26529040  2.20942398  1.89125405  2.29509370  2.27976710  2.30239522
11    2.39093143  2.53651187  2.29142533  2.25216748  1.47698136  2.30999780  2.35118546  1.14676509  2.47656074  1.48786112  2.26564947  0.00000000  2.27121408  2.28006155  0.64839776  0.69821681  2.38863979  1.33176721  1.20587737  1.32977778
12    2.40864520  2.52679382  2.40833031  1.30334882  2.25860634  2.33320185  2.17840686  2.26664165  2.43440928  2.26139337  2.40352350  2.27121408  0.00000000  2.08847662  2.27063183  2.27472553  1.99124127  2.30470358  2.26254096  2.28752989
13    2.49008893  2.51477918  1.40353102  2.04813151  2.29538377  2.09770820  2.17354533  2.30581117  2.40439364  2.28620153  2.38624475  2.28006155  2.08847662  0.00000000  2.28334050  2.28651044  2.26480430  2.18154338  2.29144334  2.33291781
14    2.39031957  2.53668664  2.29645372  2.25115218  1.47340425  2.31146965  2.35242146  1.07404277  2.47707881  1.48445166  2.26529040  0.64839776  2.27063183  2.28334050  0.00000000  0.50759202  2.38855706  1.54688855  1.03576366  1.26766266
15    2.39467802  2.51532439  2.29810954  2.25803874  1.49846093  2.31173703  2.34478872  1.11066306  2.44745361  1.50774024  2.20942398  0.69821681  2.27472553  2.28651044  0.50759202  0.00000000  2.37323776  1.56993682  1.17425886  1.29953734
16    2.49224011  2.02969784  2.40812219  1.61678546  2.38209109  2.36198533  2.20556758  2.38799010  1.11430534  2.36094427  1.89125405  2.38863979  1.99124127  2.26480430  2.38855706  2.37323776  0.00000000  2.37423946  2.38420669  2.40332493
17    2.45972760  2.51818779  2.11420014  2.34684724  1.92725746  1.16043869  2.12775411  1.78145745  2.39188663  1.90752051  2.29509370  1.33176721  2.30470358  2.18154338  1.54688855  1.56993682  2.37423946  0.00000000  1.80280468  1.88122871
18    2.42532027  2.53583658  2.31186797  2.24130808  0.57347023  2.31076688  2.35169190  1.32624406  2.47626772  1.55054504  2.27976710  1.20587737  2.26254096  2.29144334  1.03576366  1.17425886  2.38420669  1.80280468  0.00000000  1.48791448
19    2.04081809  2.54428239  2.36093648  2.26414188  1.59502359  2.35049225  2.38572963  0.38394117  2.49299225  1.60028894  2.30239522  1.32977778  2.28752989  2.33291781  1.26766266  1.29953734  2.40332493  1.88122871  1.48791448  0.00000000

--------------------------------------------------------------------------------
n=19
(result of R-step: (0,7:19)0.14709664)
V=[0, 1, 2, 3, 4, 5, 6, 7, 8, 9, 10, 11, 12, 13, 14, 15, 16, 17, 18]
total successes of this branch: 3
Matrix on 19 elements:

0    0.00000000  2.56206331  2.51570204  2.36048658  2.42302485  2.49895414  2.51042945  2.34749381  2.54536030  2.38810307  2.51248948  2.37161506  2.38932884  2.47077257  2.37100321  2.37536166  2.47292375  2.44041124  2.40600391
1    2.56206331  0.00000000  2.49535366  2.56246198  2.53542319  2.50259471  2.37703313  2.51856802  1.68646973  2.51403668  1.84321397  2.53651187  2.52679382  2.51477918  2.53668664  2.51532439  2.02969784  2.51818779  2.53583658
2    2.51570204  2.49535366  0.00000000  2.49126350  2.31936396  1.96338831  2.06011699  2.31159694  2.35455920  2.29076523  2.35020603  2.29142533  2.40833031  1.40353102  2.29645372  2.29810954  2.40812219  2.11420014  2.31186797
3    2.36048658  2.56246198  2.49126350  0.00000000  2.23652086  2.42741607  2.45197183  2.22487795  2.52671959  2.27499926  2.47470708  2.25216748  1.30334882  2.04813151  2.25115218  2.25803874  1.61678546  2.34684724  2.24130808
4    2.42302485  2.53542319  2.31936396  2.23652086  0.00000000  2.31042511  2.35133711  1.42957394  2.47587329  1.58268645  2.28680716  1.47698136  2.25860634  2.29538377  1.47340425  1.49846093  2.38209109  1.92725746  0.57347023
5    2.49895414  2.50259471  1.96338831  2.42741607  2.31042511  0.00000000  1.93762262  2.30223988  2.31983222  2.26463451  2.32014961  2.30999780  2.33320185  2.09770820  2.31146965  2.31173703  2.36198533  1.16043869  2.31076688
6    2.51042945  2.37703313  2.06011699  2.45197183  2.35133711  1.93762262  0.00000000  2.34157540  2.04682404  2.20426604  2.10464347  2.35118546  2.17840686  2.17354533  2.35242146  2.34478872  2.20556758  2.12775411  2.35169190
7    2.34749381  2.51856802  2.31159694  2.22487795  1.42957394  2.30223988  2.34157540  0.00000000  2.46131278  1.44177019  2.24351338  1.12744873  2.24732529  2.28649481  1.05472640  1.09134670  2.36867374  1.76214109  1.30692770
8    2.54536030  1.68646973  2.35455920  2.52671959  2.47587329  2.31983222  2.04682404  2.46131278  0.00000000  2.41631350  1.51537012  2.47656074  2.43440928  2.40439364  2.47707881  2.44745361  1.11430534  2.39188663  2.47626772
9    2.38810307  2.51403668  2.29076523  2.27499926  1.58268645  2.26463451  2.20426604  1.44177019  2.41631350  0.00000000  2.24045756  1.48786112  2.26139337  2.28620153  1.48445166  1.50774024  2.36094427  1.90752051  1.55054504
10    2.51248948  1.84321397  2.35020603  2.47470708  2.28680716  2.32014961  2.10464347  2.24351338  1.51537012  2.24045756  0.00000000  2.26564947  2.40352350  2.38624475  2.26529040  2.20942398  1.89125405  2.29509370  2.27976710
11    2.37161506  2.53651187  2.29142533  2.25216748  1.47698136  2.30999780  2.35118546  1.12744873  2.47656074  1.48786112  2.26564947  0.00000000  2.27121408  2.28006155  0.64839776  0.69821681  2.38863979  1.33176721  1.20587737
12    2.38932884  2.52679382  2.40833031  1.30334882  2.25860634  2.33320185  2.17840686  2.24732529  2.43440928  2.26139337  2.40352350  2.27121408  0.00000000  2.08847662  2.27063183  2.27472553  1.99124127  2.30470358  2.26254096
13    2.47077257  2.51477918  1.40353102  2.04813151  2.29538377  2.09770820  2.17354533  2.28649481  2.40439364  2.28620153  2.38624475  2.28006155  2.08847662  0.00000000  2.28334050  2.28651044  2.26480430  2.18154338  2.29144334
14    2.37100321  2.53668664  2.29645372  2.25115218  1.47340425  2.31146965  2.35242146  1.05472640  2.47707881  1.48445166  2.26529040  0.64839776  2.27063183  2.28334050  0.00000000  0.50759202  2.38855706  1.54688855  1.03576366
15    2.37536166  2.51532439  2.29810954  2.25803874  1.49846093  2.31173703  2.34478872  1.09134670  2.44745361  1.50774024  2.20942398  0.69821681  2.27472553  2.28651044  0.50759202  0.00000000  2.37323776  1.56993682  1.17425886
16    2.47292375  2.02969784  2.40812219  1.61678546  2.38209109  2.36198533  2.20556758  2.36867374  1.11430534  2.36094427  1.89125405  2.38863979  1.99124127  2.26480430  2.38855706  2.37323776  0.00000000  2.37423946  2.38420669
17    2.44041124  2.51818779  2.11420014  2.34684724  1.92725746  1.16043869  2.12775411  1.76214109  2.39188663  1.90752051  2.29509370  1.33176721  2.30470358  2.18154338  1.54688855  1.56993682  2.37423946  0.00000000  1.80280468
18    2.40600391  2.53583658  2.31186797  2.24130808  0.57347023  2.31076688  2.35169190  1.30692770  2.47626772  1.55054504  2.27976710  1.20587737  2.26254096  2.29144334  1.03576366  1.17425886  2.38420669  1.80280468  0.00000000

--------------------------------------------------------------------------------
n=18
(result of R-step: (3,8:16)0.39181638)
V=[0, 1, 2, 3, 4, 5, 6, 7, 8, 9, 10, 11, 12, 13, 14, 15, 17, 18]
total successes of this branch: 3
Matrix on 18 elements:

0    0.00000000  2.56206331  2.51570204  2.25830098  2.42302485  2.49895414  2.51042945  2.34749381  2.44317470  2.38810307  2.51248948  2.37161506  2.38932884  2.47077257  2.37100321  2.37536166  2.44041124  2.40600391
1    2.56206331  0.00000000  2.49535366  2.46027638  2.53542319  2.50259471  2.37703313  2.51856802  1.58428413  2.51403668  1.84321397  2.53651187  2.52679382  2.51477918  2.53668664  2.51532439  2.51818779  2.53583658
2    2.51570204  2.49535366  0.00000000  2.38907790  2.31936396  1.96338831  2.06011699  2.31159694  2.25237360  2.29076523  2.35020603  2.29142533  2.40833031  1.40353102  2.29645372  2.29810954  2.11420014  2.31186797
3    2.25830098  2.46027638  2.38907790  0.00000000  2.13433526  2.32523046  2.34978622  2.12269235  2.32234838  2.17281366  2.37252148  2.14998188  1.20116322  1.94594590  2.14896658  2.15585313  2.24466163  2.13912247
4    2.42302485  2.53542319  2.31936396  2.13433526  0.00000000  2.31042511  2.35133711  1.42957394  2.37368769  1.58268645  2.28680716  1.47698136  2.25860634  2.29538377  1.47340425  1.49846093  1.92725746  0.57347023
5    2.49895414  2.50259471  1.96338831  2.32523046  2.31042511  0.00000000  1.93762262  2.30223988  2.21764662  2.26463451  2.32014961  2.30999780  2.33320185  2.09770820  2.31146965  2.31173703  1.16043869  2.31076688
6    2.51042945  2.37703313  2.06011699  2.34978622  2.35133711  1.93762262  0.00000000  2.34157540  1.94463844  2.20426604  2.10464347  2.35118546  2.17840686  2.17354533  2.35242146  2.34478872  2.12775411  2.35169190
7    2.34749381  2.51856802  2.31159694  2.12269235  1.42957394  2.30223988  2.34157540  0.00000000  2.35912718  1.44177019  2.24351338  1.12744873  2.24732529  2.28649481  1.05472640  1.09134670  1.76214109  1.30692770
8    2.44317470  1.58428413  2.25237360  2.32234838  2.37368769  2.21764662  1.94463844  2.35912718  0.00000000  2.31412789  1.41318451  2.37437514  2.33222368  2.30220804  2.37489321  2.34526800  2.28970103  2.37408212
9    2.38810307  2.51403668  2.29076523  2.17281366  1.58268645  2.26463451  2.20426604  1.44177019  2.31412789  0.00000000  2.24045756  1.48786112  2.26139337  2.28620153  1.48445166  1.50774024  1.90752051  1.55054504
10    2.51248948  1.84321397  2.35020603  2.37252148  2.28680716  2.32014961  2.10464347  2.24351338  1.41318451  2.24045756  0.00000000  2.26564947  2.40352350  2.38624475  2.26529040  2.20942398  2.29509370  2.27976710
11    2.37161506  2.53651187  2.29142533  2.14998188  1.47698136  2.30999780  2.35118546  1.12744873  2.37437514  1.48786112  2.26564947  0.00000000  2.27121408  2.28006155  0.64839776  0.69821681  1.33176721  1.20587737
12    2.38932884  2.52679382  2.40833031  1.20116322  2.25860634  2.33320185  2.17840686  2.24732529  2.33222368  2.26139337  2.40352350  2.27121408  0.00000000  2.08847662  2.27063183  2.27472553  2.30470358  2.26254096
13    2.47077257  2.51477918  1.40353102  1.94594590  2.29538377  2.09770820  2.17354533  2.28649481  2.30220804  2.28620153  2.38624475  2.28006155  2.08847662  0.00000000  2.28334050  2.28651044  2.18154338  2.29144334
14    2.37100321  2.53668664  2.29645372  2.14896658  1.47340425  2.31146965  2.35242146  1.05472640  2.37489321  1.48445166  2.26529040  0.64839776  2.27063183  2.28334050  0.00000000  0.50759202  1.54688855  1.03576366
15    2.37536166  2.51532439  2.29810954  2.15585313  1.49846093  2.31173703  2.34478872  1.09134670  2.34526800  1.50774024  2.20942398  0.69821681  2.27472553  2.28651044  0.50759202  0.00000000  1.56993682  1.17425886
17    2.44041124  2.51818779  2.11420014  2.24466163  1.92725746  1.16043869  2.12775411  1.76214109  2.28970103  1.90752051  2.29509370  1.33176721  2.30470358  2.18154338  1.54688855  1.56993682  0.00000000  1.80280468
18    2.40600391  2.53583658  2.31186797  2.13912247  0.57347023  2.31076688  2.35169190  1.30692770  2.37408212  1.55054504  2.27976710  1.20587737  2.26254096  2.29144334  1.03576366  1.17425886  1.80280468  0.00000000

--------------------------------------------------------------------------------
n=17
(result of R-step: (2,3:13)0.71053480)
V=[0, 1, 2, 3, 4, 5, 6, 7, 8, 9, 10, 11, 12, 14, 15, 17, 18]
total successes of this branch: 3
Matrix on 17 elements:

0    0.00000000  2.56206331  2.03550253  1.88028707  2.42302485  2.49895414  2.51042945  2.34749381  2.44317470  2.38810307  2.51248948  2.37161506  2.38932884  2.37100321  2.37536166  2.44041124  2.40600391
1    2.56206331  0.00000000  2.01515414  2.08226247  2.53542319  2.50259471  2.37703313  2.51856802  1.58428413  2.51403668  1.84321397  2.53651187  2.52679382  2.53668664  2.51532439  2.51818779  2.53583658
2    2.03550253  2.01515414  0.00000000  1.53086448  1.83916445  1.48318880  1.57991748  1.83139743  1.77217409  1.81056572  1.87000652  1.81122582  1.92813080  1.81625421  1.81791003  1.63400063  1.83166846
3    1.88028707  2.08226247  1.53086448  0.00000000  1.75632135  1.94721656  1.97177231  1.74467844  1.94433447  1.79479975  1.99450757  1.77196797  0.82314931  1.77095267  1.77783922  1.86664773  1.76110857
4    2.42302485  2.53542319  1.83916445  1.75632135  0.00000000  2.31042511  2.35133711  1.42957394  2.37368769  1.58268645  2.28680716  1.47698136  2.25860634  1.47340425  1.49846093  1.92725746  0.57347023
5    2.49895414  2.50259471  1.48318880  1.94721656  2.31042511  0.00000000  1.93762262  2.30223988  2.21764662  2.26463451  2.32014961  2.30999780  2.33320185  2.31146965  2.31173703  1.16043869  2.31076688
6    2.51042945  2.37703313  1.57991748  1.97177231  2.35133711  1.93762262  0.00000000  2.34157540  1.94463844  2.20426604  2.10464347  2.35118546  2.17840686  2.35242146  2.34478872  2.12775411  2.35169190
7    2.34749381  2.51856802  1.83139743  1.74467844  1.42957394  2.30223988  2.34157540  0.00000000  2.35912718  1.44177019  2.24351338  1.12744873  2.24732529  1.05472640  1.09134670  1.76214109  1.30692770
8    2.44317470  1.58428413  1.77217409  1.94433447  2.37368769  2.21764662  1.94463844  2.35912718  0.00000000  2.31412789  1.41318451  2.37437514  2.33222368  2.37489321  2.34526800  2.28970103  2.37408212
9    2.38810307  2.51403668  1.81056572  1.79479975  1.58268645  2.26463451  2.20426604  1.44177019  2.31412789  0.00000000  2.24045756  1.48786112  2.26139337  1.48445166  1.50774024  1.90752051  1.55054504
10    2.51248948  1.84321397  1.87000652  1.99450757  2.28680716  2.32014961  2.10464347  2.24351338  1.41318451  2.24045756  0.00000000  2.26564947  2.40352350  2.26529040  2.20942398  2.29509370  2.27976710
11    2.37161506  2.53651187  1.81122582  1.77196797  1.47698136  2.30999780  2.35118546  1.12744873  2.37437514  1.48786112  2.26564947  0.00000000  2.27121408  0.64839776  0.69821681  1.33176721  1.20587737
12    2.38932884  2.52679382  1.92813080  0.82314931  2.25860634  2.33320185  2.17840686  2.24732529  2.33222368  2.26139337  2.40352350  2.27121408  0.00000000  2.27063183  2.27472553  2.30470358  2.26254096
14    2.37100321  2.53668664  1.81625421  1.77095267  1.47340425  2.31146965  2.35242146  1.05472640  2.37489321  1.48445166  2.26529040  0.64839776  2.27063183  0.00000000  0.50759202  1.54688855  1.03576366
15    2.37536166  2.51532439  1.81791003  1.77783922  1.49846093  2.31173703  2.34478872  1.09134670  2.34526800  1.50774024  2.20942398  0.69821681  2.27472553  0.50759202  0.00000000  1.56993682  1.17425886
17    2.44041124  2.51818779  1.63400063  1.86664773  1.92725746  1.16043869  2.12775411  1.76214109  2.28970103  1.90752051  2.29509370  1.33176721  2.30470358  1.54688855  1.56993682  0.00000000  1.80280468
18    2.40600391  2.53583658  1.83166846  1.76110857  0.57347023  2.31076688  2.35169190  1.30692770  2.37408212  1.55054504  2.27976710  1.20587737  2.26254096  1.03576366  1.17425886  1.80280468  0.00000000

--------------------------------------------------------------------------------
n=16
(result of R-step: (3,6:12)0.80764500)
V=[0, 1, 2, 3, 4, 5, 6, 7, 8, 9, 10, 11, 14, 15, 17, 18]
total successes of this branch: 3
Matrix on 16 elements:

0    0.00000000  2.56206331  2.03550253  1.84559465  2.42302485  2.49895414  1.99553752  2.34749381  2.44317470  2.38810307  2.51248948  2.37161506  2.37100321  2.37536166  2.44041124  2.40600391
1    2.56206331  0.00000000  2.01515414  2.04757005  2.53542319  2.50259471  1.86214120  2.51856802  1.58428413  2.51403668  1.84321397  2.53651187  2.53668664  2.51532439  2.51818779  2.53583658
2    2.03550253  2.01515414  0.00000000  1.49617206  1.83916445  1.48318880  1.06502555  1.83139743  1.77217409  1.81056572  1.87000652  1.81122582  1.81625421  1.81791003  1.63400063  1.83166846
3    1.84559465  2.04757005  1.49617206  0.00000000  1.72162893  1.91252414  1.42218797  1.70998602  1.90964205  1.76010733  1.95981515  1.73727555  1.73626025  1.74314681  1.83195531  1.72641615
4    2.42302485  2.53542319  1.83916445  1.72162893  0.00000000  2.31042511  1.83644518  1.42957394  2.37368769  1.58268645  2.28680716  1.47698136  1.47340425  1.49846093  1.92725746  0.57347023
5    2.49895414  2.50259471  1.48318880  1.91252414  2.31042511  0.00000000  1.42273069  2.30223988  2.21764662  2.26463451  2.32014961  2.30999780  2.31146965  2.31173703  1.16043869  2.31076688
6    1.99553752  1.86214120  1.06502555  1.42218797  1.83644518  1.42273069  0.00000000  1.82668347  1.42974651  1.68937411  1.58975154  1.83629353  1.83752953  1.82989679  1.61286218  1.83679997
7    2.34749381  2.51856802  1.83139743  1.70998602  1.42957394  2.30223988  1.82668347  0.00000000  2.35912718  1.44177019  2.24351338  1.12744873  1.05472640  1.09134670  1.76214109  1.30692770
8    2.44317470  1.58428413  1.77217409  1.90964205  2.37368769  2.21764662  1.42974651  2.35912718  0.00000000  2.31412789  1.41318451  2.37437514  2.37489321  2.34526800  2.28970103  2.37408212
9    2.38810307  2.51403668  1.81056572  1.76010733  1.58268645  2.26463451  1.68937411  1.44177019  2.31412789  0.00000000  2.24045756  1.48786112  1.48445166  1.50774024  1.90752051  1.55054504
10    2.51248948  1.84321397  1.87000652  1.95981515  2.28680716  2.32014961  1.58975154  2.24351338  1.41318451  2.24045756  0.00000000  2.26564947  2.26529040  2.20942398  2.29509370  2.27976710
11    2.37161506  2.53651187  1.81122582  1.73727555  1.47698136  2.30999780  1.83629353  1.12744873  2.37437514  1.48786112  2.26564947  0.00000000  0.64839776  0.69821681  1.33176721  1.20587737
14    2.37100321  2.53668664  1.81625421  1.73626025  1.47340425  2.31146965  1.83752953  1.05472640  2.37489321  1.48445166  2.26529040  0.64839776  0.00000000  0.50759202  1.54688855  1.03576366
15    2.37536166  2.51532439  1.81791003  1.74314681  1.49846093  2.31173703  1.82989679  1.09134670  2.34526800  1.50774024  2.20942398  0.69821681  0.50759202  0.00000000  1.56993682  1.17425886
17    2.44041124  2.51818779  1.63400063  1.83195531  1.92725746  1.16043869  1.61286218  1.76214109  2.28970103  1.90752051  2.29509370  1.33176721  1.54688855  1.56993682  0.00000000  1.80280468
18    2.40600391  2.53583658  1.83166846  1.72641615  0.57347023  2.31076688  1.83679997  1.30692770  2.37408212  1.55054504  2.27976710  1.20587737  1.03576366  1.17425886  1.80280468  0.00000000

--------------------------------------------------------------------------------
n=15
(result of R-step: (4,14:18)0.67281033)
V=[0, 1, 2, 3, 4, 5, 6, 7, 8, 9, 10, 11, 14, 15, 17]
total successes of this branch: 3
Matrix on 15 elements:

0    0.00000000  2.56206331  2.03550253  1.84559465  2.35511004  2.49895414  1.99553752  2.34749381  2.44317470  2.38810307  2.51248948  2.37161506  2.30308840  2.37536166  2.44041124
1    2.56206331  0.00000000  2.01515414  2.04757005  2.46750837  2.50259471  1.86214120  2.51856802  1.58428413  2.51403668  1.84321397  2.53651187  2.46877183  2.51532439  2.51818779
2    2.03550253  2.01515414  0.00000000  1.49617206  1.77124964  1.48318880  1.06502555  1.83139743  1.77217409  1.81056572  1.87000652  1.81122582  1.74833939  1.81791003  1.63400063
3    1.84559465  2.04757005  1.49617206  0.00000000  1.65371412  1.91252414  1.42218797  1.70998602  1.90964205  1.76010733  1.95981515  1.73727555  1.66834544  1.74314681  1.83195531
4    2.35511004  2.46750837  1.77124964  1.65371412  0.00000000  2.24251030  1.76853037  1.36165912  2.30577288  1.51477163  2.21889235  1.40906655  1.33757463  1.43054612  1.85934265
5    2.49895414  2.50259471  1.48318880  1.91252414  2.24251030  0.00000000  1.42273069  2.30223988  2.21764662  2.26463451  2.32014961  2.30999780  2.24355484  2.31173703  1.16043869
6    1.99553752  1.86214120  1.06502555  1.42218797  1.76853037  1.42273069  0.00000000  1.82668347  1.42974651  1.68937411  1.58975154  1.83629353  1.76961471  1.82989679  1.61286218
7    2.34749381  2.51856802  1.83139743  1.70998602  1.36165912  2.30223988  1.82668347  0.00000000  2.35912718  1.44177019  2.24351338  1.12744873  0.98681159  1.09134670  1.76214109
8    2.44317470  1.58428413  1.77217409  1.90964205  2.30577288  2.21764662  1.42974651  2.35912718  0.00000000  2.31412789  1.41318451  2.37437514  2.30697839  2.34526800  2.28970103
9    2.38810307  2.51403668  1.81056572  1.76010733  1.51477163  2.26463451  1.68937411  1.44177019  2.31412789  0.00000000  2.24045756  1.48786112  1.41653685  1.50774024  1.90752051
10    2.51248948  1.84321397  1.87000652  1.95981515  2.21889235  2.32014961  1.58975154  2.24351338  1.41318451  2.24045756  0.00000000  2.26564947  2.19737559  2.20942398  2.29509370
11    2.37161506  2.53651187  1.81122582  1.73727555  1.40906655  2.30999780  1.83629353  1.12744873  2.37437514  1.48786112  2.26564947  0.00000000  0.58048295  0.69821681  1.33176721
14    2.30308840  2.46877183  1.74833939  1.66834544  1.33757463  2.24355484  1.76961471  0.98681159  2.30697839  1.41653685  2.19737559  0.58048295  0.00000000  0.43967721  1.47897373
15    2.37536166  2.51532439  1.81791003  1.74314681  1.43054612  2.31173703  1.82989679  1.09134670  2.34526800  1.50774024  2.20942398  0.69821681  0.43967721  0.00000000  1.56993682
17    2.44041124  2.51818779  1.63400063  1.83195531  1.85934265  1.16043869  1.61286218  1.76214109  2.28970103  1.90752051  2.29509370  1.33176721  1.47897373  1.56993682  0.00000000

--------------------------------------------------------------------------------
n=14
(result of R-step: (5,11:17)0.54025974)
V=[0, 1, 2, 3, 4, 5, 6, 7, 8, 9, 10, 11, 14, 15]
total successes of this branch: 3
Matrix on 14 elements:

0    0.00000000  2.56206331  2.03550253  1.84559465  2.35511004  2.40785010  1.99553752  2.34749381  2.44317470  2.38810307  2.51248948  2.28051102  2.30308840  2.37536166
1    2.56206331  0.00000000  2.01515414  2.04757005  2.46750837  2.41149066  1.86214120  2.51856802  1.58428413  2.51403668  1.84321397  2.44540782  2.46877183  2.51532439
2    2.03550253  2.01515414  0.00000000  1.49617206  1.77124964  1.39208475  1.06502555  1.83139743  1.77217409  1.81056572  1.87000652  1.72012178  1.74833939  1.81791003
3    1.84559465  2.04757005  1.49617206  0.00000000  1.65371412  1.82142009  1.42218797  1.70998602  1.90964205  1.76010733  1.95981515  1.64617151  1.66834544  1.74314681
4    2.35511004  2.46750837  1.77124964  1.65371412  0.00000000  2.15140625  1.76853037  1.36165912  2.30577288  1.51477163  2.21889235  1.31796250  1.33757463  1.43054612
5    2.40785010  2.41149066  1.39208475  1.82142009  2.15140625  0.00000000  1.33162664  2.21113583  2.12654257  2.17353046  2.22904556  2.12778971  2.15245079  2.22063299
6    1.99553752  1.86214120  1.06502555  1.42218797  1.76853037  1.33162664  0.00000000  1.82668347  1.42974651  1.68937411  1.58975154  1.74518948  1.76961471  1.82989679
7    2.34749381  2.51856802  1.83139743  1.70998602  1.36165912  2.21113583  1.82668347  0.00000000  2.35912718  1.44177019  2.24351338  1.03634468  0.98681159  1.09134670
8    2.44317470  1.58428413  1.77217409  1.90964205  2.30577288  2.12654257  1.42974651  2.35912718  0.00000000  2.31412789  1.41318451  2.28327109  2.30697839  2.34526800
9    2.38810307  2.51403668  1.81056572  1.76010733  1.51477163  2.17353046  1.68937411  1.44177019  2.31412789  0.00000000  2.24045756  1.39675707  1.41653685  1.50774024
10    2.51248948  1.84321397  1.87000652  1.95981515  2.21889235  2.22904556  1.58975154  2.24351338  1.41318451  2.24045756  0.00000000  2.17454542  2.19737559  2.20942398
11    2.28051102  2.44540782  1.72012178  1.64617151  1.31796250  2.12778971  1.74518948  1.03634468  2.28327109  1.39675707  2.17454542  0.00000000  0.48937890  0.60711276
14    2.30308840  2.46877183  1.74833939  1.66834544  1.33757463  2.15245079  1.76961471  0.98681159  2.30697839  1.41653685  2.19737559  0.48937890  0.00000000  0.43967721
15    2.37536166  2.51532439  1.81791003  1.74314681  1.43054612  2.22063299  1.82989679  1.09134670  2.34526800  1.50774024  2.20942398  0.60711276  0.43967721  0.00000000

--------------------------------------------------------------------------------
n=13
(result of R-step: (10,14:15)0.03080476)
V=[0, 1, 2, 3, 4, 5, 6, 7, 8, 9, 10, 11, 14]
total successes of this branch: 3
Matrix on 13 elements:

0    0.00000000  2.56206331  2.03550253  1.84559465  2.35511004  2.40785010  1.99553752  2.34749381  2.44317470  2.38810307  2.28662668  2.28051102  2.14514041
1    2.56206331  0.00000000  2.01515414  2.04757005  2.46750837  2.41149066  1.86214120  2.51856802  1.58428413  2.51403668  1.61735117  2.44540782  2.31082384
2    2.03550253  2.01515414  0.00000000  1.49617206  1.77124964  1.39208475  1.06502555  1.83139743  1.77217409  1.81056572  1.64414372  1.72012178  1.59039140
3    1.84559465  2.04757005  1.49617206  0.00000000  1.65371412  1.82142009  1.42218797  1.70998602  1.90964205  1.76010733  1.73395235  1.64617151  1.51039745
4    2.35511004  2.46750837  1.77124964  1.65371412  0.00000000  2.15140625  1.76853037  1.36165912  2.30577288  1.51477163  1.99302955  1.31796250  1.17962664
5    2.40785010  2.41149066  1.39208475  1.82142009  2.15140625  0.00000000  1.33162664  2.21113583  2.12654257  2.17353046  2.00318276  2.12778971  1.99450280
6    1.99553752  1.86214120  1.06502555  1.42218797  1.76853037  1.33162664  0.00000000  1.82668347  1.42974651  1.68937411  1.36388874  1.74518948  1.61166673
7    2.34749381  2.51856802  1.83139743  1.70998602  1.36165912  2.21113583  1.82668347  0.00000000  2.35912718  1.44177019  2.01765058  1.03634468  0.82886360
8    2.44317470  1.58428413  1.77217409  1.90964205  2.30577288  2.12654257  1.42974651  2.35912718  0.00000000  2.31412789  1.18732171  2.28327109  2.14903041
9    2.38810307  2.51403668  1.81056572  1.76010733  1.51477163  2.17353046  1.68937411  1.44177019  2.31412789  0.00000000  2.01459476  1.39675707  1.25858886
10    2.28662668  1.61735117  1.64414372  1.73395235  1.99302955  2.00318276  1.36388874  2.01765058  1.18732171  2.01459476  0.00000000  1.94868262  1.81356480
11    2.28051102  2.44540782  1.72012178  1.64617151  1.31796250  2.12778971  1.74518948  1.03634468  2.28327109  1.39675707  1.94868262  0.00000000  0.33143091
14    2.14514041  2.31082384  1.59039140  1.51039745  1.17962664  1.99450280  1.61166673  0.82886360  2.14903041  1.25858886  1.81356480  0.33143091  0.00000000

--------------------------------------------------------------------------------
n=12
(result of R-step: (7,11:14)0.12733959)
V=[0, 1, 2, 3, 4, 5, 6, 7, 8, 9, 10, 11]
total successes of this branch: 3
Matrix on 12 elements:

0    0.00000000  2.56206331  2.03550253  1.84559465  2.35511004  2.40785010  1.99553752  2.07897246  2.44317470  2.38810307  2.28662668  2.08377735
1    2.56206331  0.00000000  2.01515414  2.04757005  2.46750837  2.41149066  1.86214120  2.25004666  1.58428413  2.51403668  1.61735117  2.24867415
2    2.03550253  2.01515414  0.00000000  1.49617206  1.77124964  1.39208475  1.06502555  1.56287607  1.77217409  1.81056572  1.64414372  1.52338810
3    1.84559465  2.04757005  1.49617206  0.00000000  1.65371412  1.82142009  1.42218797  1.44146466  1.90964205  1.76010733  1.73395235  1.44943783
4    2.35511004  2.46750837  1.77124964  1.65371412  0.00000000  2.15140625  1.76853037  1.09313777  2.30577288  1.51477163  1.99302955  1.12122883
5    2.40785010  2.41149066  1.39208475  1.82142009  2.15140625  0.00000000  1.33162664  1.94261448  2.12654257  2.17353046  2.00318276  1.93105604
6    1.99553752  1.86214120  1.06502555  1.42218797  1.76853037  1.33162664  0.00000000  1.55816212  1.42974651  1.68937411  1.36388874  1.54845581
7    2.07897246  2.25004666  1.56287607  1.44146466  1.09313777  1.94261448  1.55816212  0.00000000  2.09060582  1.17324884  1.74912923  0.57108965
8    2.44317470  1.58428413  1.77217409  1.90964205  2.30577288  2.12654257  1.42974651  2.09060582  0.00000000  2.31412789  1.18732171  2.08653742
9    2.38810307  2.51403668  1.81056572  1.76010733  1.51477163  2.17353046  1.68937411  1.17324884  2.31412789  0.00000000  2.01459476  1.20002340
10    2.28662668  1.61735117  1.64414372  1.73395235  1.99302955  2.00318276  1.36388874  1.74912923  1.18732171  2.01459476  0.00000000  1.75194895
11    2.08377735  2.24867415  1.52338810  1.44943783  1.12122883  1.93105604  1.54845581  0.57108965  2.08653742  1.20002340  1.75194895  0.00000000

--------------------------------------------------------------------------------
n=11
(result of R-step: (2,7:11)0.03227101)
V=[0, 1, 2, 3, 4, 5, 6, 7, 8, 9, 10]
total successes of this branch: 3
Matrix on 11 elements:

0    0.00000000  2.56206331  1.96206348  1.84559465  2.35511004  2.40785010  1.99553752  1.81317161  2.44317470  2.38810307  2.28662668
1    2.56206331  0.00000000  1.94171509  2.04757005  2.46750837  2.41149066  1.86214120  1.98424582  1.58428413  2.51403668  1.61735117
2    1.96206348  1.94171509  0.00000000  1.42273301  1.69781059  1.31864571  0.99158650  1.22363618  1.69873504  1.73712667  1.57070467
3    1.84559465  2.04757005  1.42273301  0.00000000  1.65371412  1.82142009  1.42218797  1.17566382  1.90964205  1.76010733  1.73395235
4    2.35511004  2.46750837  1.69781059  1.65371412  0.00000000  2.15140625  1.76853037  0.82733693  2.30577288  1.51477163  1.99302955
5    2.40785010  2.41149066  1.31864571  1.82142009  2.15140625  0.00000000  1.33162664  1.67681363  2.12654257  2.17353046  2.00318276
6    1.99553752  1.86214120  0.99158650  1.42218797  1.76853037  1.33162664  0.00000000  1.29236127  1.42974651  1.68937411  1.36388874
7    1.81317161  1.98424582  1.22363618  1.17566382  0.82733693  1.67681363  1.29236127  0.00000000  1.82480498  0.90744800  1.48332838
8    2.44317470  1.58428413  1.69873504  1.90964205  2.30577288  2.12654257  1.42974651  1.82480498  0.00000000  2.31412789  1.18732171
9    2.38810307  2.51403668  1.73712667  1.76010733  1.51477163  2.17353046  1.68937411  0.90744800  2.31412789  0.00000000  2.01459476
10    2.28662668  1.61735117  1.57070467  1.73395235  1.99302955  2.00318276  1.36388874  1.48332838  1.18732171  2.01459476  0.00000000

--------------------------------------------------------------------------------
n=10
(result of R-step: (7,8:10)0.18409860)
V=[0, 1, 2, 3, 4, 5, 6, 7, 8, 9]
total successes of this branch: 3
Matrix on 10 elements:

0    0.00000000  2.56206331  1.96206348  1.84559465  2.35511004  2.40785010  1.99553752  1.71802482  1.89657495  2.38810307
1    2.56206331  0.00000000  1.94171509  2.04757005  2.46750837  2.41149066  1.86214120  1.88909902  1.03768437  2.51403668
2    1.96206348  1.94171509  0.00000000  1.42273301  1.69781059  1.31864571  0.99158650  1.12848939  1.15213529  1.73712667
3    1.84559465  2.04757005  1.42273301  0.00000000  1.65371412  1.82142009  1.42218797  1.08051702  1.36304230  1.76010733
4    2.35511004  2.46750837  1.69781059  1.65371412  0.00000000  2.15140625  1.76853037  0.73219013  1.75917312  1.51477163
5    2.40785010  2.41149066  1.31864571  1.82142009  2.15140625  0.00000000  1.33162664  1.58166684  1.57994282  2.17353046
6    1.99553752  1.86214120  0.99158650  1.42218797  1.76853037  1.33162664  0.00000000  1.19721448  0.88314676  1.68937411
7    1.71802482  1.88909902  1.12848939  1.08051702  0.73219013  1.58166684  1.19721448  0.00000000  1.18305843  0.81230120
8    1.89657495  1.03768437  1.15213529  1.36304230  1.75917312  1.57994282  0.88314676  1.18305843  0.00000000  1.76752814
9    2.38810307  2.51403668  1.73712667  1.76010733  1.51477163  2.17353046  1.68937411  0.81230120  1.76752814  0.00000000

--------------------------------------------------------------------------------
n=9
(result of R-step: (6,7:9)0.14825931)
V=[0, 1, 2, 3, 4, 5, 6, 7, 8]
total successes of this branch: 3
Matrix on 9 elements:

0    0.00000000  2.56206331  1.96206348  1.84559465  2.35511004  2.40785010  1.85819904  1.71457976  1.89657495
1    2.56206331  0.00000000  1.94171509  2.04757005  2.46750837  2.41149066  1.72480271  1.88565396  1.03768437
2    1.96206348  1.94171509  0.00000000  1.42273301  1.69781059  1.31864571  0.85424801  1.12504433  1.15213529
3    1.84559465  2.04757005  1.42273301  0.00000000  1.65371412  1.82142009  1.28484948  1.07707197  1.36304230
4    2.35511004  2.46750837  1.69781059  1.65371412  0.00000000  2.15140625  1.63119189  0.72874507  1.75917312
5    2.40785010  2.41149066  1.31864571  1.82142009  2.15140625  0.00000000  1.19428816  1.57822178  1.57994282
6    1.85819904  1.72480271  0.85424801  1.28484948  1.63119189  1.19428816  0.00000000  1.05643094  0.74580827
7    1.71457976  1.88565396  1.12504433  1.07707197  0.72874507  1.57822178  1.05643094  0.00000000  1.17961337
8    1.89657495  1.03768437  1.15213529  1.36304230  1.75917312  1.57994282  0.74580827  1.17961337  0.00000000

--------------------------------------------------------------------------------
n=8
(result of R-step: (0,4:7)0.05355485)
V=[0, 1, 2, 3, 4, 5, 6, 8]
total successes of this branch: 3
Matrix on 8 elements:

0    0.00000000  1.88504186  1.28504203  1.16857320  1.04966560  1.73082865  1.18117759  1.21955350
1    1.88504186  0.00000000  1.94171509  2.04757005  1.83908538  2.41149066  1.72480271  1.03768437
2    1.28504203  1.94171509  0.00000000  1.42273301  1.06938759  1.31864571  0.85424801  1.15213529
3    1.16857320  2.04757005  1.42273301  0.00000000  1.02529112  1.82142009  1.28484948  1.36304230
4    1.04966560  1.83908538  1.06938759  1.02529112  0.00000000  1.52298326  1.00276889  1.13075012
5    1.73082865  2.41149066  1.31864571  1.82142009  1.52298326  0.00000000  1.19428816  1.57994282
6    1.18117759  1.72480271  0.85424801  1.28484948  1.00276889  1.19428816  0.00000000  0.74580827
8    1.21955350  1.03768437  1.15213529  1.36304230  1.13075012  1.57994282  0.74580827  0.00000000

--------------------------------------------------------------------------------
n=7
(result of R-step: (1,6:8)0.67651059)
V=[0, 1, 2, 3, 4, 5, 6]
total successes of this branch: 3
Matrix on 7 elements:

0    0.00000000  1.20691154  1.28504203  1.16857320  1.04966560  1.73082865  1.15527768
1    1.20691154  0.00000000  1.26358477  1.36943973  1.16095506  1.73336034  1.02077249
2    1.28504203  1.26358477  0.00000000  1.42273301  1.06938759  1.31864571  0.82834811
3    1.16857320  1.36943973  1.42273301  0.00000000  1.02529112  1.82142009  1.25894957
4    1.04966560  1.16095506  1.06938759  1.02529112  0.00000000  1.52298326  0.97686898
5    1.73082865  1.73336034  1.31864571  1.82142009  1.52298326  0.00000000  1.16838825
6    1.15527768  1.02077249  0.82834811  1.25894957  0.97686898  1.16838825  0.00000000

--------------------------------------------------------------------------------
n=6
(result of R-step: (1,5:6)0.18183267)
V=[0, 1, 2, 3, 4, 5]
total successes of this branch: 3
Matrix on 6 elements:

0    0.00000000  0.97901134  1.28504203  1.16857320  1.04966560  0.91590218
1    0.97901134  0.00000000  1.03568457  1.14153953  0.93305486  0.69053367
2    1.28504203  1.03568457  0.00000000  1.42273301  1.06938759  0.50371923
3    1.16857320  1.14153953  1.42273301  0.00000000  1.02529112  1.00649362
4    1.04966560  0.93305486  1.06938759  1.02529112  0.00000000  0.70805678
5    0.91590218  0.69053367  0.50371923  1.00649362  0.70805678  0.00000000

--------------------------------------------------------------------------------
n=5
(result of R-step: (0,1:4)0.67447317)
V=[0, 1, 2, 3, 5]
total successes of this branch: 0
reason of abort: negative delta/dxy

--------------------------------------------------------------------------------
n=5
(result of R-step: (2,3:5)0.89209905)
V=[0, 1, 2, 3, 4]
total successes of this branch: 3
Matrix on 5 elements:

0    0.00000000  0.97901134  0.88891015  0.73369469  1.04966560
1    0.97901134  0.00000000  0.63955269  0.70666102  0.93305486
2    0.88891015  0.63955269  0.00000000  0.59172262  0.67325571
3    0.73369469  0.70666102  0.59172262  0.00000000  0.59041261
4    1.04966560  0.93305486  0.67325571  0.59041261  0.00000000

--------------------------------------------------------------------------------
n=4
(result of R-step: (0,1:4)0.67447317)
V=[0, 1, 2, 3]
total successes of this branch: 0
reason of abort: negative delta/dxy

--------------------------------------------------------------------------------
n=4
(result of R-step: (0,2:1)0.61790690)
V=[0, 2, 3, 4]
total successes of this branch: 1
Matrix on 4 elements:

0    0.00000000  0.31102667  0.23835144  0.55432234
2    0.31102667  0.00000000  0.50918240  0.59071549
3    0.23835144  0.50918240  0.00000000  0.59041261
4    0.55432234  0.59071549  0.59041261  0.00000000

--------------------------------------------------------------------------------
n=4
(result of R-step: (0,3:2)0.80229691)
V=[0, 1, 3, 4]
total successes of this branch: 0
reason of abort: negative delta/dxy

--------------------------------------------------------------------------------
n=4
(result of R-step: (0,4:3)0.85363872)
V=[0, 1, 2, 4]
total successes of this branch: 0
reason of abort: negative delta/dxy

--------------------------------------------------------------------------------
n=4
(result of R-step: (1,2:3)0.42647749)
V=[0, 1, 2, 4]
total successes of this branch: 0
reason of abort: negative delta/dxy

--------------------------------------------------------------------------------
n=4
