n=20
V=[0, 1, 2, 3, 4, 5, 6, 7, 8, 9, 10, 11, 12, 13, 14, 15, 16, 17, 18, 19]
total successes of this branch: 1
Matrix on 20 elements:

0    0.00000000  1.99041069  1.92533007  1.85699999  1.98345209  1.88217246  1.23654029  1.90143878  1.87557389  1.86523899  1.97331225  0.74482693  1.92330146  1.97710003  1.90854484  1.68817588  1.97574509  1.43792098  1.94555783  1.96846886
1    1.99041069  0.00000000  1.96489142  1.97063547  1.26568198  1.83029173  1.98474952  1.71450559  1.86358193  1.92314874  1.15322509  1.93641903  1.59905849  1.19523387  1.68142624  1.38076636  0.34275093  1.93657222  1.35095007  0.51705589
2    1.92533007  1.96489142  0.00000000  1.93043716  1.96309431  1.93693813  1.92574048  1.94191379  1.93523400  1.93256494  1.67565424  1.92814347  1.94755998  1.78302878  1.94374898  1.95709748  1.96110392  1.92923317  1.74163178  1.95922479
3    1.85699999  1.97063547  1.93043716  0.00000000  1.93184223  1.36717620  1.83968178  1.47459147  1.22255171  1.08580876  1.96007428  1.86257567  1.53635667  1.94952807  1.42184962  1.91995754  1.88887052  1.69230142  1.73555314  1.83996139
4    1.98345209  1.26568198  1.96309431  1.93184223  0.00000000  1.80614843  1.97718334  1.70994583  1.83909712  1.89070242  1.44891109  1.88374771  1.19394660  1.02366204  1.37102755  0.41926536  1.33891179  1.92383543  1.56236803  1.31879876
5    1.88217246  1.83029173  1.93693813  1.36717620  1.80614843  0.00000000  1.85850883  1.29559107  1.33725606  1.35390425  1.85831062  1.87650874  1.54470385  1.83882520  1.49621200  1.81822078  1.59715005  1.31073012  1.72877344  1.58987346
6    1.23654029  1.98474952  1.92574048  1.83968178  1.97718334  1.85850883  0.00000000  1.88097958  1.85694285  1.84733843  1.96924625  1.29171755  1.91013976  1.97221119  1.89417876  1.85957182  1.96764470  0.65009356  1.93793896  1.95966624
7    1.90143878  1.71450559  1.94191379  1.47459147  1.70994583  1.29559107  1.88097958  0.00000000  1.29359865  1.39430680  1.77425189  1.88717272  1.47779935  1.75023007  1.45657966  1.74035424  1.65774530  1.69838963  1.67667775  1.63277891
8    1.87557389  1.86358193  1.93523400  1.22255171  1.83909712  1.33725606  1.85694285  1.29359865  0.00000000  1.11354005  1.88240687  1.87285640  1.02601972  1.86622832  1.04826307  1.84488950  1.79226808  1.69484609  1.68495329  1.68595583
9    1.86523899  1.92314874  1.93256494  1.08580876  1.89070242  1.35390425  1.84733843  1.39430680  1.11354005  0.00000000  1.92562263  1.86713599  1.45737293  1.91257803  1.15162600  1.88665891  1.84601968  1.69343018  1.45149442  1.79209733
10    1.97331225  1.15322509  1.67565424  1.96007428  1.44891109  1.85831062  1.96924625  1.77425189  1.88240687  1.92562263  0.00000000  1.93424482  1.69061927  0.73577461  1.75034553  1.53218416  1.24875976  1.93464405  0.55353741  1.31006505
11    0.74482693  1.93641903  1.92814347  1.86257567  1.88374771  1.87650874  1.29171755  1.88717272  1.87285640  1.86713599  1.93424482  0.00000000  1.87767494  1.91538139  1.87499646  1.70289107  1.92830156  1.47412118  1.91701052  1.92127743
12    1.92330146  1.59905849  1.94755998  1.53635667  1.19394660  1.54470385  1.91013976  1.47779935  1.02601972  1.45737293  1.69061927  1.87767494  0.00000000  1.50508495  0.56010538  1.30976560  1.59169378  1.79615576  1.63071901  1.37101928
13    1.97710003  1.19523387  1.78302878  1.94952807  1.02366204  1.83882520  1.97221119  1.75023007  1.86622832  1.91257803  0.73577461  1.91538139  1.50508495  0.00000000  1.60864959  1.17506465  1.28243646  1.93060644  1.03799086  1.31332757
14    1.90854484  1.68142624  1.94374898  1.42184962  1.37102755  1.49621200  1.89417876  1.45657966  1.04826307  1.15162600  1.75034553  1.87499646  0.56010538  1.60864959  0.00000000  1.45638342  1.65633088  1.77004799  1.59658768  1.50423632
15    1.68817588  1.38076636  1.95709748  1.91995754  0.41926536  1.81822078  1.85957182  1.74035424  1.84488950  1.88665891  1.53218416  1.70289107  1.30976560  1.17506465  1.45638342  0.00000000  1.44003869  1.84667392  1.62321723  1.42196410
16    1.97574509  0.34275093  1.96110392  1.88887052  1.33891179  1.59715005  1.96764470  1.65774530  1.79226808  1.84601968  1.24875976  1.92830156  1.59169378  1.28243646  1.65633088  1.44003869  0.00000000  1.85208282  1.40214277  0.22185104
17    1.43792098  1.93657222  1.92923317  1.69230142  1.92383543  1.31073012  0.65009356  1.69838963  1.69484609  1.69343018  1.93464405  1.47412118  1.79615576  1.93060644  1.77004799  1.84667392  1.85208282  0.00000000  1.87269764  1.84432328
18    1.94555783  1.35095007  1.74163178  1.73555314  1.56236803  1.72877344  1.93793896  1.67667775  1.68495329  1.45149442  0.55353741  1.91701052  1.63071901  1.03799086  1.59658768  1.62321723  1.40214277  1.87269764  0.00000000  1.43385632
19    1.96846886  0.51705589  1.95922479  1.83996139  1.31879876  1.58987346  1.95966624  1.63277891  1.68595583  1.79209733  1.31006505  1.92127743  1.37101928  1.31332757  1.50423632  1.42196410  0.22185104  1.84432328  1.43385632  0.00000000

--------------------------------------------------------------------------------
n=19
(result of R-step: (0,4:15)0.15879650)
V=[0, 1, 2, 3, 4, 5, 6, 7, 8, 9, 10, 11, 12, 13, 14, 16, 17, 18, 19]
total successes of this branch: 1
Matrix on 19 elements:

0    0.00000000  1.92841611  1.86333549  1.79500542  1.85946294  1.82017789  1.17454572  1.83944420  1.81357931  1.80324441  1.91131767  0.68283235  1.86130689  1.91510546  1.84655027  1.91375051  1.37592641  1.88356325  1.90647428
1    1.92841611  0.00000000  1.96489142  1.97063547  1.20368740  1.83029173  1.98474952  1.71450559  1.86358193  1.92314874  1.15322509  1.93641903  1.59905849  1.19523387  1.68142624  0.34275093  1.93657222  1.35095007  0.51705589
2    1.86333549  1.96489142  0.00000000  1.93043716  1.90109974  1.93693813  1.92574048  1.94191379  1.93523400  1.93256494  1.67565424  1.92814347  1.94755998  1.78302878  1.94374898  1.96110392  1.92923317  1.74163178  1.95922479
3    1.79500542  1.97063547  1.93043716  0.00000000  1.86984766  1.36717620  1.83968178  1.47459147  1.22255171  1.08580876  1.96007428  1.86257567  1.53635667  1.94952807  1.42184962  1.88887052  1.69230142  1.73555314  1.83996139
4    1.85946294  1.20368740  1.90109974  1.86984766  0.00000000  1.74415386  1.91518877  1.64795126  1.77710254  1.82870784  1.38691652  1.82175313  1.13195202  0.96166746  1.30903298  1.27691722  1.86184086  1.50037346  1.25680419
5    1.82017789  1.83029173  1.93693813  1.36717620  1.74415386  0.00000000  1.85850883  1.29559107  1.33725606  1.35390425  1.85831062  1.87650874  1.54470385  1.83882520  1.49621200  1.59715005  1.31073012  1.72877344  1.58987346
6    1.17454572  1.98474952  1.92574048  1.83968178  1.91518877  1.85850883  0.00000000  1.88097958  1.85694285  1.84733843  1.96924625  1.29171755  1.91013976  1.97221119  1.89417876  1.96764470  0.65009356  1.93793896  1.95966624
7    1.83944420  1.71450559  1.94191379  1.47459147  1.64795126  1.29559107  1.88097958  0.00000000  1.29359865  1.39430680  1.77425189  1.88717272  1.47779935  1.75023007  1.45657966  1.65774530  1.69838963  1.67667775  1.63277891
8    1.81357931  1.86358193  1.93523400  1.22255171  1.77710254  1.33725606  1.85694285  1.29359865  0.00000000  1.11354005  1.88240687  1.87285640  1.02601972  1.86622832  1.04826307  1.79226808  1.69484609  1.68495329  1.68595583
9    1.80324441  1.92314874  1.93256494  1.08580876  1.82870784  1.35390425  1.84733843  1.39430680  1.11354005  0.00000000  1.92562263  1.86713599  1.45737293  1.91257803  1.15162600  1.84601968  1.69343018  1.45149442  1.79209733
10    1.91131767  1.15322509  1.67565424  1.96007428  1.38691652  1.85831062  1.96924625  1.77425189  1.88240687  1.92562263  0.00000000  1.93424482  1.69061927  0.73577461  1.75034553  1.24875976  1.93464405  0.55353741  1.31006505
11    0.68283235  1.93641903  1.92814347  1.86257567  1.82175313  1.87650874  1.29171755  1.88717272  1.87285640  1.86713599  1.93424482  0.00000000  1.87767494  1.91538139  1.87499646  1.92830156  1.47412118  1.91701052  1.92127743
12    1.86130689  1.59905849  1.94755998  1.53635667  1.13195202  1.54470385  1.91013976  1.47779935  1.02601972  1.45737293  1.69061927  1.87767494  0.00000000  1.50508495  0.56010538  1.59169378  1.79615576  1.63071901  1.37101928
13    1.91510546  1.19523387  1.78302878  1.94952807  0.96166746  1.83882520  1.97221119  1.75023007  1.86622832  1.91257803  0.73577461  1.91538139  1.50508495  0.00000000  1.60864959  1.28243646  1.93060644  1.03799086  1.31332757
14    1.84655027  1.68142624  1.94374898  1.42184962  1.30903298  1.49621200  1.89417876  1.45657966  1.04826307  1.15162600  1.75034553  1.87499646  0.56010538  1.60864959  0.00000000  1.65633088  1.77004799  1.59658768  1.50423632
16    1.91375051  0.34275093  1.96110392  1.88887052  1.27691722  1.59715005  1.96764470  1.65774530  1.79226808  1.84601968  1.24875976  1.92830156  1.59169378  1.28243646  1.65633088  0.00000000  1.85208282  1.40214277  0.22185104
17    1.37592641  1.93657222  1.92923317  1.69230142  1.86184086  1.31073012  0.65009356  1.69838963  1.69484609  1.69343018  1.93464405  1.47412118  1.79615576  1.93060644  1.77004799  1.85208282  0.00000000  1.87269764  1.84432328
18    1.88356325  1.35095007  1.74163178  1.73555314  1.50037346  1.72877344  1.93793896  1.67667775  1.68495329  1.45149442  0.55353741  1.91701052  1.63071901  1.03799086  1.59658768  1.40214277  1.87269764  0.00000000  1.43385632
19    1.90647428  0.51705589  1.95922479  1.83996139  1.25680419  1.58987346  1.95966624  1.63277891  1.68595583  1.79209733  1.31006505  1.92127743  1.37101928  1.31332757  1.50423632  0.22185104  1.84432328  1.43385632  0.00000000

--------------------------------------------------------------------------------
n=18
(result of R-step: (5,6:17)0.31191242)
V=[0, 1, 2, 3, 4, 5, 6, 7, 8, 9, 10, 11, 12, 13, 14, 16, 18, 19]
total successes of this branch: 1
Matrix on 18 elements:

0    0.00000000  1.92841611  1.86333549  1.79500542  1.85946294  1.76902046  1.12338829  1.83944420  1.81357931  1.80324441  1.91131767  0.68283235  1.86130689  1.91510546  1.84655027  1.91375051  1.88356325  1.90647428
1    1.92841611  0.00000000  1.96489142  1.97063547  1.20368740  1.77913430  1.93359210  1.71450559  1.86358193  1.92314874  1.15322509  1.93641903  1.59905849  1.19523387  1.68142624  0.34275093  1.35095007  0.51705589
2    1.86333549  1.96489142  0.00000000  1.93043716  1.90109974  1.88578070  1.87458306  1.94191379  1.93523400  1.93256494  1.67565424  1.92814347  1.94755998  1.78302878  1.94374898  1.96110392  1.74163178  1.95922479
3    1.79500542  1.97063547  1.93043716  0.00000000  1.86984766  1.31601877  1.78852436  1.47459147  1.22255171  1.08580876  1.96007428  1.86257567  1.53635667  1.94952807  1.42184962  1.88887052  1.73555314  1.83996139
4    1.85946294  1.20368740  1.90109974  1.86984766  0.00000000  1.69299644  1.86403134  1.64795126  1.77710254  1.82870784  1.38691652  1.82175313  1.13195202  0.96166746  1.30903298  1.27691722  1.50037346  1.25680419
5    1.76902046  1.77913430  1.88578070  1.31601877  1.69299644  0.00000000  1.75619398  1.24443365  1.28609864  1.30274682  1.80715320  1.82535131  1.49354643  1.78766778  1.44505458  1.54599262  1.67761601  1.53871604
6    1.12338829  1.93359210  1.87458306  1.78852436  1.86403134  1.75619398  0.00000000  1.82982215  1.80578542  1.79618101  1.91808882  1.24056013  1.85898233  1.92105376  1.84302133  1.91648727  1.88678154  1.90850882
7    1.83944420  1.71450559  1.94191379  1.47459147  1.64795126  1.24443365  1.82982215  0.00000000  1.29359865  1.39430680  1.77425189  1.88717272  1.47779935  1.75023007  1.45657966  1.65774530  1.67667775  1.63277891
8    1.81357931  1.86358193  1.93523400  1.22255171  1.77710254  1.28609864  1.80578542  1.29359865  0.00000000  1.11354005  1.88240687  1.87285640  1.02601972  1.86622832  1.04826307  1.79226808  1.68495329  1.68595583
9    1.80324441  1.92314874  1.93256494  1.08580876  1.82870784  1.30274682  1.79618101  1.39430680  1.11354005  0.00000000  1.92562263  1.86713599  1.45737293  1.91257803  1.15162600  1.84601968  1.45149442  1.79209733
10    1.91131767  1.15322509  1.67565424  1.96007428  1.38691652  1.80715320  1.91808882  1.77425189  1.88240687  1.92562263  0.00000000  1.93424482  1.69061927  0.73577461  1.75034553  1.24875976  0.55353741  1.31006505
11    0.68283235  1.93641903  1.92814347  1.86257567  1.82175313  1.82535131  1.24056013  1.88717272  1.87285640  1.86713599  1.93424482  0.00000000  1.87767494  1.91538139  1.87499646  1.92830156  1.91701052  1.92127743
12    1.86130689  1.59905849  1.94755998  1.53635667  1.13195202  1.49354643  1.85898233  1.47779935  1.02601972  1.45737293  1.69061927  1.87767494  0.00000000  1.50508495  0.56010538  1.59169378  1.63071901  1.37101928
13    1.91510546  1.19523387  1.78302878  1.94952807  0.96166746  1.78766778  1.92105376  1.75023007  1.86622832  1.91257803  0.73577461  1.91538139  1.50508495  0.00000000  1.60864959  1.28243646  1.03799086  1.31332757
14    1.84655027  1.68142624  1.94374898  1.42184962  1.30903298  1.44505458  1.84302133  1.45657966  1.04826307  1.15162600  1.75034553  1.87499646  0.56010538  1.60864959  0.00000000  1.65633088  1.59658768  1.50423632
16    1.91375051  0.34275093  1.96110392  1.88887052  1.27691722  1.54599262  1.91648727  1.65774530  1.79226808  1.84601968  1.24875976  1.92830156  1.59169378  1.28243646  1.65633088  0.00000000  1.40214277  0.22185104
18    1.88356325  1.35095007  1.74163178  1.73555314  1.50037346  1.67761601  1.88678154  1.67667775  1.68495329  1.45149442  0.55353741  1.91701052  1.63071901  1.03799086  1.59658768  1.40214277  0.00000000  1.43385632
19    1.90647428  0.51705589  1.95922479  1.83996139  1.25680419  1.53871604  1.90850882  1.63277891  1.68595583  1.79209733  1.31006505  1.92127743  1.37101928  1.31332757  1.50423632  0.22185104  1.43385632  0.00000000

--------------------------------------------------------------------------------
n=17
(result of R-step: (9,10:18)0.25681116)
V=[0, 1, 2, 3, 4, 5, 6, 7, 8, 9, 10, 11, 12, 13, 14, 16, 19]
total successes of this branch: 1
Matrix on 17 elements:

0    0.00000000  1.92841611  1.86333549  1.79500542  1.85946294  1.76902046  1.12338829  1.83944420  1.81357931  1.76353981  1.87161307  0.68283235  1.86130689  1.91510546  1.84655027  1.91375051  1.90647428
1    1.92841611  0.00000000  1.96489142  1.97063547  1.20368740  1.77913430  1.93359210  1.71450559  1.86358193  1.88344413  1.11352049  1.93641903  1.59905849  1.19523387  1.68142624  0.34275093  0.51705589
2    1.86333549  1.96489142  0.00000000  1.93043716  1.90109974  1.88578070  1.87458306  1.94191379  1.93523400  1.89286034  1.63594964  1.92814347  1.94755998  1.78302878  1.94374898  1.96110392  1.95922479
3    1.79500542  1.97063547  1.93043716  0.00000000  1.86984766  1.31601877  1.78852436  1.47459147  1.22255171  1.04610416  1.92036968  1.86257567  1.53635667  1.94952807  1.42184962  1.88887052  1.83996139
4    1.85946294  1.20368740  1.90109974  1.86984766  0.00000000  1.69299644  1.86403134  1.64795126  1.77710254  1.78900324  1.34721191  1.82175313  1.13195202  0.96166746  1.30903298  1.27691722  1.25680419
5    1.76902046  1.77913430  1.88578070  1.31601877  1.69299644  0.00000000  1.75619398  1.24443365  1.28609864  1.26304222  1.76744860  1.82535131  1.49354643  1.78766778  1.44505458  1.54599262  1.53871604
6    1.12338829  1.93359210  1.87458306  1.78852436  1.86403134  1.75619398  0.00000000  1.82982215  1.80578542  1.75647641  1.87838422  1.24056013  1.85898233  1.92105376  1.84302133  1.91648727  1.90850882
7    1.83944420  1.71450559  1.94191379  1.47459147  1.64795126  1.24443365  1.82982215  0.00000000  1.29359865  1.35460220  1.73454729  1.88717272  1.47779935  1.75023007  1.45657966  1.65774530  1.63277891
8    1.81357931  1.86358193  1.93523400  1.22255171  1.77710254  1.28609864  1.80578542  1.29359865  0.00000000  1.07383545  1.84270227  1.87285640  1.02601972  1.86622832  1.04826307  1.79226808  1.68595583
9    1.76353981  1.88344413  1.89286034  1.04610416  1.78900324  1.26304222  1.75647641  1.35460220  1.07383545  0.00000000  1.84621342  1.82743139  1.41766833  1.87287342  1.11192140  1.80631508  1.75239273
10    1.87161307  1.11352049  1.63594964  1.92036968  1.34721191  1.76744860  1.87838422  1.73454729  1.84270227  1.84621342  0.00000000  1.89454022  1.65091467  0.69607001  1.71064093  1.20905515  1.27036045
11    0.68283235  1.93641903  1.92814347  1.86257567  1.82175313  1.82535131  1.24056013  1.88717272  1.87285640  1.82743139  1.89454022  0.00000000  1.87767494  1.91538139  1.87499646  1.92830156  1.92127743
12    1.86130689  1.59905849  1.94755998  1.53635667  1.13195202  1.49354643  1.85898233  1.47779935  1.02601972  1.41766833  1.65091467  1.87767494  0.00000000  1.50508495  0.56010538  1.59169378  1.37101928
13    1.91510546  1.19523387  1.78302878  1.94952807  0.96166746  1.78766778  1.92105376  1.75023007  1.86622832  1.87287342  0.69607001  1.91538139  1.50508495  0.00000000  1.60864959  1.28243646  1.31332757
14    1.84655027  1.68142624  1.94374898  1.42184962  1.30903298  1.44505458  1.84302133  1.45657966  1.04826307  1.11192140  1.71064093  1.87499646  0.56010538  1.60864959  0.00000000  1.65633088  1.50423632
16    1.91375051  0.34275093  1.96110392  1.88887052  1.27691722  1.54599262  1.91648727  1.65774530  1.79226808  1.80631508  1.20905515  1.92830156  1.59169378  1.28243646  1.65633088  0.00000000  0.22185104
19    1.90647428  0.51705589  1.95922479  1.83996139  1.25680419  1.53871604  1.90850882  1.63277891  1.68595583  1.75239273  1.27036045  1.92127743  1.37101928  1.31332757  1.50423632  0.22185104  0.00000000

--------------------------------------------------------------------------------
n=16
(result of R-step: (4,10:13)0.37355452)
V=[0, 1, 2, 3, 4, 5, 6, 7, 8, 9, 10, 11, 12, 14, 16, 19]
total successes of this branch: 1
Matrix on 16 elements:

0    0.00000000  1.92841611  1.86333549  1.79500542  1.76619474  1.76902046  1.12338829  1.83944420  1.81357931  1.76353981  1.75605489  0.68283235  1.86130689  1.84655027  1.91375051  1.90647428
1    1.92841611  0.00000000  1.96489142  1.97063547  1.11041920  1.77913430  1.93359210  1.71450559  1.86358193  1.88344413  0.99796231  1.93641903  1.59905849  1.68142624  0.34275093  0.51705589
2    1.86333549  1.96489142  0.00000000  1.93043716  1.80783153  1.88578070  1.87458306  1.94191379  1.93523400  1.89286034  1.52039146  1.92814347  1.94755998  1.94374898  1.96110392  1.95922479
3    1.79500542  1.97063547  1.93043716  0.00000000  1.77657945  1.31601877  1.78852436  1.47459147  1.22255171  1.04610416  1.80481150  1.86257567  1.53635667  1.42184962  1.88887052  1.83996139
4    1.76619474  1.11041920  1.80783153  1.77657945  0.00000000  1.59972823  1.77076314  1.55468305  1.68383434  1.69573504  1.13838553  1.72848493  1.03868382  1.21576477  1.18364901  1.16353598
5    1.76902046  1.77913430  1.88578070  1.31601877  1.59972823  0.00000000  1.75619398  1.24443365  1.28609864  1.26304222  1.65189042  1.82535131  1.49354643  1.44505458  1.54599262  1.53871604
6    1.12338829  1.93359210  1.87458306  1.78852436  1.77076314  1.75619398  0.00000000  1.82982215  1.80578542  1.75647641  1.76282604  1.24056013  1.85898233  1.84302133  1.91648727  1.90850882
7    1.83944420  1.71450559  1.94191379  1.47459147  1.55468305  1.24443365  1.82982215  0.00000000  1.29359865  1.35460220  1.61898911  1.88717272  1.47779935  1.45657966  1.65774530  1.63277891
8    1.81357931  1.86358193  1.93523400  1.22255171  1.68383434  1.28609864  1.80578542  1.29359865  0.00000000  1.07383545  1.72714409  1.87285640  1.02601972  1.04826307  1.79226808  1.68595583
9    1.76353981  1.88344413  1.89286034  1.04610416  1.69573504  1.26304222  1.75647641  1.35460220  1.07383545  0.00000000  1.73065525  1.82743139  1.41766833  1.11192140  1.80631508  1.75239273
10    1.75605489  0.99796231  1.52039146  1.80481150  1.13838553  1.65189042  1.76282604  1.61898911  1.72714409  1.73065525  0.00000000  1.77898204  1.53535649  1.59508275  1.09349698  1.15480227
11    0.68283235  1.93641903  1.92814347  1.86257567  1.72848493  1.82535131  1.24056013  1.88717272  1.87285640  1.82743139  1.77898204  0.00000000  1.87767494  1.87499646  1.92830156  1.92127743
12    1.86130689  1.59905849  1.94755998  1.53635667  1.03868382  1.49354643  1.85898233  1.47779935  1.02601972  1.41766833  1.53535649  1.87767494  0.00000000  0.56010538  1.59169378  1.37101928
14    1.84655027  1.68142624  1.94374898  1.42184962  1.21576477  1.44505458  1.84302133  1.45657966  1.04826307  1.11192140  1.59508275  1.87499646  0.56010538  0.00000000  1.65633088  1.50423632
16    1.91375051  0.34275093  1.96110392  1.88887052  1.18364901  1.54599262  1.91648727  1.65774530  1.79226808  1.80631508  1.09349698  1.92830156  1.59169378  1.65633088  0.00000000  0.22185104
19    1.90647428  0.51705589  1.95922479  1.83996139  1.16353598  1.53871604  1.90850882  1.63277891  1.68595583  1.75239273  1.15480227  1.92127743  1.37101928  1.50423632  0.22185104  0.00000000

--------------------------------------------------------------------------------
n=15
(result of R-step: (12,16:19)0.13874386)
V=[0, 1, 2, 3, 4, 5, 6, 7, 8, 9, 10, 11, 12, 14, 16]
total successes of this branch: 1
Matrix on 15 elements:

0    0.00000000  1.92841611  1.86333549  1.79500542  1.76619474  1.76902046  1.12338829  1.83944420  1.81357931  1.76353981  1.75605489  0.68283235  1.86071861  1.84655027  1.91316224
1    1.92841611  0.00000000  1.96489142  1.97063547  1.11041920  1.77913430  1.93359210  1.71450559  1.86358193  1.88344413  0.99796231  1.93641903  1.59847022  1.68142624  0.34216266
2    1.86333549  1.96489142  0.00000000  1.93043716  1.80783153  1.88578070  1.87458306  1.94191379  1.93523400  1.89286034  1.52039146  1.92814347  1.94697171  1.94374898  1.96051565
3    1.79500542  1.97063547  1.93043716  0.00000000  1.77657945  1.31601877  1.78852436  1.47459147  1.22255171  1.04610416  1.80481150  1.86257567  1.53576839  1.42184962  1.88828225
4    1.76619474  1.11041920  1.80783153  1.77657945  0.00000000  1.59972823  1.77076314  1.55468305  1.68383434  1.69573504  1.13838553  1.72848493  1.03809554  1.21576477  1.18306074
5    1.76902046  1.77913430  1.88578070  1.31601877  1.59972823  0.00000000  1.75619398  1.24443365  1.28609864  1.26304222  1.65189042  1.82535131  1.49295815  1.44505458  1.54540435
6    1.12338829  1.93359210  1.87458306  1.78852436  1.77076314  1.75619398  0.00000000  1.82982215  1.80578542  1.75647641  1.76282604  1.24056013  1.85839406  1.84302133  1.91589900
7    1.83944420  1.71450559  1.94191379  1.47459147  1.55468305  1.24443365  1.82982215  0.00000000  1.29359865  1.35460220  1.61898911  1.88717272  1.47721108  1.45657966  1.65715703
8    1.81357931  1.86358193  1.93523400  1.22255171  1.68383434  1.28609864  1.80578542  1.29359865  0.00000000  1.07383545  1.72714409  1.87285640  1.02543144  1.04826307  1.79167981
9    1.76353981  1.88344413  1.89286034  1.04610416  1.69573504  1.26304222  1.75647641  1.35460220  1.07383545  0.00000000  1.73065525  1.82743139  1.41708006  1.11192140  1.80572680
10    1.75605489  0.99796231  1.52039146  1.80481150  1.13838553  1.65189042  1.76282604  1.61898911  1.72714409  1.73065525  0.00000000  1.77898204  1.53476822  1.59508275  1.09290870
11    0.68283235  1.93641903  1.92814347  1.86257567  1.72848493  1.82535131  1.24056013  1.88717272  1.87285640  1.82743139  1.77898204  0.00000000  1.87708667  1.87499646  1.92771329
12    1.86071861  1.59847022  1.94697171  1.53576839  1.03809554  1.49295815  1.85839406  1.47721108  1.02543144  1.41708006  1.53476822  1.87708667  0.00000000  0.55951710  1.59051723
14    1.84655027  1.68142624  1.94374898  1.42184962  1.21576477  1.44505458  1.84302133  1.45657966  1.04826307  1.11192140  1.59508275  1.87499646  0.55951710  0.00000000  1.65574260
16    1.91316224  0.34216266  1.96051565  1.88828225  1.18306074  1.54540435  1.91589900  1.65715703  1.79167981  1.80572680  1.09290870  1.92771329  1.59051723  1.65574260  0.00000000

--------------------------------------------------------------------------------
n=14
(result of R-step: (1,5:16)0.86450627)
V=[0, 1, 2, 3, 4, 5, 6, 7, 8, 9, 10, 11, 12, 14]
total successes of this branch: 1
Matrix on 14 elements:

0    0.00000000  1.87361149  1.86333549  1.79500542  1.76619474  1.76537326  1.12338829  1.83944420  1.81357931  1.76353981  1.75605489  0.68283235  1.86071861  1.84655027
1    1.87361149  0.00000000  1.91008679  1.91583084  1.05561457  1.72068247  1.87878747  1.65970097  1.80877731  1.82863951  0.94315768  1.88161440  1.54366559  1.62662161
2    1.86333549  1.91008679  0.00000000  1.93043716  1.80783153  1.88213350  1.87458306  1.94191379  1.93523400  1.89286034  1.52039146  1.92814347  1.94697171  1.94374898
3    1.79500542  1.91583084  1.93043716  0.00000000  1.77657945  1.31237157  1.78852436  1.47459147  1.22255171  1.04610416  1.80481150  1.86257567  1.53576839  1.42184962
4    1.76619474  1.05561457  1.80783153  1.77657945  0.00000000  1.59608103  1.77076314  1.55468305  1.68383434  1.69573504  1.13838553  1.72848493  1.03809554  1.21576477
5    1.76537326  1.72068247  1.88213350  1.31237157  1.59608103  0.00000000  1.75254678  1.24078644  1.28245143  1.25939502  1.64824322  1.82170411  1.48931095  1.44140738
6    1.12338829  1.87878747  1.87458306  1.78852436  1.77076314  1.75254678  0.00000000  1.82982215  1.80578542  1.75647641  1.76282604  1.24056013  1.85839406  1.84302133
7    1.83944420  1.65970097  1.94191379  1.47459147  1.55468305  1.24078644  1.82982215  0.00000000  1.29359865  1.35460220  1.61898911  1.88717272  1.47721108  1.45657966
8    1.81357931  1.80877731  1.93523400  1.22255171  1.68383434  1.28245143  1.80578542  1.29359865  0.00000000  1.07383545  1.72714409  1.87285640  1.02543144  1.04826307
9    1.76353981  1.82863951  1.89286034  1.04610416  1.69573504  1.25939502  1.75647641  1.35460220  1.07383545  0.00000000  1.73065525  1.82743139  1.41708006  1.11192140
10    1.75605489  0.94315768  1.52039146  1.80481150  1.13838553  1.64824322  1.76282604  1.61898911  1.72714409  1.73065525  0.00000000  1.77898204  1.53476822  1.59508275
11    0.68283235  1.88161440  1.92814347  1.86257567  1.72848493  1.82170411  1.24056013  1.88717272  1.87285640  1.82743139  1.77898204  0.00000000  1.87708667  1.87499646
12    1.86071861  1.54366559  1.94697171  1.53576839  1.03809554  1.48931095  1.85839406  1.47721108  1.02543144  1.41708006  1.53476822  1.87708667  0.00000000  0.55951710
14    1.84655027  1.62662161  1.94374898  1.42184962  1.21576477  1.44140738  1.84302133  1.45657966  1.04826307  1.11192140  1.59508275  1.87499646  0.55951710  0.00000000

--------------------------------------------------------------------------------
n=13
(result of R-step: (1,2:10)0.73727291)
V=[0, 1, 2, 3, 4, 5, 6, 7, 8, 9, 11, 12, 14]
total successes of this branch: 1
Matrix on 13 elements:

0    0.00000000  1.49642216  1.43134154  1.79500542  1.76619474  1.76537326  1.12338829  1.83944420  1.81357931  1.76353981  0.68283235  1.86071861  1.84655027
1    1.49642216  0.00000000  1.10090351  1.53864151  0.67842524  1.34349314  1.50159814  1.28251164  1.43158798  1.45145018  1.50442507  1.16647626  1.24943229
2    1.43134154  1.10090351  0.00000000  1.49844320  1.37583758  1.45013954  1.44258910  1.50991983  1.50324004  1.46086638  1.49614951  1.51497775  1.51175503
3    1.79500542  1.53864151  1.49844320  0.00000000  1.77657945  1.31237157  1.78852436  1.47459147  1.22255171  1.04610416  1.86257567  1.53576839  1.42184962
4    1.76619474  0.67842524  1.37583758  1.77657945  0.00000000  1.59608103  1.77076314  1.55468305  1.68383434  1.69573504  1.72848493  1.03809554  1.21576477
5    1.76537326  1.34349314  1.45013954  1.31237157  1.59608103  0.00000000  1.75254678  1.24078644  1.28245143  1.25939502  1.82170411  1.48931095  1.44140738
6    1.12338829  1.50159814  1.44258910  1.78852436  1.77076314  1.75254678  0.00000000  1.82982215  1.80578542  1.75647641  1.24056013  1.85839406  1.84302133
7    1.83944420  1.28251164  1.50991983  1.47459147  1.55468305  1.24078644  1.82982215  0.00000000  1.29359865  1.35460220  1.88717272  1.47721108  1.45657966
8    1.81357931  1.43158798  1.50324004  1.22255171  1.68383434  1.28245143  1.80578542  1.29359865  0.00000000  1.07383545  1.87285640  1.02543144  1.04826307
9    1.76353981  1.45145018  1.46086638  1.04610416  1.69573504  1.25939502  1.75647641  1.35460220  1.07383545  0.00000000  1.82743139  1.41708006  1.11192140
11    0.68283235  1.50442507  1.49614951  1.86257567  1.72848493  1.82170411  1.24056013  1.88717272  1.87285640  1.82743139  0.00000000  1.87708667  1.87499646
12    1.86071861  1.16647626  1.51497775  1.53576839  1.03809554  1.48931095  1.85839406  1.47721108  1.02543144  1.41708006  1.87708667  0.00000000  0.55951710
14    1.84655027  1.24943229  1.51175503  1.42184962  1.21576477  1.44140738  1.84302133  1.45657966  1.04826307  1.11192140  1.87499646  0.55951710  0.00000000

--------------------------------------------------------------------------------
n=12
(result of R-step: (9,12:14)0.25415067)
V=[0, 1, 2, 3, 4, 5, 6, 7, 8, 9, 11, 12]
total successes of this branch: 1
Matrix on 12 elements:

0    0.00000000  1.49642216  1.43134154  1.79500542  1.76619474  1.76537326  1.12338829  1.83944420  1.81357931  1.67606519  0.68283235  1.73412766
1    1.49642216  0.00000000  1.10090351  1.53864151  0.67842524  1.34349314  1.50159814  1.28251164  1.43158798  1.36397556  1.50442507  1.03988531
2    1.43134154  1.10090351  0.00000000  1.49844320  1.37583758  1.45013954  1.44258910  1.50991983  1.50324004  1.37339176  1.49614951  1.38838681
3    1.79500542  1.53864151  1.49844320  0.00000000  1.77657945  1.31237157  1.78852436  1.47459147  1.22255171  0.95862954  1.86257567  1.40917745
4    1.76619474  0.67842524  1.37583758  1.77657945  0.00000000  1.59608103  1.77076314  1.55468305  1.68383434  1.60826042  1.72848493  0.91150459
5    1.76537326  1.34349314  1.45013954  1.31237157  1.59608103  0.00000000  1.75254678  1.24078644  1.28245143  1.17192040  1.82170411  1.36272000
6    1.12338829  1.50159814  1.44258910  1.78852436  1.77076314  1.75254678  0.00000000  1.82982215  1.80578542  1.66900179  1.24056013  1.73180311
7    1.83944420  1.28251164  1.50991983  1.47459147  1.55468305  1.24078644  1.82982215  0.00000000  1.29359865  1.26712758  1.88717272  1.35062013
8    1.81357931  1.43158798  1.50324004  1.22255171  1.68383434  1.28245143  1.80578542  1.29359865  0.00000000  0.98636083  1.87285640  0.89884050
9    1.67606519  1.36397556  1.37339176  0.95862954  1.60826042  1.17192040  1.66900179  1.26712758  0.98636083  0.00000000  1.73995677  1.20301449
11    0.68283235  1.50442507  1.49614951  1.86257567  1.72848493  1.82170411  1.24056013  1.88717272  1.87285640  1.73995677  0.00000000  1.75049572
12    1.73412766  1.03988531  1.38838681  1.40917745  0.91150459  1.36272000  1.73180311  1.35062013  0.89884050  1.20301449  1.75049572  0.00000000

--------------------------------------------------------------------------------
n=11
(result of R-step: (4,8:12)0.44242091)
V=[0, 1, 2, 3, 4, 5, 6, 7, 8, 9, 11]
total successes of this branch: 1
Matrix on 11 elements:

0    0.00000000  1.49642216  1.43134154  1.79500542  1.73102292  1.76537326  1.12338829  1.83944420  1.62314471  1.67606519  0.68283235
1    1.49642216  0.00000000  1.10090351  1.53864151  0.64325342  1.34349314  1.50159814  1.28251164  1.24115338  1.36397556  1.50442507
2    1.43134154  1.10090351  0.00000000  1.49844320  1.34066576  1.45013954  1.44258910  1.50991983  1.31280544  1.37339176  1.49614951
3    1.79500542  1.53864151  1.49844320  0.00000000  1.74140763  1.31237157  1.78852436  1.47459147  1.03211712  0.95862954  1.86257567
4    1.73102292  0.64325342  1.34066576  1.74140763  0.00000000  1.56090921  1.73559132  1.51951124  1.45822792  1.57308860  1.69331311
5    1.76537326  1.34349314  1.45013954  1.31237157  1.56090921  0.00000000  1.75254678  1.24078644  1.09201684  1.17192040  1.82170411
6    1.12338829  1.50159814  1.44258910  1.78852436  1.73559132  1.75254678  0.00000000  1.82982215  1.61535083  1.66900179  1.24056013
7    1.83944420  1.28251164  1.50991983  1.47459147  1.51951124  1.24078644  1.82982215  0.00000000  1.10316405  1.26712758  1.88717272
8    1.62314471  1.24115338  1.31280544  1.03211712  1.45822792  1.09201684  1.61535083  1.10316405  0.00000000  0.79592624  1.68242180
9    1.67606519  1.36397556  1.37339176  0.95862954  1.57308860  1.17192040  1.66900179  1.26712758  0.79592624  0.00000000  1.73995677
11    0.68283235  1.50442507  1.49614951  1.86257567  1.69331311  1.82170411  1.24056013  1.88717272  1.68242180  1.73995677  0.00000000

--------------------------------------------------------------------------------
n=10
(result of R-step: (0,4:11)0.92550087)
V=[0, 1, 2, 3, 4, 5, 6, 7, 8, 9]
total successes of this branch: 1
Matrix on 10 elements:

0    0.00000000  1.23585546  1.17077484  1.53443872  1.33832955  1.50480656  0.86282160  1.57887751  1.36257802  1.41549849
1    1.23585546  0.00000000  1.10090351  1.53864151  0.51112675  1.34349314  1.50159814  1.28251164  1.24115338  1.36397556
2    1.17077484  1.10090351  0.00000000  1.49844320  1.20853908  1.45013954  1.44258910  1.50991983  1.31280544  1.37339176
3    1.53443872  1.53864151  1.49844320  0.00000000  1.60928096  1.31237157  1.78852436  1.47459147  1.03211712  0.95862954
4    1.33832955  0.51112675  1.20853908  1.60928096  0.00000000  1.42878253  1.60346465  1.38738456  1.32610125  1.44096192
5    1.50480656  1.34349314  1.45013954  1.31237157  1.42878253  0.00000000  1.75254678  1.24078644  1.09201684  1.17192040
6    0.86282160  1.50159814  1.44258910  1.78852436  1.60346465  1.75254678  0.00000000  1.82982215  1.61535083  1.66900179
7    1.57887751  1.28251164  1.50991983  1.47459147  1.38738456  1.24078644  1.82982215  0.00000000  1.10316405  1.26712758
8    1.36257802  1.24115338  1.31280544  1.03211712  1.32610125  1.09201684  1.61535083  1.10316405  0.00000000  0.79592624
9    1.41549849  1.36397556  1.37339176  0.95862954  1.44096192  1.17192040  1.66900179  1.26712758  0.79592624  0.00000000

--------------------------------------------------------------------------------
n=9
(result of R-step: (3,8:9)0.55642070)
V=[0, 1, 2, 3, 4, 5, 6, 7, 8]
total successes of this branch: 1
Matrix on 9 elements:

0    0.00000000  1.23585546  1.17077484  1.04604017  1.33832955  1.50480656  0.86282160  1.57887751  1.06461406
1    1.23585546  0.00000000  1.10090351  1.05024296  0.51112675  1.34349314  1.50159814  1.28251164  0.94318943
2    1.17077484  1.10090351  0.00000000  1.01004465  1.20853908  1.45013954  1.44258910  1.50991983  1.01484149
3    1.04604017  1.05024296  1.01004465  0.00000000  1.12088241  0.82397302  1.30012580  0.98619292  0.24575461
4    1.33832955  0.51112675  1.20853908  1.12088241  0.00000000  1.42878253  1.60346465  1.38738456  1.02813730
5    1.50480656  1.34349314  1.45013954  0.82397302  1.42878253  0.00000000  1.75254678  1.24078644  0.79405288
6    0.86282160  1.50159814  1.44258910  1.30012580  1.60346465  1.75254678  0.00000000  1.82982215  1.31738687
7    1.57887751  1.28251164  1.50991983  0.98619292  1.38738456  1.24078644  1.82982215  0.00000000  0.80520010
8    1.06461406  0.94318943  1.01484149  0.24575461  1.02813730  0.79405288  1.31738687  0.80520010  0.00000000

--------------------------------------------------------------------------------
n=8
(result of R-step: (3,7:8)0.58203417)
V=[0, 1, 2, 3, 4, 5, 6, 7]
total successes of this branch: 1
Matrix on 8 elements:

0    0.00000000  1.23585546  1.17077484  1.01365927  1.33832955  1.50480656  0.86282160  1.05809806
1    1.23585546  0.00000000  1.10090351  1.01786206  0.51112675  1.34349314  1.50159814  0.76173219
2    1.17077484  1.10090351  0.00000000  0.97766375  1.20853908  1.45013954  1.44258910  0.98914039
3    1.01365927  1.01786206  0.97766375  0.00000000  1.08850151  0.79159212  1.26774491  0.43303258
4    1.33832955  0.51112675  1.20853908  1.08850151  0.00000000  1.42878253  1.60346465  0.86660511
5    1.50480656  1.34349314  1.45013954  0.79159212  1.42878253  0.00000000  1.75254678  0.72000700
6    0.86282160  1.50159814  1.44258910  1.26774491  1.60346465  1.75254678  0.00000000  1.30904270
7    1.05809806  0.76173219  0.98914039  0.43303258  0.86660511  0.72000700  1.30904270  0.00000000

--------------------------------------------------------------------------------
n=7
(result of R-step: (1,5:7)0.17799921)
V=[0, 1, 2, 3, 4, 5, 6]
total successes of this branch: 1
Matrix on 7 elements:

0    0.00000000  1.07794694  1.17077484  1.01365927  1.33832955  0.96970872  0.86282160
1    1.07794694  0.00000000  0.94299499  0.85995355  0.35321823  0.65048679  1.34368963
2    1.17077484  0.94299499  0.00000000  0.97766375  1.20853908  0.91504170  1.44258910
3    1.01365927  0.85995355  0.97766375  0.00000000  1.08850151  0.25649428  1.26774491
4    1.33832955  0.35321823  1.20853908  1.08850151  0.00000000  0.89368469  1.60346465
5    0.96970872  0.65048679  0.91504170  0.25649428  0.89368469  0.00000000  1.21744894
6    0.86282160  1.34368963  1.44258910  1.26774491  1.60346465  1.21744894  0.00000000

--------------------------------------------------------------------------------
n=6
(result of R-step: (0,5:6)0.96464399)
V=[0, 1, 2, 3, 4, 5]
total successes of this branch: 1
Matrix on 6 elements:

0    0.00000000  0.79406988  0.88689778  0.72978221  1.05445249  0.66929579
1    0.79406988  0.00000000  0.94299499  0.85995355  0.35321823  0.63395092
2    0.88689778  0.94299499  0.00000000  0.97766375  1.20853908  0.89850584
3    0.72978221  0.85995355  0.97766375  0.00000000  1.08850151  0.23995842
4    1.05445249  0.35321823  1.20853908  1.08850151  0.00000000  0.87714883
5    0.66929579  0.63395092  0.89850584  0.23995842  0.87714883  0.00000000

--------------------------------------------------------------------------------
n=5
(result of R-step: (0,1:2)0.88718509)
V=[0, 1, 3, 4, 5]
total successes of this branch: 1
Matrix on 5 elements:

0    0.00000000  0.45260189  0.41185612  0.73652639  0.35136970
1    0.45260189  0.00000000  0.83641165  0.32967633  0.61040902
3    0.41185612  0.83641165  0.00000000  1.08850151  0.23995842
4    0.73652639  0.32967633  1.08850151  0.00000000  0.87714883
5    0.35136970  0.61040902  0.23995842  0.87714883  0.00000000

--------------------------------------------------------------------------------
n=4
(result of R-step: (0,1:4)0.08851065)
V=[0, 1, 3, 5]
total successes of this branch: 0
reason of abort: negative delta/dxy

--------------------------------------------------------------------------------
n=4
(result of R-step: (0,3:5)0.46018885)
V=[0, 1, 3, 4]
total successes of this branch: 0
Matrix on 4 elements:

0    0.00000000  0.25874362  0.12555396  0.54266812
1    0.25874362  0.00000000  0.74396777  0.32967633
3    0.12555396  0.74396777  0.00000000  0.99605763
4    0.54266812  0.32967633  0.99605763  0.00000000
reason of abort: no pseudometric

--------------------------------------------------------------------------------
n=4
(result of R-step: (1,3:0)0.41033945)
V=[1, 3, 4, 5]
total successes of this branch: 0
Matrix on 4 elements:

1    0.00000000  0.74377723  0.32967372  0.61040640
3    0.74377723  0.00000000  0.99586971  0.14732662
4    0.32967372  0.99586971  0.00000000  0.87714883
5    0.61040640  0.14732662  0.87714883  0.00000000
reason of abort: spikes too short

--------------------------------------------------------------------------------
n=4
(result of R-step: (1,3:4)0.94787855)
V=[0, 1, 3, 5]
total successes of this branch: 1
Matrix on 4 elements:

0    0.00000000  0.45258442  0.31941223  0.35136970
1    0.45258442  0.00000000  0.74395030  0.61039156
3    0.31941223  0.74395030  0.00000000  0.14751453
5    0.35136970  0.61039156  0.14751453  0.00000000

