n=20
V=[0, 1, 2, 3, 4, 5, 6, 7, 8, 9, 10, 11, 12, 13, 14, 15, 16, 17, 18, 19]
total successes of this branch: 5
Matrix on 20 elements:

0    0.00000000  2.27877680  2.26536418  2.14794085  2.17408604  2.19945986  2.19285243  2.13712226  2.27000346  2.26950151  2.21750418  2.14632243  2.24106465  2.22983916  2.21082101  2.14476652  2.17101249  2.26161211  0.73338498  2.26992075
1    2.27877680  0.00000000  2.27502419  2.27801123  2.27734614  2.05368005  2.11192345  2.27803949  2.09446755  2.11400311  2.16737264  2.27738652  2.22036724  2.07984409  2.09919782  2.27749695  2.20917587  2.10687800  2.23021040  2.09448627
2    2.26536418  2.27502419  0.00000000  2.23526885  2.18868212  2.27250721  2.25067888  2.23637970  1.93357409  1.90869689  1.93175401  2.19084655  1.54201678  2.11471108  2.07303000  2.19854699  2.14574637  1.95102917  2.26108969  1.93391406
3    2.14794085  2.27801123  2.23526885  0.00000000  2.07262519  2.24412056  2.19946259  1.86565926  2.25005299  2.24845340  2.21163561  2.07475106  2.22326976  2.24599985  2.23842677  2.03939005  2.13740613  2.23815933  2.16293740  2.24999875
4    2.17408604  2.27734614  2.18868212  2.07262519  0.00000000  2.25044106  2.16141557  2.07637020  2.21935007  2.21603191  2.17068535  1.21823455  2.17954478  2.23551671  2.23108120  1.36335999  1.60595234  2.15142770  2.17039802  2.21928796
5    2.19945986  2.05368005  2.27250721  2.24412056  2.25044106  0.00000000  1.99759119  2.24247209  2.19681720  2.20500658  2.09105411  2.24900206  2.18037966  1.53690745  1.30872578  2.24789773  1.88906422  2.20035777  2.14070146  2.19660361
6    2.19285243  2.11192345  2.25067888  2.19946259  2.16141557  1.99759119  0.00000000  2.19921860  2.20268483  2.20787761  1.63150382  2.16230291  1.93631071  2.08879911  1.98085714  2.16854599  2.09284546  2.19994505  1.59362247  2.20042708
7    2.13712226  2.27803949  2.23637970  1.86565926  2.07637020  2.24247209  2.19921860  0.00000000  2.25078938  2.24923031  2.21185222  2.07808499  2.22392658  2.24540334  2.23740781  1.86795878  2.13907378  2.23907196  2.15519679  2.25073409
8    2.27000346  2.09446755  1.93357409  2.25005299  2.21935007  2.19681720  2.20268483  2.25078938  0.00000000  1.72852475  2.11119553  2.22077982  2.02375622  1.99370384  2.14955892  2.22585495  2.19351645  0.84560756  2.25040887  0.09906522
9    2.26950151  2.11400311  1.90869689  2.24845340  2.21603191  2.20500658  2.20787761  2.24923031  1.72852475  0.00000000  2.10616545  2.21754115  2.00895582  1.69327746  2.15147041  2.22290033  2.19224926  1.76170290  2.25156449  1.72903868
10    2.21750418  2.16737264  1.93175401  2.21163561  2.17068535  2.09105411  1.63150382  2.21185222  2.11119553  2.10616545  0.00000000  2.17200686  1.52979139  2.09760838  1.93778842  2.17874540  2.08234802  2.11532138  2.04693566  2.11068124
11    2.14632243  2.27738652  2.19084655  2.07475106  1.21823455  2.24900206  2.16230291  2.07808499  2.22077982  2.21754115  2.17200686  0.00000000  2.18128125  2.23535646  2.23050933  1.04572203  1.32837582  2.12068804  2.15097391  2.22071712
12    2.24106465  2.22036724  1.54201678  2.22326976  2.17954478  2.18037966  1.93631071  2.22392658  2.02375622  2.00895582  1.52979139  2.18128125  0.00000000  2.10602768  1.85293945  2.18849330  2.05559198  2.03444377  2.15235920  2.02366247
13    2.22983916  2.07984409  2.11471108  2.24599985  2.23551671  1.53690745  2.08879911  2.24540334  1.99370384  1.69327746  2.09760838  2.23535646  2.10602768  0.00000000  1.69231881  2.23705556  2.02748160  2.01009917  2.18878629  1.99380579
14    2.21082101  2.09919782  2.07303000  2.23842677  2.23108120  1.30872578  1.98085714  2.23740781  2.14955892  2.15147041  1.93778842  2.23050933  1.85293945  1.69231881  0.00000000  2.23167599  1.67098756  2.15505114  2.14388488  2.14937805
15    2.14476652  2.27749695  2.19854699  2.03939005  1.36335999  2.24789773  2.16854599  1.86795878  2.22585495  2.22290033  2.17874540  1.04572203  2.18849330  2.23705556  2.23167599  0.00000000  1.49970531  2.14578684  2.15168807  2.22579351
16    2.17101249  2.20917587  2.14574637  2.13740613  1.60595234  1.88906422  2.09284546  2.13907378  2.19351645  2.19224926  2.08234802  1.32837582  2.05559198  2.02748160  1.67098756  1.49970531  0.00000000  2.13481952  2.14826022  2.19340852
17    2.26161211  2.10687800  1.95102917  2.23815933  2.15142770  2.20035777  2.19994505  2.23907196  0.84560756  1.76170290  2.11532138  2.12068804  2.03444377  2.01009917  2.15505114  2.14578684  2.13481952  0.00000000  2.24366254  0.84705957
18    0.73338498  2.23021040  2.26108969  2.16293740  2.17039802  2.14070146  1.59362247  2.15519679  2.25040887  2.25156449  2.04693566  2.15097391  2.15235920  2.18878629  2.14388488  2.15168807  2.14826022  2.24366254  0.00000000  2.24970472
19    2.26992075  2.09448627  1.93391406  2.24999875  2.21928796  2.19660361  2.20042708  2.25073409  0.09906522  1.72903868  2.11068124  2.22071712  2.02366247  1.99380579  2.14937805  2.22579351  2.19340852  0.84705957  2.24970472  0.00000000

--------------------------------------------------------------------------------
n=19
(result of R-step: (6,8:19)0.00107212)
V=[0, 1, 2, 3, 4, 5, 6, 7, 8, 9, 10, 11, 12, 13, 14, 15, 16, 17, 18]
total successes of this branch: 5
Matrix on 19 elements:

0    0.00000000  2.27877680  2.26536418  2.14794085  2.17408604  2.19945986  2.14444870  2.13712226  2.22159973  2.26950151  2.21750418  2.14632243  2.24106465  2.22983916  2.21082101  2.14476652  2.17101249  2.26161211  0.73338498
1    2.27877680  0.00000000  2.27502419  2.27801123  2.27734614  2.05368005  2.06351972  2.27803949  2.04606382  2.11400311  2.16737264  2.27738652  2.22036724  2.07984409  2.09919782  2.27749695  2.20917587  2.10687800  2.23021040
2    2.26536418  2.27502419  0.00000000  2.23526885  2.18868212  2.27250721  2.20227514  2.23637970  1.88517035  1.90869689  1.93175401  2.19084655  1.54201678  2.11471108  2.07303000  2.19854699  2.14574637  1.95102917  2.26108969
3    2.14794085  2.27801123  2.23526885  0.00000000  2.07262519  2.24412056  2.15105885  1.86565926  2.20164926  2.24845340  2.21163561  2.07475106  2.22326976  2.24599985  2.23842677  2.03939005  2.13740613  2.23815933  2.16293740
4    2.17408604  2.27734614  2.18868212  2.07262519  0.00000000  2.25044106  2.11301184  2.07637020  2.17094633  2.21603191  2.17068535  1.21823455  2.17954478  2.23551671  2.23108120  1.36335999  1.60595234  2.15142770  2.17039802
5    2.19945986  2.05368005  2.27250721  2.24412056  2.25044106  0.00000000  1.94918745  2.24247209  2.14841347  2.20500658  2.09105411  2.24900206  2.18037966  1.53690745  1.30872578  2.24789773  1.88906422  2.20035777  2.14070146
6    2.14444870  2.06351972  2.20227514  2.15105885  2.11301184  1.94918745  0.00000000  2.15081487  2.10587737  2.15947388  1.58310008  2.11389918  1.88790698  2.04039538  1.93245341  2.12014225  2.04444172  2.15154132  1.54521874
7    2.13712226  2.27803949  2.23637970  1.86565926  2.07637020  2.24247209  2.15081487  0.00000000  2.20238565  2.24923031  2.21185222  2.07808499  2.22392658  2.24540334  2.23740781  1.86795878  2.13907378  2.23907196  2.15519679
8    2.22159973  2.04606382  1.88517035  2.20164926  2.17094633  2.14841347  2.10587737  2.20238565  0.00000000  1.68012102  2.06279180  2.17237608  1.97535249  1.94530010  2.10115519  2.17745121  2.14511272  0.79720382  2.20200514
9    2.26950151  2.11400311  1.90869689  2.24845340  2.21603191  2.20500658  2.15947388  2.24923031  1.68012102  0.00000000  2.10616545  2.21754115  2.00895582  1.69327746  2.15147041  2.22290033  2.19224926  1.76170290  2.25156449
10    2.21750418  2.16737264  1.93175401  2.21163561  2.17068535  2.09105411  1.58310008  2.21185222  2.06279180  2.10616545  0.00000000  2.17200686  1.52979139  2.09760838  1.93778842  2.17874540  2.08234802  2.11532138  2.04693566
11    2.14632243  2.27738652  2.19084655  2.07475106  1.21823455  2.24900206  2.11389918  2.07808499  2.17237608  2.21754115  2.17200686  0.00000000  2.18128125  2.23535646  2.23050933  1.04572203  1.32837582  2.12068804  2.15097391
12    2.24106465  2.22036724  1.54201678  2.22326976  2.17954478  2.18037966  1.88790698  2.22392658  1.97535249  2.00895582  1.52979139  2.18128125  0.00000000  2.10602768  1.85293945  2.18849330  2.05559198  2.03444377  2.15235920
13    2.22983916  2.07984409  2.11471108  2.24599985  2.23551671  1.53690745  2.04039538  2.24540334  1.94530010  1.69327746  2.09760838  2.23535646  2.10602768  0.00000000  1.69231881  2.23705556  2.02748160  2.01009917  2.18878629
14    2.21082101  2.09919782  2.07303000  2.23842677  2.23108120  1.30872578  1.93245341  2.23740781  2.10115519  2.15147041  1.93778842  2.23050933  1.85293945  1.69231881  0.00000000  2.23167599  1.67098756  2.15505114  2.14388488
15    2.14476652  2.27749695  2.19854699  2.03939005  1.36335999  2.24789773  2.12014225  1.86795878  2.17745121  2.22290033  2.17874540  1.04572203  2.18849330  2.23705556  2.23167599  0.00000000  1.49970531  2.14578684  2.15168807
16    2.17101249  2.20917587  2.14574637  2.13740613  1.60595234  1.88906422  2.04444172  2.13907378  2.14511272  2.19224926  2.08234802  1.32837582  2.05559198  2.02748160  1.67098756  1.49970531  0.00000000  2.13481952  2.14826022
17    2.26161211  2.10687800  1.95102917  2.23815933  2.15142770  2.20035777  2.15154132  2.23907196  0.79720382  1.76170290  2.11532138  2.12068804  2.03444377  2.01009917  2.15505114  2.14578684  2.13481952  0.00000000  2.24366254
18    0.73338498  2.23021040  2.26108969  2.16293740  2.17039802  2.14070146  1.54521874  2.15519679  2.20200514  2.25156449  2.04693566  2.15097391  2.15235920  2.18878629  2.14388488  2.15168807  2.14826022  2.24366254  0.00000000

--------------------------------------------------------------------------------
n=18
(result of R-step: (0,6:18)0.70892762)
V=[0, 1, 2, 3, 4, 5, 6, 7, 8, 9, 10, 11, 12, 13, 14, 15, 16, 17]
total successes of this branch: 5
Matrix on 18 elements:

0    0.00000000  2.21169929  2.19828667  2.08086334  2.10700853  2.13238235  2.05869741  2.07004475  2.15452222  2.20242400  2.15042667  2.07924492  2.17398714  2.16276165  2.14374350  2.07768901  2.10393498  2.19453460
1    2.21169929  0.00000000  2.27502419  2.27801123  2.27734614  2.05368005  2.04484594  2.27803949  2.04606382  2.11400311  2.16737264  2.27738652  2.22036724  2.07984409  2.09919782  2.27749695  2.20917587  2.10687800
2    2.19828667  2.27502419  0.00000000  2.23526885  2.18868212  2.27250721  2.18360137  2.23637970  1.88517035  1.90869689  1.93175401  2.19084655  1.54201678  2.11471108  2.07303000  2.19854699  2.14574637  1.95102917
3    2.08086334  2.27801123  2.23526885  0.00000000  2.07262519  2.24412056  2.13238508  1.86565926  2.20164926  2.24845340  2.21163561  2.07475106  2.22326976  2.24599985  2.23842677  2.03939005  2.13740613  2.23815933
4    2.10700853  2.27734614  2.18868212  2.07262519  0.00000000  2.25044106  2.09433806  2.07637020  2.17094633  2.21603191  2.17068535  1.21823455  2.17954478  2.23551671  2.23108120  1.36335999  1.60595234  2.15142770
5    2.13238235  2.05368005  2.27250721  2.24412056  2.25044106  0.00000000  1.93051368  2.24247209  2.14841347  2.20500658  2.09105411  2.24900206  2.18037966  1.53690745  1.30872578  2.24789773  1.88906422  2.20035777
6    2.05869741  2.04484594  2.18360137  2.13238508  2.09433806  1.93051368  0.00000000  2.13214109  2.08720359  2.14080010  1.56442631  2.09522540  1.86923320  2.02172160  1.91377963  2.10146848  2.02576795  2.13286754
7    2.07004475  2.27803949  2.23637970  1.86565926  2.07637020  2.24247209  2.13214109  0.00000000  2.20238565  2.24923031  2.21185222  2.07808499  2.22392658  2.24540334  2.23740781  1.86795878  2.13907378  2.23907196
8    2.15452222  2.04606382  1.88517035  2.20164926  2.17094633  2.14841347  2.08720359  2.20238565  0.00000000  1.68012102  2.06279180  2.17237608  1.97535249  1.94530010  2.10115519  2.17745121  2.14511272  0.79720382
9    2.20242400  2.11400311  1.90869689  2.24845340  2.21603191  2.20500658  2.14080010  2.24923031  1.68012102  0.00000000  2.10616545  2.21754115  2.00895582  1.69327746  2.15147041  2.22290033  2.19224926  1.76170290
10    2.15042667  2.16737264  1.93175401  2.21163561  2.17068535  2.09105411  1.56442631  2.21185222  2.06279180  2.10616545  0.00000000  2.17200686  1.52979139  2.09760838  1.93778842  2.17874540  2.08234802  2.11532138
11    2.07924492  2.27738652  2.19084655  2.07475106  1.21823455  2.24900206  2.09522540  2.07808499  2.17237608  2.21754115  2.17200686  0.00000000  2.18128125  2.23535646  2.23050933  1.04572203  1.32837582  2.12068804
12    2.17398714  2.22036724  1.54201678  2.22326976  2.17954478  2.18037966  1.86923320  2.22392658  1.97535249  2.00895582  1.52979139  2.18128125  0.00000000  2.10602768  1.85293945  2.18849330  2.05559198  2.03444377
13    2.16276165  2.07984409  2.11471108  2.24599985  2.23551671  1.53690745  2.02172160  2.24540334  1.94530010  1.69327746  2.09760838  2.23535646  2.10602768  0.00000000  1.69231881  2.23705556  2.02748160  2.01009917
14    2.14374350  2.09919782  2.07303000  2.23842677  2.23108120  1.30872578  1.91377963  2.23740781  2.10115519  2.15147041  1.93778842  2.23050933  1.85293945  1.69231881  0.00000000  2.23167599  1.67098756  2.15505114
15    2.07768901  2.27749695  2.19854699  2.03939005  1.36335999  2.24789773  2.10146848  1.86795878  2.17745121  2.22290033  2.17874540  1.04572203  2.18849330  2.23705556  2.23167599  0.00000000  1.49970531  2.14578684
16    2.10393498  2.20917587  2.14574637  2.13740613  1.60595234  1.88906422  2.02576795  2.13907378  2.14511272  2.19224926  2.08234802  1.32837582  2.05559198  2.02748160  1.67098756  1.49970531  0.00000000  2.13481952
17    2.19453460  2.10687800  1.95102917  2.23815933  2.15142770  2.20035777  2.13286754  2.23907196  0.79720382  1.76170290  2.11532138  2.12068804  2.03444377  2.01009917  2.15505114  2.14578684  2.13481952  0.00000000

--------------------------------------------------------------------------------
n=17
(result of R-step: (8,11:17)0.93215331)
V=[0, 1, 2, 3, 4, 5, 6, 7, 8, 9, 10, 11, 12, 13, 14, 15, 16]
total successes of this branch: 5
Matrix on 17 elements:

0    0.00000000  2.21169929  2.19828667  2.08086334  2.10700853  2.13238235  2.05869741  2.07004475  1.83016807  2.20242400  2.15042667  1.70648703  2.17398714  2.16276165  2.14374350  2.07768901  2.10393498
1    2.21169929  0.00000000  2.27502419  2.27801123  2.27734614  2.05368005  2.04484594  2.27803949  1.72170966  2.11400311  2.16737264  1.90462863  2.22036724  2.07984409  2.09919782  2.27749695  2.20917587
2    2.19828667  2.27502419  0.00000000  2.23526885  2.18868212  2.27250721  2.18360137  2.23637970  1.56081620  1.90869689  1.93175401  1.81808866  1.54201678  2.11471108  2.07303000  2.19854699  2.14574637
3    2.08086334  2.27801123  2.23526885  0.00000000  2.07262519  2.24412056  2.13238508  1.86565926  1.87729510  2.24845340  2.21163561  1.70199317  2.22326976  2.24599985  2.23842677  2.03939005  2.13740613
4    2.10700853  2.27734614  2.18868212  2.07262519  0.00000000  2.25044106  2.09433806  2.07637020  1.84659218  2.21603191  2.17068535  0.84547666  2.17954478  2.23551671  2.23108120  1.36335999  1.60595234
5    2.13238235  2.05368005  2.27250721  2.24412056  2.25044106  0.00000000  1.93051368  2.24247209  1.82405931  2.20500658  2.09105411  1.87624417  2.18037966  1.53690745  1.30872578  2.24789773  1.88906422
6    2.05869741  2.04484594  2.18360137  2.13238508  2.09433806  1.93051368  0.00000000  2.13214109  1.76284944  2.14080010  1.56442631  1.72246751  1.86923320  2.02172160  1.91377963  2.10146848  2.02576795
7    2.07004475  2.27803949  2.23637970  1.86565926  2.07637020  2.24247209  2.13214109  0.00000000  1.87803149  2.24923031  2.21185222  1.70532711  2.22392658  2.24540334  2.23740781  1.86795878  2.13907378
8    1.83016807  1.72170966  1.56081620  1.87729510  1.84659218  1.82405931  1.76284944  1.87803149  0.00000000  1.35576686  1.73843764  1.47526404  1.65099833  1.62094595  1.77680103  1.85309706  1.82075856
9    2.20242400  2.11400311  1.90869689  2.24845340  2.21603191  2.20500658  2.14080010  2.24923031  1.35576686  0.00000000  2.10616545  1.84478326  2.00895582  1.69327746  2.15147041  2.22290033  2.19224926
10    2.15042667  2.16737264  1.93175401  2.21163561  2.17068535  2.09105411  1.56442631  2.21185222  1.73843764  2.10616545  0.00000000  1.79924897  1.52979139  2.09760838  1.93778842  2.17874540  2.08234802
11    1.70648703  1.90462863  1.81808866  1.70199317  0.84547666  1.87624417  1.72246751  1.70532711  1.47526404  1.84478326  1.79924897  0.00000000  1.80852336  1.86259857  1.85775145  0.67296415  0.95561793
12    2.17398714  2.22036724  1.54201678  2.22326976  2.17954478  2.18037966  1.86923320  2.22392658  1.65099833  2.00895582  1.52979139  1.80852336  0.00000000  2.10602768  1.85293945  2.18849330  2.05559198
13    2.16276165  2.07984409  2.11471108  2.24599985  2.23551671  1.53690745  2.02172160  2.24540334  1.62094595  1.69327746  2.09760838  1.86259857  2.10602768  0.00000000  1.69231881  2.23705556  2.02748160
14    2.14374350  2.09919782  2.07303000  2.23842677  2.23108120  1.30872578  1.91377963  2.23740781  1.77680103  2.15147041  1.93778842  1.85775145  1.85293945  1.69231881  0.00000000  2.23167599  1.67098756
15    2.07768901  2.27749695  2.19854699  2.03939005  1.36335999  2.24789773  2.10146848  1.86795878  1.85309706  2.22290033  2.17874540  0.67296415  2.18849330  2.23705556  2.23167599  0.00000000  1.49970531
16    2.10393498  2.20917587  2.14574637  2.13740613  1.60595234  1.88906422  2.02576795  2.13907378  1.82075856  2.19224926  2.08234802  0.95561793  2.05559198  2.02748160  1.67098756  1.49970531  0.00000000

--------------------------------------------------------------------------------
n=16
(result of R-step: (11,14:16)0.61719991)
V=[0, 1, 2, 3, 4, 5, 6, 7, 8, 9, 10, 11, 12, 13, 14, 15]
total successes of this branch: 5
Matrix on 16 elements:

0    0.00000000  2.21169929  2.19828667  2.08086334  2.10700853  2.13238235  2.05869741  2.07004475  1.83016807  2.20242400  2.15042667  1.69481790  2.17398714  2.16276165  1.75931647  2.07768901
1    2.21169929  0.00000000  2.27502419  2.27801123  2.27734614  2.05368005  2.04484594  2.27803949  1.72170966  2.11400311  2.16737264  1.89295950  2.22036724  2.07984409  1.71477080  2.27749695
2    2.19828667  2.27502419  0.00000000  2.23526885  2.18868212  2.27250721  2.18360137  2.23637970  1.56081620  1.90869689  1.93175401  1.80641953  1.54201678  2.11471108  1.68860298  2.19854699
3    2.08086334  2.27801123  2.23526885  0.00000000  2.07262519  2.24412056  2.13238508  1.86565926  1.87729510  2.24845340  2.21163561  1.69032404  2.22326976  2.24599985  1.85399974  2.03939005
4    2.10700853  2.27734614  2.18868212  2.07262519  0.00000000  2.25044106  2.09433806  2.07637020  1.84659218  2.21603191  2.17068535  0.83380753  2.17954478  2.23551671  1.84665418  1.36335999
5    2.13238235  2.05368005  2.27250721  2.24412056  2.25044106  0.00000000  1.93051368  2.24247209  1.82405931  2.20500658  2.09105411  1.86457504  2.18037966  1.53690745  0.92429876  2.24789773
6    2.05869741  2.04484594  2.18360137  2.13238508  2.09433806  1.93051368  0.00000000  2.13214109  1.76284944  2.14080010  1.56442631  1.71079838  1.86923320  2.02172160  1.52935261  2.10146848
7    2.07004475  2.27803949  2.23637970  1.86565926  2.07637020  2.24247209  2.13214109  0.00000000  1.87803149  2.24923031  2.21185222  1.69365797  2.22392658  2.24540334  1.85298079  1.86795878
8    1.83016807  1.72170966  1.56081620  1.87729510  1.84659218  1.82405931  1.76284944  1.87803149  0.00000000  1.35576686  1.73843764  1.46359491  1.65099833  1.62094595  1.39237401  1.85309706
9    2.20242400  2.11400311  1.90869689  2.24845340  2.21603191  2.20500658  2.14080010  2.24923031  1.35576686  0.00000000  2.10616545  1.83311413  2.00895582  1.69327746  1.76704339  2.22290033
10    2.15042667  2.16737264  1.93175401  2.21163561  2.17068535  2.09105411  1.56442631  2.21185222  1.73843764  2.10616545  0.00000000  1.78757984  1.52979139  2.09760838  1.55336140  2.17874540
11    1.69481790  1.89295950  1.80641953  1.69032404  0.83380753  1.86457504  1.71079838  1.69365797  1.46359491  1.83311413  1.78757984  0.00000000  1.79685423  1.85092944  1.46165529  0.66129501
12    2.17398714  2.22036724  1.54201678  2.22326976  2.17954478  2.18037966  1.86923320  2.22392658  1.65099833  2.00895582  1.52979139  1.79685423  0.00000000  2.10602768  1.46851243  2.18849330
13    2.16276165  2.07984409  2.11471108  2.24599985  2.23551671  1.53690745  2.02172160  2.24540334  1.62094595  1.69327746  2.09760838  1.85092944  2.10602768  0.00000000  1.30789179  2.23705556
14    1.75931647  1.71477080  1.68860298  1.85399974  1.84665418  0.92429876  1.52935261  1.85298079  1.39237401  1.76704339  1.55336140  1.46165529  1.46851243  1.30789179  0.00000000  1.84724896
15    2.07768901  2.27749695  2.19854699  2.03939005  1.36335999  2.24789773  2.10146848  1.86795878  1.85309706  2.22290033  2.17874540  0.66129501  2.18849330  2.23705556  1.84724896  0.00000000

--------------------------------------------------------------------------------
n=15
(result of R-step: (5,12:14)0.72692701)
V=[0, 1, 2, 3, 4, 5, 6, 7, 8, 9, 10, 11, 12, 13, 15]
total successes of this branch: 5
Matrix on 15 elements:

0    0.00000000  2.21169929  2.19828667  2.08086334  2.10700853  1.64173957  2.05869741  2.07004475  1.83016807  2.20242400  2.15042667  1.69481790  1.68334436  2.16276165  2.07768901
1    2.21169929  0.00000000  2.27502419  2.27801123  2.27734614  1.56303727  2.04484594  2.27803949  1.72170966  2.11400311  2.16737264  1.89295950  1.72972446  2.07984409  2.27749695
2    2.19828667  2.27502419  0.00000000  2.23526885  2.18868212  1.78186443  2.18360137  2.23637970  1.56081620  1.90869689  1.93175401  1.80641953  1.05137400  2.11471108  2.19854699
3    2.08086334  2.27801123  2.23526885  0.00000000  2.07262519  1.75347777  2.13238508  1.86565926  1.87729510  2.24845340  2.21163561  1.69032404  1.73262698  2.24599985  2.03939005
4    2.10700853  2.27734614  2.18868212  2.07262519  0.00000000  1.75979828  2.09433806  2.07637020  1.84659218  2.21603191  2.17068535  0.83380753  1.68890200  2.23551671  1.36335999
5    1.64173957  1.56303727  1.78186443  1.75347777  1.75979828  0.00000000  1.43987090  1.75182931  1.33341653  1.71436380  1.60041132  1.37393226  1.19909410  1.04626467  1.75725495
6    2.05869741  2.04484594  2.18360137  2.13238508  2.09433806  1.43987090  0.00000000  2.13214109  1.76284944  2.14080010  1.56442631  1.71079838  1.37859042  2.02172160  2.10146848
7    2.07004475  2.27803949  2.23637970  1.86565926  2.07637020  1.75182931  2.13214109  0.00000000  1.87803149  2.24923031  2.21185222  1.69365797  1.73328380  2.24540334  1.86795878
8    1.83016807  1.72170966  1.56081620  1.87729510  1.84659218  1.33341653  1.76284944  1.87803149  0.00000000  1.35576686  1.73843764  1.46359491  1.16035555  1.62094595  1.85309706
9    2.20242400  2.11400311  1.90869689  2.24845340  2.21603191  1.71436380  2.14080010  2.24923031  1.35576686  0.00000000  2.10616545  1.83311413  1.51831304  1.69327746  2.22290033
10    2.15042667  2.16737264  1.93175401  2.21163561  2.17068535  1.60041132  1.56442631  2.21185222  1.73843764  2.10616545  0.00000000  1.78757984  1.03914861  2.09760838  2.17874540
11    1.69481790  1.89295950  1.80641953  1.69032404  0.83380753  1.37393226  1.71079838  1.69365797  1.46359491  1.83311413  1.78757984  0.00000000  1.30621144  1.85092944  0.66129501
12    1.68334436  1.72972446  1.05137400  1.73262698  1.68890200  1.19909410  1.37859042  1.73328380  1.16035555  1.51831304  1.03914861  1.30621144  0.00000000  1.61538490  1.69785052
13    2.16276165  2.07984409  2.11471108  2.24599985  2.23551671  1.04626467  2.02172160  2.24540334  1.62094595  1.69327746  2.09760838  1.85092944  1.61538490  0.00000000  2.23705556
15    2.07768901  2.27749695  2.19854699  2.03939005  1.36335999  1.75725495  2.10146848  1.86795878  1.85309706  2.22290033  2.17874540  0.66129501  1.69785052  2.23705556  0.00000000

--------------------------------------------------------------------------------
n=14
(result of R-step: (2,10:12)0.49227902)
V=[0, 1, 2, 3, 4, 5, 6, 7, 8, 9, 10, 11, 13, 15]
total successes of this branch: 5
Matrix on 14 elements:

0    0.00000000  2.21169929  1.62825958  2.08086334  2.10700853  1.64173957  2.05869741  2.07004475  1.83016807  2.20242400  1.58039958  1.69481790  2.16276165  2.07768901
1    2.21169929  0.00000000  1.70499710  2.27801123  2.27734614  1.56303727  2.04484594  2.27803949  1.72170966  2.11400311  1.59734556  1.89295950  2.07984409  2.27749695
2    1.62825958  1.70499710  0.00000000  1.66524177  1.61865503  1.21183734  1.61357428  1.66635261  0.99078912  1.33866981  0.79169984  1.23639245  1.54468399  1.62851990
3    2.08086334  2.27801123  1.66524177  0.00000000  2.07262519  1.75347777  2.13238508  1.86565926  1.87729510  2.24845340  1.64160852  1.69032404  2.24599985  2.03939005
4    2.10700853  2.27734614  1.61865503  2.07262519  0.00000000  1.75979828  2.09433806  2.07637020  1.84659218  2.21603191  1.60065826  0.83380753  2.23551671  1.36335999
5    1.64173957  1.56303727  1.21183734  1.75347777  1.75979828  0.00000000  1.43987090  1.75182931  1.33341653  1.71436380  1.03038424  1.37393226  1.04626467  1.75725495
6    2.05869741  2.04484594  1.61357428  2.13238508  2.09433806  1.43987090  0.00000000  2.13214109  1.76284944  2.14080010  0.99439922  1.71079838  2.02172160  2.10146848
7    2.07004475  2.27803949  1.66635261  1.86565926  2.07637020  1.75182931  2.13214109  0.00000000  1.87803149  2.24923031  1.64182514  1.69365797  2.24540334  1.86795878
8    1.83016807  1.72170966  0.99078912  1.87729510  1.84659218  1.33341653  1.76284944  1.87803149  0.00000000  1.35576686  1.16841056  1.46359491  1.62094595  1.85309706
9    2.20242400  2.11400311  1.33866981  2.24845340  2.21603191  1.71436380  2.14080010  2.24923031  1.35576686  0.00000000  1.53613836  1.83311413  1.69327746  2.22290033
10    1.58039958  1.59734556  0.79169984  1.64160852  1.60065826  1.03038424  0.99439922  1.64182514  1.16841056  1.53613836  0.00000000  1.21755276  1.52758129  1.60871831
11    1.69481790  1.89295950  1.23639245  1.69032404  0.83380753  1.37393226  1.71079838  1.69365797  1.46359491  1.83311413  1.21755276  0.00000000  1.85092944  0.66129501
13    2.16276165  2.07984409  1.54468399  2.24599985  2.23551671  1.04626467  2.02172160  2.24540334  1.62094595  1.69327746  1.52758129  1.85092944  0.00000000  2.23705556
15    2.07768901  2.27749695  1.62851990  2.03939005  1.36335999  1.75725495  2.10146848  1.86795878  1.85309706  2.22290033  1.60871831  0.66129501  2.23705556  0.00000000

--------------------------------------------------------------------------------
n=13
(result of R-step: (2,6:10)0.33996897)
V=[0, 1, 2, 3, 4, 5, 6, 7, 8, 9, 11, 13, 15]
total successes of this branch: 5
Matrix on 13 elements:

0    0.00000000  2.21169929  1.54199720  2.08086334  2.10700853  1.64173957  1.46948545  2.07004475  1.83016807  2.20242400  1.69481790  2.16276165  2.07768901
1    2.21169929  0.00000000  1.61873472  2.27801123  2.27734614  1.56303727  1.45563398  2.27803949  1.72170966  2.11400311  1.89295950  2.07984409  2.27749695
2    1.54199720  1.61873472  0.00000000  1.57897938  1.53239264  1.12557496  0.93809993  1.58009023  0.90452673  1.25240742  1.15013006  1.45842161  1.54225751
3    2.08086334  2.27801123  1.57897938  0.00000000  2.07262519  1.75347777  1.54317311  1.86565926  1.87729510  2.24845340  1.69032404  2.24599985  2.03939005
4    2.10700853  2.27734614  1.53239264  2.07262519  0.00000000  1.75979828  1.50512610  2.07637020  1.84659218  2.21603191  0.83380753  2.23551671  1.36335999
5    1.64173957  1.56303727  1.12557496  1.75347777  1.75979828  0.00000000  0.85065893  1.75182931  1.33341653  1.71436380  1.37393226  1.04626467  1.75725495
6    1.46948545  1.45563398  0.93809993  1.54317311  1.50512610  0.85065893  0.00000000  1.54292913  1.17363747  1.55158814  1.12158642  1.43250964  1.51225651
7    2.07004475  2.27803949  1.58009023  1.86565926  2.07637020  1.75182931  1.54292913  0.00000000  1.87803149  2.24923031  1.69365797  2.24540334  1.86795878
8    1.83016807  1.72170966  0.90452673  1.87729510  1.84659218  1.33341653  1.17363747  1.87803149  0.00000000  1.35576686  1.46359491  1.62094595  1.85309706
9    2.20242400  2.11400311  1.25240742  2.24845340  2.21603191  1.71436380  1.55158814  2.24923031  1.35576686  0.00000000  1.83311413  1.69327746  2.22290033
11    1.69481790  1.89295950  1.15013006  1.69032404  0.83380753  1.37393226  1.12158642  1.69365797  1.46359491  1.83311413  0.00000000  1.85092944  0.66129501
13    2.16276165  2.07984409  1.45842161  2.24599985  2.23551671  1.04626467  1.43250964  2.24540334  1.62094595  1.69327746  1.85092944  0.00000000  2.23705556
15    2.07768901  2.27749695  1.54225751  2.03939005  1.36335999  1.75725495  1.51225651  1.86795878  1.85309706  2.22290033  0.66129501  2.23705556  0.00000000

--------------------------------------------------------------------------------
n=12
(result of R-step: (5,9:13)0.56626812)
V=[0, 1, 2, 3, 4, 5, 6, 7, 8, 9, 11, 15]
total successes of this branch: 5
Matrix on 12 elements:

0    0.00000000  2.21169929  1.54199720  2.08086334  2.10700853  1.61979318  1.46948545  2.07004475  1.83016807  1.68983483  1.69481790  2.07768901
1    2.21169929  0.00000000  1.61873472  2.27801123  2.27734614  1.54109089  1.45563398  2.27803949  1.72170966  1.60141394  1.89295950  2.27749695
2    1.54199720  1.61873472  0.00000000  1.57897938  1.53239264  1.10362857  0.93809993  1.58009023  0.90452673  0.73981825  1.15013006  1.54225751
3    2.08086334  2.27801123  1.57897938  0.00000000  2.07262519  1.73153139  1.54317311  1.86565926  1.87729510  1.73586424  1.69032404  2.03939005
4    2.10700853  2.27734614  1.53239264  2.07262519  0.00000000  1.73785189  1.50512610  2.07637020  1.84659218  1.70344274  0.83380753  1.36335999
5    1.61979318  1.54109089  1.10362857  1.73153139  1.73785189  0.00000000  0.82871255  1.72988292  1.31147015  1.17982825  1.35198587  1.73530856
6    1.46948545  1.45563398  0.93809993  1.54317311  1.50512610  0.82871255  0.00000000  1.54292913  1.17363747  1.03899897  1.12158642  1.51225651
7    2.07004475  2.27803949  1.58009023  1.86565926  2.07637020  1.72988292  1.54292913  0.00000000  1.87803149  1.73664114  1.69365797  1.86795878
8    1.83016807  1.72170966  0.90452673  1.87729510  1.84659218  1.31147015  1.17363747  1.87803149  0.00000000  0.84317770  1.46359491  1.85309706
9    1.68983483  1.60141394  0.73981825  1.73586424  1.70344274  1.17982825  1.03899897  1.73664114  0.84317770  0.00000000  1.32052496  1.71031116
11    1.69481790  1.89295950  1.15013006  1.69032404  0.83380753  1.35198587  1.12158642  1.69365797  1.46359491  1.32052496  0.00000000  0.66129501
15    2.07768901  2.27749695  1.54225751  2.03939005  1.36335999  1.73530856  1.51225651  1.86795878  1.85309706  1.71031116  0.66129501  0.00000000

--------------------------------------------------------------------------------
n=11
(result of R-step: (2,8:9)0.10819629)
V=[0, 1, 2, 3, 4, 5, 6, 7, 8, 11, 15]
total successes of this branch: 5
Matrix on 11 elements:

0    0.00000000  2.21169929  1.34646289  2.08086334  2.10700853  1.61979318  1.46948545  2.07004475  1.35110217  1.69481790  2.07768901
1    2.21169929  0.00000000  1.42320041  2.27801123  2.27734614  1.54109089  1.45563398  2.27803949  1.24264377  1.89295950  2.27749695
2    1.34646289  1.42320041  0.00000000  1.38344508  1.33685834  0.90809427  0.74256562  1.38455592  0.22992653  0.95459575  1.34672321
3    2.08086334  2.27801123  1.38344508  0.00000000  2.07262519  1.73153139  1.54317311  1.86565926  1.39822921  1.69032404  2.03939005
4    2.10700853  2.27734614  1.33685834  2.07262519  0.00000000  1.73785189  1.50512610  2.07637020  1.36752629  0.83380753  1.36335999
5    1.61979318  1.54109089  0.90809427  1.73153139  1.73785189  0.00000000  0.82871255  1.72988292  0.83240426  1.35198587  1.73530856
6    1.46948545  1.45563398  0.74256562  1.54317311  1.50512610  0.82871255  0.00000000  1.54292913  0.69457158  1.12158642  1.51225651
7    2.07004475  2.27803949  1.38455592  1.86565926  2.07637020  1.72988292  1.54292913  0.00000000  1.39896560  1.69365797  1.86795878
8    1.35110217  1.24264377  0.22992653  1.39822921  1.36752629  0.83240426  0.69457158  1.39896560  0.00000000  0.98452902  1.37403117
11    1.69481790  1.89295950  0.95459575  1.69032404  0.83380753  1.35198587  1.12158642  1.69365797  0.98452902  0.00000000  0.66129501
15    2.07768901  2.27749695  1.34672321  2.03939005  1.36335999  1.73530856  1.51225651  1.86795878  1.37403117  0.66129501  0.00000000

--------------------------------------------------------------------------------
n=10
(result of R-step: (1,2:8)0.34588948)
V=[0, 1, 2, 3, 4, 5, 6, 7, 11, 15]
total successes of this branch: 5
Matrix on 10 elements:

0    0.00000000  1.33519056  1.32177794  2.08086334  2.10700853  1.61979318  1.46948545  2.07004475  1.69481790  2.07768901
1    1.33519056  0.00000000  0.52200674  1.40150250  1.40083741  0.66458216  0.57912525  1.40153076  1.01645078  1.40098822
2    1.32177794  0.52200674  0.00000000  1.35876013  1.31217339  0.88340932  0.71788068  1.35987097  0.92991080  1.32203826
3    2.08086334  1.40150250  1.35876013  0.00000000  2.07262519  1.73153139  1.54317311  1.86565926  1.69032404  2.03939005
4    2.10700853  1.40083741  1.31217339  2.07262519  0.00000000  1.73785189  1.50512610  2.07637020  0.83380753  1.36335999
5    1.61979318  0.66458216  0.88340932  1.73153139  1.73785189  0.00000000  0.82871255  1.72988292  1.35198587  1.73530856
6    1.46948545  0.57912525  0.71788068  1.54317311  1.50512610  0.82871255  0.00000000  1.54292913  1.12158642  1.51225651
7    2.07004475  1.40153076  1.35987097  1.86565926  2.07637020  1.72988292  1.54292913  0.00000000  1.69365797  1.86795878
11    1.69481790  1.01645078  0.92991080  1.69032404  0.83380753  1.35198587  1.12158642  1.69365797  0.00000000  0.66129501
15    2.07768901  1.40098822  1.32203826  2.03939005  1.36335999  1.73530856  1.51225651  1.86795878  0.66129501  0.00000000

--------------------------------------------------------------------------------
n=9
(result of R-step: (7,11:15)0.16911714)
V=[0, 1, 2, 3, 4, 5, 6, 7, 11]
total successes of this branch: 5
Matrix on 9 elements:

0    0.00000000  1.33519056  1.32177794  2.08086334  2.10700853  1.61979318  1.46948545  1.65224684  1.66144701
1    1.33519056  0.00000000  0.52200674  1.40150250  1.40083741  0.66458216  0.57912525  0.98373285  0.98307989
2    1.32177794  0.52200674  0.00000000  1.35876013  1.31217339  0.88340932  0.71788068  0.94207306  0.89653991
3    2.08086334  1.40150250  1.35876013  0.00000000  2.07262519  1.73153139  1.54317311  1.44786135  1.65695315
4    2.10700853  1.40083741  1.31217339  2.07262519  0.00000000  1.73785189  1.50512610  1.65857229  0.80043664
5    1.61979318  0.66458216  0.88340932  1.73153139  1.73785189  0.00000000  0.82871255  1.31208501  1.31861498
6    1.46948545  0.57912525  0.71788068  1.54317311  1.50512610  0.82871255  0.00000000  1.12513122  1.08821553
7    1.65224684  0.98373285  0.94207306  1.44786135  1.65857229  1.31208501  1.12513122  0.00000000  1.24248917
11    1.66144701  0.98307989  0.89653991  1.65695315  0.80043664  1.31861498  1.08821553  1.24248917  0.00000000

--------------------------------------------------------------------------------
n=8
(result of R-step: (0,4:11)0.02822610)
V=[0, 1, 2, 3, 4, 5, 6, 7]
total successes of this branch: 5
Matrix on 8 elements:

0    0.00000000  0.80703261  0.79361999  1.55270538  0.98361511  1.09163523  0.94132749  1.12408888
1    0.80703261  0.00000000  0.52200674  1.40150250  0.80560195  0.66458216  0.57912525  0.98373285
2    0.79361999  0.52200674  0.00000000  1.35876013  0.71693792  0.88340932  0.71788068  0.94207306
3    1.55270538  1.40150250  1.35876013  0.00000000  1.47738972  1.73153139  1.54317311  1.44786135
4    0.98361511  0.80560195  0.71693792  1.47738972  0.00000000  1.14261643  0.90989063  1.06333682
5    1.09163523  0.66458216  0.88340932  1.73153139  1.14261643  0.00000000  0.82871255  1.31208501
6    0.94132749  0.57912525  0.71788068  1.54317311  0.90989063  0.82871255  0.00000000  1.12513122
7    1.12408888  0.98373285  0.94207306  1.44786135  1.06333682  1.31208501  1.12513122  0.00000000

--------------------------------------------------------------------------------
n=7
(result of R-step: (0,3:7)0.03691089)
V=[0, 1, 2, 3, 4, 5, 6]
total successes of this branch: 5
Matrix on 7 elements:

0    0.00000000  0.47484774  0.46143512  0.29310018  0.65143024  0.75945036  0.60914263
1    0.47484774  0.00000000  0.52200674  0.47408217  0.80560195  0.66458216  0.57912525
2    0.46143512  0.52200674  0.00000000  0.43133979  0.71693792  0.88340932  0.71788068
3    0.29310018  0.47408217  0.43133979  0.00000000  0.54996939  0.80411105  0.61575278
4    0.65143024  0.80560195  0.71693792  0.54996939  0.00000000  1.14261643  0.90989063
5    0.75945036  0.66458216  0.88340932  0.80411105  1.14261643  0.00000000  0.82871255
6    0.60914263  0.57912525  0.71788068  0.61575278  0.90989063  0.82871255  0.00000000

--------------------------------------------------------------------------------
n=6
(result of R-step: (4,5:6)0.26040335)
V=[0, 1, 2, 3, 4, 5]
total successes of this branch: 5
Matrix on 6 elements:

0    0.00000000  0.47484774  0.46143512  0.29310018  0.29238286  0.31775668
1    0.47484774  0.00000000  0.52200674  0.47408217  0.44655457  0.22288848
2    0.46143512  0.52200674  0.00000000  0.43133979  0.35789054  0.44171564
3    0.29310018  0.47408217  0.43133979  0.00000000  0.19092201  0.36241737
4    0.29238286  0.44655457  0.35789054  0.19092201  0.00000000  0.34187536
5    0.31775668  0.22288848  0.44171564  0.36241737  0.34187536  0.00000000

--------------------------------------------------------------------------------
n=5
(result of R-step: (0,1:5)0.26055642)
V=[0, 1, 2, 3, 4]
total successes of this branch: 5
Matrix on 5 elements:

0    0.00000000  0.30441368  0.40167389  0.23333895  0.23262164
1    0.30441368  0.00000000  0.41133390  0.36340933  0.33588173
2    0.40167389  0.41133390  0.00000000  0.43133979  0.35789054
3    0.23333895  0.36340933  0.43133979  0.00000000  0.19092201
4    0.23262164  0.33588173  0.35789054  0.19092201  0.00000000

--------------------------------------------------------------------------------
n=4
(result of R-step: (0,1:4)0.98865207)
V=[0, 1, 2, 3]
total successes of this branch: 0
reason of abort: negative delta/dxy

--------------------------------------------------------------------------------
n=4
(result of R-step: (0,2:1)0.63138223)
V=[0, 2, 3, 4]
total successes of this branch: 1
Matrix on 4 elements:

0    0.00000000  0.18655349  0.15472905  0.15401173
2    0.18655349  0.00000000  0.29482929  0.22138004
3    0.15472905  0.29482929  0.00000000  0.19092201
4    0.15401173  0.22138004  0.19092201  0.00000000

--------------------------------------------------------------------------------
n=4
(result of R-step: (0,4:3)0.61024310)
V=[0, 1, 2, 4]
total successes of this branch: 1
Matrix on 4 elements:

0    0.00000000  0.22580378  0.32306399  0.15114392
1    0.22580378  0.00000000  0.41133390  0.33301392
2    0.32306399  0.41133390  0.00000000  0.35502273
4    0.15114392  0.33301392  0.35502273  0.00000000

--------------------------------------------------------------------------------
n=4
(result of R-step: (1,2:3)0.01815791)
V=[0, 1, 2, 4]
total successes of this branch: 0
reason of abort: negative delta/dxy

--------------------------------------------------------------------------------
n=4
(result of R-step: (1,3:0)0.43260850)
V=[1, 2, 3, 4]
total successes of this branch: 1
Matrix on 4 elements:

1    0.00000000  0.27353091  0.14000745  0.19807874
2    0.27353091  0.00000000  0.34574090  0.35789054
