n=20
V=[0, 1, 2, 3, 4, 5, 6, 7, 8, 9, 10, 11, 12, 13, 14, 15, 16, 17, 18, 19]
total successes of this branch: 3
Matrix on 20 elements:

0    0.00000000  2.88098895  2.72931345  2.73695426  2.73169639  1.74922069  1.90556323  2.21642550  2.73105474  1.80723437  1.77365916  2.21572526  2.19741058  1.25956962  1.93586986  2.25277215  2.20485171  2.04492088  2.68665571  2.09665317
1    2.88098895  0.00000000  2.70605030  2.67217204  2.69548467  2.84277094  2.81576785  2.77436325  2.69832965  2.83427663  2.81504689  2.76634874  2.75219655  2.83501132  2.80721601  2.75965504  2.76087107  2.78368542  2.71088925  2.77843458
2    2.72931345  2.70605030  0.00000000  2.71554636  2.49272960  2.72855355  2.72649472  2.18115372  2.16644858  2.66058190  2.64521390  1.75287268  2.67615300  2.71033569  2.66571547  1.82129570  2.48244438  2.17873215  0.37103944  2.04975019
3    2.73695426  2.67217204  2.71554636  0.00000000  2.61456248  2.73483812  2.52365801  2.59607177  2.64175414  2.71760725  2.69344709  2.72292531  1.96360336  2.46087555  2.46902301  2.55996793  2.21110792  2.61787455  2.70945854  2.64969174
4    2.73169639  2.69548467  2.49272960  2.61456248  0.00000000  2.73051352  2.71216031  2.62935277  1.60727420  2.71795221  2.20331088  2.57509748  2.38421956  2.60765056  2.60792535  2.57790249  2.48014781  2.41539522  2.48790940  2.46376496
5    1.74922069  2.84277094  2.72855355  2.73483812  2.73051352  0.00000000  1.61183439  2.03325565  2.72998577  1.35830565  2.09804536  2.39099381  2.37816911  1.97374912  1.69453997  2.41543290  2.24319374  2.27774220  2.70045478  2.31204322
6    1.90556323  2.81576785  2.72649472  2.52365801  2.71216031  1.61183439  0.00000000  1.82674312  2.71602010  1.63852000  2.19228800  2.44353329  2.33805694  2.05995925  1.86914727  2.44922824  2.13796394  2.33776110  2.70226521  2.36979679
7    2.21642550  2.77436325  2.18115372  2.59607177  2.62935277  2.03325565  1.82674312  0.00000000  2.50866741  1.93756361  2.36321065  2.19331131  2.46564575  2.30539469  2.11166470  2.22193793  1.65687957  2.28322559  2.18751579  2.25599285
8    2.73105474  2.69832965  2.16644858  2.64175414  1.60727420  2.72998577  2.71602010  2.50866741  0.00000000  2.70250426  2.33157931  2.36105893  2.46802455  2.63715553  2.62519967  2.38100963  2.48392936  2.35956551  2.17848543  2.36001783
9    1.80723437  2.83427663  2.66058190  2.71760725  2.71795221  1.35830565  1.63852000  1.93756361  2.70250426  0.00000000  2.13097142  2.36644721  2.38903124  2.01493017  1.19953790  2.39140627  2.21235791  2.27842308  2.63676220  2.30508334
10    1.77365916  2.81504689  2.64521390  2.69344709  2.20331088  2.09804536  2.19228800  2.36321065  2.33157931  2.13097142  0.00000000  2.34480349  1.76416978  1.77027155  2.01004219  2.36958369  1.99859311  1.45952476  2.57131068  1.72765309
11    2.21572526  2.76634874  1.75287268  2.72292531  2.57509748  2.39099381  2.44353329  2.19331131  2.36105893  2.36644721  2.34480349  0.00000000  2.51113845  2.32118488  2.41414983  0.59316349  2.38676280  1.35306900  1.72795318  1.01186302
12    2.19741058  2.75219655  2.67615300  1.96360336  2.38421956  2.37816911  2.33805694  2.46564575  2.46802455  2.38903124  1.76416978  2.51113845  0.00000000  1.67673414  1.80399404  2.47222183  1.20770638  2.16505103  2.64429635  2.26987208
13    1.25956962  2.83501132  2.71033569  2.46087555  2.60765056  1.97374912  2.05995925  2.30539469  2.63715553  2.01493017  1.77027155  2.32118488  1.67673414  0.00000000  1.90343180  2.33111354  1.92274857  2.08780617  2.67153383  2.15849062
14    1.93586986  2.80721601  2.66571547  2.46902301  2.60792535  1.69453997  1.86914727  2.11166470  2.62519967  1.19953790  2.01004219  2.41414983  1.80399404  1.90343180  0.00000000  2.41805000  1.92439514  2.24104595  2.63924610  2.29347469
15    2.25277215  2.75965504  1.82129570  2.55996793  2.57790249  2.41543290  2.44922824  2.22193793  2.38100963  2.39140627  2.36958369  0.59316349  2.47222183  2.33111354  2.41805000  0.00000000  2.37427795  1.18188759  1.78144182  1.00357809
16    2.20485171  2.76087107  2.48244438  2.21110792  2.48014781  2.24319374  2.13796394  1.65687957  2.48392936  2.21235791  1.99859311  2.38676280  1.20770638  1.92274857  1.92439514  2.37427795  0.00000000  2.21129641  2.46554391  2.26444070
17    2.04492088  2.78368542  2.17873215  2.61787455  2.41539522  2.27774220  2.33776110  2.28322559  2.35956551  2.27842308  1.45952476  1.35306900  2.16505103  2.08780617  2.24104595  1.18188759  2.21129641  0.00000000  2.05857025  0.56771590
18    2.68665571  2.71088925  0.37103944  2.70945854  2.48790940  2.70045478  2.70226521  2.18751579  2.17848543  2.63676220  2.57131068  1.72795318  2.64429635  2.67153383  2.63924610  1.78144182  2.46554391  2.05857025  0.00000000  1.95843478
19    2.09665317  2.77843458  2.04975019  2.64969174  2.46376496  2.31204322  2.36979679  2.25599285  2.36001783  2.30508334  1.72765309  1.01186302  2.26987208  2.15849062  2.29347469  1.00357809  2.26444070  0.56771590  1.95843478  0.00000000

--------------------------------------------------------------------------------
n=19
(result of R-step: (7,12:16)0.39133111)
V=[0, 1, 2, 3, 4, 5, 6, 7, 8, 9, 10, 11, 12, 13, 14, 15, 17, 18, 19]
total successes of this branch: 3
Matrix on 19 elements:

0    0.00000000  2.88098895  2.72931345  2.73695426  2.73169639  1.74922069  1.90556323  2.01695540  2.73105474  1.80723437  1.77365916  2.21572526  1.99794048  1.25956962  1.93586986  2.25277215  2.04492088  2.68665571  2.09665317
1    2.88098895  0.00000000  2.70605030  2.67217204  2.69548467  2.84277094  2.81576785  2.57489315  2.69832965  2.83427663  2.81504689  2.76634874  2.55272646  2.83501132  2.80721601  2.75965504  2.78368542  2.71088925  2.77843458
2    2.72931345  2.70605030  0.00000000  2.71554636  2.49272960  2.72855355  2.72649472  1.98168362  2.16644858  2.66058190  2.64521390  1.75287268  2.47668290  2.71033569  2.66571547  1.82129570  2.17873215  0.37103944  2.04975019
3    2.73695426  2.67217204  2.71554636  0.00000000  2.61456248  2.73483812  2.52365801  2.39660167  2.64175414  2.71760725  2.69344709  2.72292531  1.76413326  2.46087555  2.46902301  2.55996793  2.61787455  2.70945854  2.64969174
4    2.73169639  2.69548467  2.49272960  2.61456248  0.00000000  2.73051352  2.71216031  2.42988268  1.60727420  2.71795221  2.20331088  2.57509748  2.18474947  2.60765056  2.60792535  2.57790249  2.41539522  2.48790940  2.46376496
5    1.74922069  2.84277094  2.72855355  2.73483812  2.73051352  0.00000000  1.61183439  1.83378555  2.72998577  1.35830565  2.09804536  2.39099381  2.17869901  1.97374912  1.69453997  2.41543290  2.27774220  2.70045478  2.31204322
6    1.90556323  2.81576785  2.72649472  2.52365801  2.71216031  1.61183439  0.00000000  1.62727302  2.71602010  1.63852000  2.19228800  2.44353329  2.13858685  2.05995925  1.86914727  2.44922824  2.33776110  2.70226521  2.36979679
7    2.01695540  2.57489315  1.98168362  2.39660167  2.42988268  1.83378555  1.62727302  0.00000000  2.30919732  1.73809351  2.16374055  1.99384122  2.06670556  2.10592459  1.91219460  2.02246783  2.08375549  1.98804569  2.05652275
8    2.73105474  2.69832965  2.16644858  2.64175414  1.60727420  2.72998577  2.71602010  2.30919732  0.00000000  2.70250426  2.33157931  2.36105893  2.26855445  2.63715553  2.62519967  2.38100963  2.35956551  2.17848543  2.36001783
9    1.80723437  2.83427663  2.66058190  2.71760725  2.71795221  1.35830565  1.63852000  1.73809351  2.70250426  0.00000000  2.13097142  2.36644721  2.18956115  2.01493017  1.19953790  2.39140627  2.27842308  2.63676220  2.30508334
10    1.77365916  2.81504689  2.64521390  2.69344709  2.20331088  2.09804536  2.19228800  2.16374055  2.33157931  2.13097142  0.00000000  2.34480349  1.56469968  1.77027155  2.01004219  2.36958369  1.45952476  2.57131068  1.72765309
11    2.21572526  2.76634874  1.75287268  2.72292531  2.57509748  2.39099381  2.44353329  1.99384122  2.36105893  2.36644721  2.34480349  0.00000000  2.31166835  2.32118488  2.41414983  0.59316349  1.35306900  1.72795318  1.01186302
12    1.99794048  2.55272646  2.47668290  1.76413326  2.18474947  2.17869901  2.13858685  2.06670556  2.26855445  2.18956115  1.56469968  2.31166835  0.00000000  1.47726404  1.60452394  2.27275173  1.96558093  2.44482625  2.07040198
13    1.25956962  2.83501132  2.71033569  2.46087555  2.60765056  1.97374912  2.05995925  2.10592459  2.63715553  2.01493017  1.77027155  2.32118488  1.47726404  0.00000000  1.90343180  2.33111354  2.08780617  2.67153383  2.15849062
14    1.93586986  2.80721601  2.66571547  2.46902301  2.60792535  1.69453997  1.86914727  1.91219460  2.62519967  1.19953790  2.01004219  2.41414983  1.60452394  1.90343180  0.00000000  2.41805000  2.24104595  2.63924610  2.29347469
15    2.25277215  2.75965504  1.82129570  2.55996793  2.57790249  2.41543290  2.44922824  2.02246783  2.38100963  2.39140627  2.36958369  0.59316349  2.27275173  2.33111354  2.41805000  0.00000000  1.18188759  1.78144182  1.00357809
17    2.04492088  2.78368542  2.17873215  2.61787455  2.41539522  2.27774220  2.33776110  2.08375549  2.35956551  2.27842308  1.45952476  1.35306900  1.96558093  2.08780617  2.24104595  1.18188759  0.00000000  2.05857025  0.56771590
18    2.68665571  2.71088925  0.37103944  2.70945854  2.48790940  2.70045478  2.70226521  1.98804569  2.17848543  2.63676220  2.57131068  1.72795318  2.44482625  2.67153383  2.63924610  1.78144182  2.05857025  0.00000000  1.95843478
19    2.09665317  2.77843458  2.04975019  2.64969174  2.46376496  2.31204322  2.36979679  2.05652275  2.36001783  2.30508334  1.72765309  1.01186302  2.07040198  2.15849062  2.29347469  1.00357809  0.56771590  1.95843478  0.00000000

--------------------------------------------------------------------------------
n=18
(result of R-step: (9,12:14)0.67031438)
V=[0, 1, 2, 3, 4, 5, 6, 7, 8, 9, 10, 11, 12, 13, 15, 17, 18, 19]
total successes of this branch: 3
Matrix on 18 elements:

0    0.00000000  2.88098895  2.72931345  2.73695426  2.73169639  1.74922069  1.90556323  2.01695540  2.73105474  1.49998403  1.77365916  2.21572526  1.89016023  1.25956962  2.25277215  2.04492088  2.68665571  2.09665317
1    2.88098895  0.00000000  2.70605030  2.67217204  2.69548467  2.84277094  2.81576785  2.57489315  2.69832965  2.52702629  2.81504689  2.76634874  2.44494621  2.83501132  2.75965504  2.78368542  2.71088925  2.77843458
2    2.72931345  2.70605030  0.00000000  2.71554636  2.49272960  2.72855355  2.72649472  1.98168362  2.16644858  2.35333156  2.64521390  1.75287268  2.36890265  2.71033569  1.82129570  2.17873215  0.37103944  2.04975019
3    2.73695426  2.67217204  2.71554636  0.00000000  2.61456248  2.73483812  2.52365801  2.39660167  2.64175414  2.41035690  2.69344709  2.72292531  1.65635301  2.46087555  2.55996793  2.61787455  2.70945854  2.64969174
4    2.73169639  2.69548467  2.49272960  2.61456248  0.00000000  2.73051352  2.71216031  2.42988268  1.60727420  2.41070186  2.20331088  2.57509748  2.07696922  2.60765056  2.57790249  2.41539522  2.48790940  2.46376496
5    1.74922069  2.84277094  2.72855355  2.73483812  2.73051352  0.00000000  1.61183439  1.83378555  2.72998577  1.05105531  2.09804536  2.39099381  2.07091876  1.97374912  2.41543290  2.27774220  2.70045478  2.31204322
6    1.90556323  2.81576785  2.72649472  2.52365801  2.71216031  1.61183439  0.00000000  1.62727302  2.71602010  1.33126966  2.19228800  2.44353329  2.03080660  2.05995925  2.44922824  2.33776110  2.70226521  2.36979679
7    2.01695540  2.57489315  1.98168362  2.39660167  2.42988268  1.83378555  1.62727302  0.00000000  2.30919732  1.43084317  2.16374055  1.99384122  1.95892531  2.10592459  2.02246783  2.08375549  1.98804569  2.05652275
8    2.73105474  2.69832965  2.16644858  2.64175414  1.60727420  2.72998577  2.71602010  2.30919732  0.00000000  2.39525391  2.33157931  2.36105893  2.16077420  2.63715553  2.38100963  2.35956551  2.17848543  2.36001783
9    1.49998403  2.52702629  2.35333156  2.41035690  2.41070186  1.05105531  1.33126966  1.43084317  2.39525391  0.00000000  1.82372108  2.05919686  1.77453055  1.70767982  2.08415593  1.97117273  2.32951185  1.99783300
10    1.77365916  2.81504689  2.64521390  2.69344709  2.20331088  2.09804536  2.19228800  2.16374055  2.33157931  1.82372108  0.00000000  2.34480349  1.45691943  1.77027155  2.36958369  1.45952476  2.57131068  1.72765309
11    2.21572526  2.76634874  1.75287268  2.72292531  2.57509748  2.39099381  2.44353329  1.99384122  2.36105893  2.05919686  2.34480349  0.00000000  2.20388811  2.32118488  0.59316349  1.35306900  1.72795318  1.01186302
12    1.89016023  2.44494621  2.36890265  1.65635301  2.07696922  2.07091876  2.03080660  1.95892531  2.16077420  1.77453055  1.45691943  2.20388811  0.00000000  1.36948379  2.16497148  1.85780068  2.33704600  1.96262173
13    1.25956962  2.83501132  2.71033569  2.46087555  2.60765056  1.97374912  2.05995925  2.10592459  2.63715553  1.70767982  1.77027155  2.32118488  1.36948379  0.00000000  2.33111354  2.08780617  2.67153383  2.15849062
15    2.25277215  2.75965504  1.82129570  2.55996793  2.57790249  2.41543290  2.44922824  2.02246783  2.38100963  2.08415593  2.36958369  0.59316349  2.16497148  2.33111354  0.00000000  1.18188759  1.78144182  1.00357809
17    2.04492088  2.78368542  2.17873215  2.61787455  2.41539522  2.27774220  2.33776110  2.08375549  2.35956551  1.97117273  1.45952476  1.35306900  1.85780068  2.08780617  1.18188759  0.00000000  2.05857025  0.56771590
18    2.68665571  2.71088925  0.37103944  2.70945854  2.48790940  2.70045478  2.70226521  1.98804569  2.17848543  2.32951185  2.57131068  1.72795318  2.33704600  2.67153383  1.78144182  2.05857025  0.00000000  1.95843478
19    2.09665317  2.77843458  2.04975019  2.64969174  2.46376496  2.31204322  2.36979679  2.05652275  2.36001783  1.99783300  1.72765309  1.01186302  1.96262173  2.15849062  1.00357809  0.56771590  1.95843478  0.00000000

--------------------------------------------------------------------------------
n=17
(result of R-step: (0,12:13)0.64300978)
V=[0, 1, 2, 3, 4, 5, 6, 7, 8, 9, 10, 11, 12, 15, 17, 18, 19]
total successes of this branch: 3
Matrix on 17 elements:

0    0.00000000  2.51154236  2.35986686  2.36750767  2.36224980  1.37977410  1.53611664  1.64750881  2.36160815  1.13053744  1.40421257  1.84627867  1.45851740  1.88332556  1.67547429  2.31720912  1.72720658
1    2.51154236  0.00000000  2.70605030  2.67217204  2.69548467  2.84277094  2.81576785  2.57489315  2.69832965  2.52702629  2.81504689  2.76634874  2.38274996  2.75965504  2.78368542  2.71088925  2.77843458
2    2.35986686  2.70605030  0.00000000  2.71554636  2.49272960  2.72855355  2.72649472  1.98168362  2.16644858  2.35333156  2.64521390  1.75287268  2.30670641  1.82129570  2.17873215  0.37103944  2.04975019
3    2.36750767  2.67217204  2.71554636  0.00000000  2.61456248  2.73483812  2.52365801  2.39660167  2.64175414  2.41035690  2.69344709  2.72292531  1.59415677  2.55996793  2.61787455  2.70945854  2.64969174
4    2.36224980  2.69548467  2.49272960  2.61456248  0.00000000  2.73051352  2.71216031  2.42988268  1.60727420  2.41070186  2.20331088  2.57509748  2.01477297  2.57790249  2.41539522  2.48790940  2.46376496
5    1.37977410  2.84277094  2.72855355  2.73483812  2.73051352  0.00000000  1.61183439  1.83378555  2.72998577  1.05105531  2.09804536  2.39099381  2.00872252  2.41543290  2.27774220  2.70045478  2.31204322
6    1.53611664  2.81576785  2.72649472  2.52365801  2.71216031  1.61183439  0.00000000  1.62727302  2.71602010  1.33126966  2.19228800  2.44353329  1.96861035  2.44922824  2.33776110  2.70226521  2.36979679
7    1.64750881  2.57489315  1.98168362  2.39660167  2.42988268  1.83378555  1.62727302  0.00000000  2.30919732  1.43084317  2.16374055  1.99384122  1.89672906  2.02246783  2.08375549  1.98804569  2.05652275
8    2.36160815  2.69832965  2.16644858  2.64175414  1.60727420  2.72998577  2.71602010  2.30919732  0.00000000  2.39525391  2.33157931  2.36105893  2.09857795  2.38100963  2.35956551  2.17848543  2.36001783
9    1.13053744  2.52702629  2.35333156  2.41035690  2.41070186  1.05105531  1.33126966  1.43084317  2.39525391  0.00000000  1.82372108  2.05919686  1.71233431  2.08415593  1.97117273  2.32951185  1.99783300
10    1.40421257  2.81504689  2.64521390  2.69344709  2.20331088  2.09804536  2.19228800  2.16374055  2.33157931  1.82372108  0.00000000  2.34480349  1.39472319  2.36958369  1.45952476  2.57131068  1.72765309
11    1.84627867  2.76634874  1.75287268  2.72292531  2.57509748  2.39099381  2.44353329  1.99384122  2.36105893  2.05919686  2.34480349  0.00000000  2.14169186  0.59316349  1.35306900  1.72795318  1.01186302
12    1.45851740  2.38274996  2.30670641  1.59415677  2.01477297  2.00872252  1.96861035  1.89672906  2.09857795  1.71233431  1.39472319  2.14169186  0.00000000  2.10277524  1.79560444  2.27484976  1.90042548
15    1.88332556  2.75965504  1.82129570  2.55996793  2.57790249  2.41543290  2.44922824  2.02246783  2.38100963  2.08415593  2.36958369  0.59316349  2.10277524  0.00000000  1.18188759  1.78144182  1.00357809
17    1.67547429  2.78368542  2.17873215  2.61787455  2.41539522  2.27774220  2.33776110  2.08375549  2.35956551  1.97117273  1.45952476  1.35306900  1.79560444  1.18188759  0.00000000  2.05857025  0.56771590
18    2.31720912  2.71088925  0.37103944  2.70945854  2.48790940  2.70045478  2.70226521  1.98804569  2.17848543  2.32951185  2.57131068  1.72795318  2.27484976  1.78144182  2.05857025  0.00000000  1.95843478
19    1.72720658  2.77843458  2.04975019  2.64969174  2.46376496  2.31204322  2.36979679  2.05652275  2.36001783  1.99783300  1.72765309  1.01186302  1.90042548  1.00357809  0.56771590  1.95843478  0.00000000

--------------------------------------------------------------------------------
n=16
(result of R-step: (5,7:9)0.87582816)
V=[0, 1, 2, 3, 4, 5, 6, 7, 8, 10, 11, 12, 15, 17, 18, 19]
total successes of this branch: 3
Matrix on 16 elements:

0    0.00000000  2.51154236  2.35986686  2.36750767  2.36224980  0.74846730  1.53611664  1.21567210  2.36160815  1.40421257  1.84627867  1.45851740  1.88332556  1.67547429  2.31720912  1.72720658
1    2.51154236  0.00000000  2.70605030  2.67217204  2.69548467  2.21146413  2.81576785  2.14305644  2.69832965  2.81504689  2.76634874  2.38274996  2.75965504  2.78368542  2.71088925  2.77843458
2    2.35986686  2.70605030  0.00000000  2.71554636  2.49272960  2.09724674  2.72649472  1.54984691  2.16644858  2.64521390  1.75287268  2.30670641  1.82129570  2.17873215  0.37103944  2.04975019
3    2.36750767  2.67217204  2.71554636  0.00000000  2.61456248  2.10353132  2.52365801  1.96476496  2.64175414  2.69344709  2.72292531  1.59415677  2.55996793  2.61787455  2.70945854  2.64969174
4    2.36224980  2.69548467  2.49272960  2.61456248  0.00000000  2.09920671  2.71216031  1.99804597  1.60727420  2.20331088  2.57509748  2.01477297  2.57790249  2.41539522  2.48790940  2.46376496
5    0.74846730  2.21146413  2.09724674  2.10353132  2.09920671  0.00000000  0.98052758  0.77064203  2.09867896  1.46673855  1.75968700  1.37741571  1.78412609  1.64643539  2.06914797  1.68073641
6    1.53611664  2.81576785  2.72649472  2.52365801  2.71216031  0.98052758  0.00000000  1.19543631  2.71602010  2.19228800  2.44353329  1.96861035  2.44922824  2.33776110  2.70226521  2.36979679
7    1.21567210  2.14305644  1.54984691  1.96476496  1.99804597  0.77064203  1.19543631  0.00000000  1.87736061  1.73190384  1.56200451  1.46489235  1.59063112  1.65191878  1.55620898  1.62468604
8    2.36160815  2.69832965  2.16644858  2.64175414  1.60727420  2.09867896  2.71602010  1.87736061  0.00000000  2.33157931  2.36105893  2.09857795  2.38100963  2.35956551  2.17848543  2.36001783
10    1.40421257  2.81504689  2.64521390  2.69344709  2.20331088  1.46673855  2.19228800  1.73190384  2.33157931  0.00000000  2.34480349  1.39472319  2.36958369  1.45952476  2.57131068  1.72765309
11    1.84627867  2.76634874  1.75287268  2.72292531  2.57509748  1.75968700  2.44353329  1.56200451  2.36105893  2.34480349  0.00000000  2.14169186  0.59316349  1.35306900  1.72795318  1.01186302
12    1.45851740  2.38274996  2.30670641  1.59415677  2.01477297  1.37741571  1.96861035  1.46489235  2.09857795  1.39472319  2.14169186  0.00000000  2.10277524  1.79560444  2.27484976  1.90042548
15    1.88332556  2.75965504  1.82129570  2.55996793  2.57790249  1.78412609  2.44922824  1.59063112  2.38100963  2.36958369  0.59316349  2.10277524  0.00000000  1.18188759  1.78144182  1.00357809
17    1.67547429  2.78368542  2.17873215  2.61787455  2.41539522  1.64643539  2.33776110  1.65191878  2.35956551  1.45952476  1.35306900  1.79560444  1.18188759  0.00000000  2.05857025  0.56771590
18    2.31720912  2.71088925  0.37103944  2.70945854  2.48790940  2.06914797  2.70226521  1.55620898  2.17848543  2.57131068  1.72795318  2.27484976  1.78144182  2.05857025  0.00000000  1.95843478
19    1.72720658  2.77843458  2.04975019  2.64969174  2.46376496  1.68073641  2.36979679  1.62468604  2.36001783  1.72765309  1.01186302  1.90042548  1.00357809  0.56771590  1.95843478  0.00000000

--------------------------------------------------------------------------------
n=15
(result of R-step: (11,17:19)0.30287447)
V=[0, 1, 2, 3, 4, 5, 6, 7, 8, 10, 11, 12, 15, 17, 18]
total successes of this branch: 3
Matrix on 15 elements:

0    0.00000000  2.51154236  2.35986686  2.36750767  2.36224980  0.74846730  1.53611664  1.21567210  2.36160815  1.40421257  1.73302371  1.45851740  1.88332556  1.56221933  2.31720912
1    2.51154236  0.00000000  2.70605030  2.67217204  2.69548467  2.21146413  2.81576785  2.14305644  2.69832965  2.81504689  2.65309378  2.38274996  2.75965504  2.67043046  2.71088925
2    2.35986686  2.70605030  0.00000000  2.71554636  2.49272960  2.09724674  2.72649472  1.54984691  2.16644858  2.64521390  1.63961772  2.30670641  1.82129570  2.06547720  0.37103944
3    2.36750767  2.67217204  2.71554636  0.00000000  2.61456248  2.10353132  2.52365801  1.96476496  2.64175414  2.69344709  2.60967035  1.59415677  2.55996793  2.50461959  2.70945854
4    2.36224980  2.69548467  2.49272960  2.61456248  0.00000000  2.09920671  2.71216031  1.99804597  1.60727420  2.20331088  2.46184252  2.01477297  2.57790249  2.30214027  2.48790940
5    0.74846730  2.21146413  2.09724674  2.10353132  2.09920671  0.00000000  0.98052758  0.77064203  2.09867896  1.46673855  1.64643204  1.37741571  1.78412609  1.53318043  2.06914797
6    1.53611664  2.81576785  2.72649472  2.52365801  2.71216031  0.98052758  0.00000000  1.19543631  2.71602010  2.19228800  2.33027834  1.96861035  2.44922824  2.22450614  2.70226521
7    1.21567210  2.14305644  1.54984691  1.96476496  1.99804597  0.77064203  1.19543631  0.00000000  1.87736061  1.73190384  1.44874955  1.46489235  1.59063112  1.53866383  1.55620898
8    2.36160815  2.69832965  2.16644858  2.64175414  1.60727420  2.09867896  2.71602010  1.87736061  0.00000000  2.33157931  2.24780397  2.09857795  2.38100963  2.24631056  2.17848543
10    1.40421257  2.81504689  2.64521390  2.69344709  2.20331088  1.46673855  2.19228800  1.73190384  2.33157931  0.00000000  2.23154853  1.39472319  2.36958369  1.34626981  2.57131068
11    1.73302371  2.65309378  1.63961772  2.60967035  2.46184252  1.64643204  2.33027834  1.44874955  2.24780397  2.23154853  0.00000000  2.02843690  0.47990853  1.12655909  1.61469823
12    1.45851740  2.38274996  2.30670641  1.59415677  2.01477297  1.37741571  1.96861035  1.46489235  2.09857795  1.39472319  2.02843690  0.00000000  2.10277524  1.68234948  2.27484976
15    1.88332556  2.75965504  1.82129570  2.55996793  2.57790249  1.78412609  2.44922824  1.59063112  2.38100963  2.36958369  0.47990853  2.10277524  0.00000000  1.06863263  1.78144182
17    1.56221933  2.67043046  2.06547720  2.50461959  2.30214027  1.53318043  2.22450614  1.53866383  2.24631056  1.34626981  1.12655909  1.68234948  1.06863263  0.00000000  1.94531529
18    2.31720912  2.71088925  0.37103944  2.70945854  2.48790940  2.06914797  2.70226521  1.55620898  2.17848543  2.57131068  1.61469823  2.27484976  1.78144182  1.94531529  0.00000000

--------------------------------------------------------------------------------
n=14
(result of R-step: (2,17:18)0.93767066)
V=[0, 1, 2, 3, 4, 5, 6, 7, 8, 10, 11, 12, 15, 17]
total successes of this branch: 3
Matrix on 14 elements:

0    0.00000000  2.51154236  2.23442809  2.36750767  2.36224980  0.74846730  1.53611664  1.21567210  2.36160815  1.40421257  1.73302371  1.45851740  1.88332556  1.55003552
1    2.51154236  0.00000000  2.58061153  2.67217204  2.69548467  2.21146413  2.81576785  2.14305644  2.69832965  2.81504689  2.65309378  2.38274996  2.75965504  2.65824665
2    2.23442809  2.58061153  0.00000000  2.59010759  2.36729083  1.97180797  2.60105595  1.42440814  2.04100981  2.51977513  1.51417896  2.18126764  1.69585694  1.92785462
3    2.36750767  2.67217204  2.59010759  0.00000000  2.61456248  2.10353132  2.52365801  1.96476496  2.64175414  2.69344709  2.60967035  1.59415677  2.55996793  2.49243578
4    2.36224980  2.69548467  2.36729083  2.61456248  0.00000000  2.09920671  2.71216031  1.99804597  1.60727420  2.20331088  2.46184252  2.01477297  2.57790249  2.28995645
5    0.74846730  2.21146413  1.97180797  2.10353132  2.09920671  0.00000000  0.98052758  0.77064203  2.09867896  1.46673855  1.64643204  1.37741571  1.78412609  1.52099662
6    1.53611664  2.81576785  2.60105595  2.52365801  2.71216031  0.98052758  0.00000000  1.19543631  2.71602010  2.19228800  2.33027834  1.96861035  2.44922824  2.21232233
7    1.21567210  2.14305644  1.42440814  1.96476496  1.99804597  0.77064203  1.19543631  0.00000000  1.87736061  1.73190384  1.44874955  1.46489235  1.59063112  1.52648002
8    2.36160815  2.69832965  2.04100981  2.64175414  1.60727420  2.09867896  2.71602010  1.87736061  0.00000000  2.33157931  2.24780397  2.09857795  2.38100963  2.23412675
10    1.40421257  2.81504689  2.51977513  2.69344709  2.20331088  1.46673855  2.19228800  1.73190384  2.33157931  0.00000000  2.23154853  1.39472319  2.36958369  1.33408600
11    1.73302371  2.65309378  1.51417896  2.60967035  2.46184252  1.64643204  2.33027834  1.44874955  2.24780397  2.23154853  0.00000000  2.02843690  0.47990853  1.11437528
12    1.45851740  2.38274996  2.18126764  1.59415677  2.01477297  1.37741571  1.96861035  1.46489235  2.09857795  1.39472319  2.02843690  0.00000000  2.10277524  1.67016567
15    1.88332556  2.75965504  1.69585694  2.55996793  2.57790249  1.78412609  2.44922824  1.59063112  2.38100963  2.36958369  0.47990853  2.10277524  0.00000000  1.05644882
17    1.55003552  2.65824665  1.92785462  2.49243578  2.28995645  1.52099662  2.21232233  1.52648002  2.23412675  1.33408600  1.11437528  1.67016567  1.05644882  0.00000000

--------------------------------------------------------------------------------
n=13
(result of R-step: (10,15:17)0.43382517)
V=[0, 1, 2, 3, 4, 5, 6, 7, 8, 10, 11, 12, 15]
total successes of this branch: 3
Matrix on 13 elements:

0    0.00000000  2.51154236  2.23442809  2.36750767  2.36224980  0.74846730  1.53611664  1.21567210  2.36160815  1.26829824  1.73302371  1.45851740  1.74741123
1    2.51154236  0.00000000  2.58061153  2.67217204  2.69548467  2.21146413  2.81576785  2.14305644  2.69832965  2.67913256  2.65309378  2.38274996  2.62374070
2    2.23442809  2.58061153  0.00000000  2.59010759  2.36729083  1.97180797  2.60105595  1.42440814  2.04100981  2.38386080  1.51417896  2.18126764  1.55994261
3    2.36750767  2.67217204  2.59010759  0.00000000  2.61456248  2.10353132  2.52365801  1.96476496  2.64175414  2.55753276  2.60967035  1.59415677  2.42405360
4    2.36224980  2.69548467  2.36729083  2.61456248  0.00000000  2.09920671  2.71216031  1.99804597  1.60727420  2.06739655  2.46184252  2.01477297  2.44198816
5    0.74846730  2.21146413  1.97180797  2.10353132  2.09920671  0.00000000  0.98052758  0.77064203  2.09867896  1.33082422  1.64643204  1.37741571  1.64821176
6    1.53611664  2.81576785  2.60105595  2.52365801  2.71216031  0.98052758  0.00000000  1.19543631  2.71602010  2.05637366  2.33027834  1.96861035  2.31331391
7    1.21567210  2.14305644  1.42440814  1.96476496  1.99804597  0.77064203  1.19543631  0.00000000  1.87736061  1.59598951  1.44874955  1.46489235  1.45471679
8    2.36160815  2.69832965  2.04100981  2.64175414  1.60727420  2.09867896  2.71602010  1.87736061  0.00000000  2.19566498  2.24780397  2.09857795  2.24509530
10    1.26829824  2.67913256  2.38386080  2.55753276  2.06739655  1.33082422  2.05637366  1.59598951  2.19566498  0.00000000  2.09563420  1.25880886  2.09775503
11    1.73302371  2.65309378  1.51417896  2.60967035  2.46184252  1.64643204  2.33027834  1.44874955  2.24780397  2.09563420  0.00000000  2.02843690  0.34399420
12    1.45851740  2.38274996  2.18126764  1.59415677  2.01477297  1.37741571  1.96861035  1.46489235  2.09857795  1.25880886  2.02843690  0.00000000  1.96686091
15    1.74741123  2.62374070  1.55994261  2.42405360  2.44198816  1.64821176  2.31331391  1.45471679  2.24509530  2.09775503  0.34399420  1.96686091  0.00000000

--------------------------------------------------------------------------------
n=12
(result of R-step: (3,11:15)0.07107603)
V=[0, 1, 2, 3, 4, 5, 6, 7, 8, 10, 11, 12]
total successes of this branch: 3
Matrix on 12 elements:

0    0.00000000  2.51154236  2.23442809  2.15240461  2.36224980  0.74846730  1.53611664  1.21567210  2.36160815  1.26829824  1.63117562  1.45851740
1    2.51154236  0.00000000  2.58061153  2.45706898  2.69548467  2.21146413  2.81576785  2.14305644  2.69832965  2.67913256  2.55124569  2.38274996
2    2.23442809  2.58061153  0.00000000  2.37500454  2.36729083  1.97180797  2.60105595  1.42440814  2.04100981  2.38386080  1.41233086  2.18126764
3    2.15240461  2.45706898  2.37500454  0.00000000  2.39945943  1.88842826  2.30855496  1.74966191  2.42665109  2.34242971  2.29271920  1.37905371
4    2.36224980  2.69548467  2.36729083  2.39945943  0.00000000  2.09920671  2.71216031  1.99804597  1.60727420  2.06739655  2.35999442  2.01477297
5    0.74846730  2.21146413  1.97180797  1.88842826  2.09920671  0.00000000  0.98052758  0.77064203  2.09867896  1.33082422  1.54458395  1.37741571
6    1.53611664  2.81576785  2.60105595  2.30855496  2.71216031  0.98052758  0.00000000  1.19543631  2.71602010  2.05637366  2.22843024  1.96861035
7    1.21567210  2.14305644  1.42440814  1.74966191  1.99804597  0.77064203  1.19543631  0.00000000  1.87736061  1.59598951  1.34690145  1.46489235
8    2.36160815  2.69832965  2.04100981  2.42665109  1.60727420  2.09867896  2.71602010  1.87736061  0.00000000  2.19566498  2.14595587  2.09857795
10    1.26829824  2.67913256  2.38386080  2.34242971  2.06739655  1.33082422  2.05637366  1.59598951  2.19566498  0.00000000  1.99378610  1.25880886
11    1.63117562  2.55124569  1.41233086  2.29271920  2.35999442  1.54458395  2.22843024  1.34690145  2.14595587  1.99378610  0.00000000  1.92658881
12    1.45851740  2.38274996  2.18126764  1.37905371  2.01477297  1.37741571  1.96861035  1.46489235  2.09857795  1.25880886  1.92658881  0.00000000

--------------------------------------------------------------------------------
n=11
(result of R-step: (0,2:11)0.34468336)
V=[0, 1, 2, 3, 4, 5, 6, 7, 8, 10, 12]
total successes of this branch: 3
Matrix on 11 elements:

0    0.00000000  2.26134670  1.49002895  1.90220895  2.11205414  0.49827164  1.28592098  0.96547644  2.11141249  1.01810258  1.20832174
1    2.26134670  0.00000000  2.08640805  2.45706898  2.69548467  2.21146413  2.81576785  2.14305644  2.69832965  2.67913256  2.38274996
2    1.49002895  2.08640805  0.00000000  1.88080106  1.87308735  1.47760449  2.10685247  0.93020466  1.54680633  1.88965732  1.68706416
3    1.90220895  2.45706898  1.88080106  0.00000000  2.39945943  1.88842826  2.30855496  1.74966191  2.42665109  2.34242971  1.37905371
4    2.11205414  2.69548467  1.87308735  2.39945943  0.00000000  2.09920671  2.71216031  1.99804597  1.60727420  2.06739655  2.01477297
5    0.49827164  2.21146413  1.47760449  1.88842826  2.09920671  0.00000000  0.98052758  0.77064203  2.09867896  1.33082422  1.37741571
6    1.28592098  2.81576785  2.10685247  2.30855496  2.71216031  0.98052758  0.00000000  1.19543631  2.71602010  2.05637366  1.96861035
7    0.96547644  2.14305644  0.93020466  1.74966191  1.99804597  0.77064203  1.19543631  0.00000000  1.87736061  1.59598951  1.46489235
8    2.11141249  2.69832965  1.54680633  2.42665109  1.60727420  2.09867896  2.71602010  1.87736061  0.00000000  2.19566498  2.09857795
10    1.01810258  2.67913256  1.88965732  2.34242971  2.06739655  1.33082422  2.05637366  1.59598951  2.19566498  0.00000000  1.25880886
12    1.20832174  2.38274996  1.68706416  1.37905371  2.01477297  1.37741571  1.96861035  1.46489235  2.09857795  1.25880886  0.00000000

--------------------------------------------------------------------------------
n=10
(result of R-step: (3,10:12)0.43989782)
V=[0, 1, 2, 3, 4, 5, 6, 7, 8, 10]
total successes of this branch: 3
Matrix on 10 elements:

0    0.00000000  2.26134670  1.49002895  1.60014899  2.11205414  0.49827164  1.28592098  0.96547644  2.11141249  0.63685389
1    2.26134670  0.00000000  2.08640805  2.15500902  2.69548467  2.21146413  2.81576785  2.14305644  2.69832965  2.29788387
2    1.49002895  2.08640805  0.00000000  1.57874109  1.87308735  1.47760449  2.10685247  0.93020466  1.54680633  1.50840863
3    1.60014899  2.15500902  1.57874109  0.00000000  2.09739946  1.58636829  2.00649499  1.44760194  2.12459112  1.65912105
4    2.11205414  2.69548467  1.87308735  2.09739946  0.00000000  2.09920671  2.71216031  1.99804597  1.60727420  1.68614786
5    0.49827164  2.21146413  1.47760449  1.58636829  2.09920671  0.00000000  0.98052758  0.77064203  2.09867896  0.94957553
6    1.28592098  2.81576785  2.10685247  2.00649499  2.71216031  0.98052758  0.00000000  1.19543631  2.71602010  1.67512497
7    0.96547644  2.14305644  0.93020466  1.44760194  1.99804597  0.77064203  1.19543631  0.00000000  1.87736061  1.21474082
8    2.11141249  2.69832965  1.54680633  2.12459112  1.60727420  2.09867896  2.71602010  1.87736061  0.00000000  1.81441629
10    0.63685389  2.29788387  1.50840863  1.65912105  1.68614786  0.94957553  1.67512497  1.21474082  1.81441629  0.00000000

--------------------------------------------------------------------------------
n=9
(result of R-step: (0,4:10)0.64452541)
V=[0, 1, 2, 3, 4, 5, 6, 7, 8]
total successes of this branch: 3
Matrix on 9 elements:

0    0.00000000  2.25835212  1.48703437  1.59715441  1.48642274  0.49527706  1.28292640  0.96248187  2.10841792
1    2.25835212  0.00000000  2.08640805  2.15500902  2.07284784  2.21146413  2.81576785  2.14305644  2.69832965
2    1.48703437  2.08640805  0.00000000  1.57874109  1.25045053  1.47760449  2.10685247  0.93020466  1.54680633
3    1.59715441  2.15500902  1.57874109  0.00000000  1.47476264  1.58636829  2.00649499  1.44760194  2.12459112
4    1.48642274  2.07284784  1.25045053  1.47476264  0.00000000  1.47656989  2.08952349  1.37540914  0.98463737
5    0.49527706  2.21146413  1.47760449  1.58636829  1.47656989  0.00000000  0.98052758  0.77064203  2.09867896
6    1.28292640  2.81576785  2.10685247  2.00649499  2.08952349  0.98052758  0.00000000  1.19543631  2.71602010
7    0.96248187  2.14305644  0.93020466  1.44760194  1.37540914  0.77064203  1.19543631  0.00000000  1.87736061
8    2.10841792  2.69832965  1.54680633  2.12459112  0.98463737  2.09867896  2.71602010  1.87736061  0.00000000

--------------------------------------------------------------------------------
n=8
(result of R-step: (2,4:8)0.26926732)
V=[0, 1, 2, 3, 4, 5, 6, 7]
total successes of this branch: 3
Matrix on 8 elements:

0    0.00000000  2.25835212  1.46618003  1.59715441  1.46856298  0.49527706  1.28292640  0.96248187
1    2.25835212  0.00000000  2.06555371  2.15500902  2.05498808  2.21146413  2.81576785  2.14305644
2    1.46618003  2.06555371  0.00000000  1.55788675  1.21173643  1.45675015  2.08599813  0.90935032
3    1.59715441  2.15500902  1.55788675  0.00000000  1.45690287  1.58636829  2.00649499  1.44760194
4    1.46856298  2.05498808  1.21173643  1.45690287  0.00000000  1.45871013  2.07166373  1.35754938
5    0.49527706  2.21146413  1.45675015  1.58636829  1.45871013  0.00000000  0.98052758  0.77064203
6    1.28292640  2.81576785  2.08599813  2.00649499  2.07166373  0.98052758  0.00000000  1.19543631
7    0.96248187  2.14305644  0.90935032  1.44760194  1.35754938  0.77064203  1.19543631  0.00000000

--------------------------------------------------------------------------------
n=7
(result of R-step: (2,6:7)0.37737443)
V=[0, 1, 2, 3, 4, 5, 6]
total successes of this branch: 3
Matrix on 7 elements:

0    0.00000000  2.25835212  1.46597556  1.59715441  1.46856298  0.49527706  0.64222534
1    2.25835212  0.00000000  2.06534924  2.15500902  2.05498808  2.21146413  2.17506678
2    1.46597556  2.06534924  0.00000000  1.55768228  1.21153195  1.45654568  1.44509260
3    1.59715441  2.15500902  1.55768228  0.00000000  1.45690287  1.58636829  1.36579393
4    1.46856298  2.05498808  1.21153195  1.45690287  0.00000000  1.45871013  1.43096267
5    0.49527706  2.21146413  1.45654568  1.58636829  1.45871013  0.00000000  0.33982652
6    0.64222534  2.17506678  1.44509260  1.36579393  1.43096267  0.33982652  0.00000000

--------------------------------------------------------------------------------
n=6
(result of R-step: (3,5:6)0.15828412)
V=[0, 1, 2, 3, 4, 5]
total successes of this branch: 3
Matrix on 6 elements:

0    0.00000000  2.25835212  1.46597556  1.41399029  1.46856298  0.42625673
1    2.25835212  0.00000000  2.06534924  1.97184490  2.05498808  2.14244380
2    1.46597556  2.06534924  0.00000000  1.37451816  1.21153195  1.38752535
3    1.41399029  1.97184490  1.37451816  0.00000000  1.27373875  1.33418384
4    1.46856298  2.05498808  1.21153195  1.27373875  0.00000000  1.38968979
5    0.42625673  2.14244380  1.38752535  1.33418384  1.38968979  0.00000000

--------------------------------------------------------------------------------
n=5
(result of R-step: (0,1:5)0.96733466)
V=[0, 1, 2, 3, 4]
total successes of this branch: 3
Matrix on 5 elements:

0    0.00000000  1.16998626  1.23311104  1.18112577  1.23569846
1    1.16998626  0.00000000  1.20984790  1.11634355  1.19948674
2    1.23311104  1.20984790  0.00000000  1.37451816  1.21153195
3    1.18112577  1.11634355  1.37451816  0.00000000  1.27373875
4    1.23569846  1.19948674  1.21153195  1.27373875  0.00000000

--------------------------------------------------------------------------------
n=4
(result of R-step: (0,2:4)0.58892598)
V=[0, 1, 2, 3]
total successes of this branch: 0
Matrix on 4 elements:

0    0.00000000  0.56236817  0.05113603  0.57350769
1    0.56236817  0.00000000  0.63549096  1.11634355
2    0.05113603  0.63549096  0.00000000  0.80016123
3    0.57350769  1.11634355  0.80016123  0.00000000
reason of abort: no pseudometric

--------------------------------------------------------------------------------
n=4
(result of R-step: (0,3:1)0.87473180)
V=[0, 2, 3, 4]
total successes of this branch: 0
Matrix on 4 elements:

0    0.00000000  0.62549296  0.07796197  0.62808038
2    0.62549296  0.00000000  0.87897244  1.21153195
3    0.07796197  0.87897244  0.00000000  0.77819303
4    0.62808038  1.21153195  0.77819303  0.00000000
reason of abort: no pseudometric

--------------------------------------------------------------------------------
n=4
(result of R-step: (1,2:0)0.88392082)
V=[1, 2, 3, 4]
total successes of this branch: 0
Matrix on 4 elements:

1    0.00000000  0.09199301  0.55366047  0.63680366
2    0.09199301  0.00000000  0.81934636  0.65636015
3    0.55366047  0.81934636  0.00000000  1.27373875
4    0.63680366  0.65636015  1.27373875  0.00000000
reason of abort: no pseudometric

--------------------------------------------------------------------------------
n=4
(result of R-step: (1,2:4)0.52995087)
V=[0, 1, 2, 3]
total successes of this branch: 0
Matrix on 4 elements:

