n=20
V=[0, 1, 2, 3, 4, 5, 6, 7, 8, 9, 10, 11, 12, 13, 14, 15, 16, 17, 18, 19]
total successes of this branch: 3
Matrix on 20 elements:

0    0.00000000  2.10016145  2.08587663  2.09281638  2.09776293  1.86865265  2.08928021  1.87753167  2.09550726  1.57267319  1.68615410  1.82643024  1.87886142  2.09496896  1.78263073  2.09517919  1.92141764  2.09349561  0.79950349  2.09187731
1    2.10016145  0.00000000  2.05227958  2.02026571  1.82357151  1.92678341  1.98679015  1.92919834  1.65487335  2.04319131  1.95890707  2.01548710  2.04197605  1.72796831  2.00049456  1.62766475  2.04409415  1.36610872  2.06811290  1.93681855
2    2.08587663  2.05227958  0.00000000  2.01839592  2.04121494  2.07148991  1.75379952  2.05870465  1.86022535  2.08114931  2.03319786  1.92035529  2.03673268  1.89186660  2.03496752  2.02929583  1.72138960  1.86943099  2.06950647  1.09157590
3    2.09281638  2.02026571  2.01839592  0.00000000  1.92489138  2.06174919  1.99162135  2.05892694  2.01965650  2.08260804  2.06894444  2.03791543  1.51940041  1.87459144  1.79382175  1.19242097  1.62197916  2.00271820  1.99667268  1.97119107
4    2.09776293  1.82357151  2.04121494  1.92489138  0.00000000  1.98035044  1.92589312  1.97815884  1.89448270  2.05918246  2.02343445  1.99371082  1.97186635  1.90056581  1.99761749  1.89229814  1.98612237  1.88625363  2.06556050  1.07301033
5    1.86865265  1.92678341  2.07148991  2.06174919  1.98035044  0.00000000  2.04539258  1.54965426  1.97393075  1.72380003  1.77809079  1.88176609  2.00927842  1.99149840  1.89383213  2.01833252  2.02206727  1.99944327  1.87674928  2.02547904
6    2.08928021  1.98679015  1.75379952  1.99162135  1.92589312  2.04539258  0.00000000  2.02460531  1.91087864  2.07485921  2.03926730  1.73731482  2.01815852  1.92703082  2.02869944  1.99006722  1.96381411  1.00530364  2.06980006  1.84067929
7    1.87753167  1.92919834  2.05870465  2.05892694  1.97815884  1.54965426  2.02460531  0.00000000  1.97139326  1.76979473  1.81355160  1.89495753  2.00963579  1.98890394  1.91171882  2.01719500  2.01972290  1.98764456  1.88852478  2.01804189
8    2.09550726  1.65487335  1.86022535  2.01965650  1.89448270  1.97393075  1.91087864  1.97139326  0.00000000  2.05555854  1.91759289  1.98449186  2.04026768  1.43955992  1.97900857  1.90231067  2.00325629  1.81170194  2.05804634  1.87751984
9    1.57267319  2.04319131  2.08114931  2.08260804  2.05918246  1.72380003  2.07485921  1.76979473  2.05555854  0.00000000  1.55788296  1.72521954  1.94404172  2.06096966  1.75120876  2.06992821  1.97222700  2.06259104  1.63008248  2.07005956
10    1.68615410  1.95890707  2.03319786  2.06894444  2.02343445  1.77809079  2.03926730  1.81355160  1.91759289  1.55788296  0.00000000  1.79433865  1.96492753  1.94787003  1.40589366  2.03354689  1.97896189  2.00813567  1.59603451  2.02826890
11    1.82643024  2.01548710  1.92035529  2.03791543  1.99371082  1.88176609  1.73731482  1.89495753  1.98449186  1.72521954  1.79433865  0.00000000  1.98044785  1.99517899  1.88751201  2.03070054  1.96809459  1.84507903  1.84607149  1.95738811
12    1.87886142  2.04197605  2.03673268  1.51940041  1.97186635  2.00927842  2.01815852  2.00963579  2.04026768  1.94404172  1.96492753  1.98044785  0.00000000  1.93607072  1.40446491  1.68750596  0.81808575  2.02738546  1.72631610  2.00398555
13    2.09496896  1.72796831  1.89186660  1.87459144  1.90056581  1.99149840  1.92703082  1.98890394  1.43955992  2.06096966  1.94787003  1.99517899  1.93607072  0.00000000  1.94196285  1.82742476  1.92698366  1.84991381  2.04576884  1.89625831
14    1.78263073  2.00049456  2.03496752  1.79382175  1.99761749  1.89383213  2.02869944  1.91171882  1.97900857  1.75120876  1.40589366  1.88751201  1.40446491  1.94196285  0.00000000  1.86030561  1.53407764  2.01777284  1.31666550  2.01611173
15    2.09517919  1.62766475  2.02929583  1.19242097  1.89229814  2.01833252  1.99006722  2.01719500  1.90231067  2.06992821  2.03354689  2.03070054  1.68750596  1.82742476  1.86030561  0.00000000  1.75776787  1.84967215  2.01965404  1.96013389
16    1.92141764  2.04409415  1.72138960  1.62197916  1.98612237  2.02206727  1.96381411  2.01972290  2.00325629  1.97222700  1.97896189  1.96809459  0.81808575  1.92698366  1.53407764  1.75776787  0.00000000  1.99491468  1.79686591  1.85503735
17    2.09349561  1.36610872  1.86943099  2.00271820  1.88625363  1.99944327  1.00530364  1.98764456  1.81170194  2.06259104  2.00813567  1.84507903  2.02738546  1.84991381  2.01777284  1.84967215  1.99491468  0.00000000  2.06914646  1.87792373
18    0.79950349  2.06811290  2.06950647  1.99667268  2.06556050  1.87674928  2.06980006  1.88852478  2.05804634  1.63008248  1.59603451  1.84607149  1.72631610  2.04576884  1.31666550  2.01965404  1.79686591  2.06914646  0.00000000  2.06751439
19    2.09187731  1.93681855  1.09157590  1.97119107  1.07301033  2.02547904  1.84067929  2.01804189  1.87751984  2.07005956  2.02826890  1.95738811  2.00398555  1.89625831  2.01611173  1.96013389  1.85503735  1.87792373  2.06751439  0.00000000

--------------------------------------------------------------------------------
n=19
(result of R-step: (0,14:18)0.67844341)
V=[0, 1, 2, 3, 4, 5, 6, 7, 8, 9, 10, 11, 12, 13, 14, 15, 16, 17, 19]
total successes of this branch: 3
Matrix on 19 elements:

0    0.00000000  1.93339232  1.91910750  1.92604725  1.93099380  1.70188352  1.92251108  1.71076254  1.92873813  1.40590406  1.51938497  1.65966111  1.71209229  1.92819983  1.44909247  1.92841006  1.75464851  1.92672648  1.92510818
1    1.93339232  0.00000000  2.05227958  2.02026571  1.82357151  1.92678341  1.98679015  1.92919834  1.65487335  2.04319131  1.95890707  2.01548710  2.04197605  1.72796831  1.83372544  1.62766475  2.04409415  1.36610872  1.93681855
2    1.91910750  2.05227958  0.00000000  2.01839592  2.04121494  2.07148991  1.75379952  2.05870465  1.86022535  2.08114931  2.03319786  1.92035529  2.03673268  1.89186660  1.86819840  2.02929583  1.72138960  1.86943099  1.09157590
3    1.92604725  2.02026571  2.01839592  0.00000000  1.92489138  2.06174919  1.99162135  2.05892694  2.01965650  2.08260804  2.06894444  2.03791543  1.51940041  1.87459144  1.62705262  1.19242097  1.62197916  2.00271820  1.97119107
4    1.93099380  1.82357151  2.04121494  1.92489138  0.00000000  1.98035044  1.92589312  1.97815884  1.89448270  2.05918246  2.02343445  1.99371082  1.97186635  1.90056581  1.83084837  1.89229814  1.98612237  1.88625363  1.07301033
5    1.70188352  1.92678341  2.07148991  2.06174919  1.98035044  0.00000000  2.04539258  1.54965426  1.97393075  1.72380003  1.77809079  1.88176609  2.00927842  1.99149840  1.72706300  2.01833252  2.02206727  1.99944327  2.02547904
6    1.92251108  1.98679015  1.75379952  1.99162135  1.92589312  2.04539258  0.00000000  2.02460531  1.91087864  2.07485921  2.03926730  1.73731482  2.01815852  1.92703082  1.86193031  1.99006722  1.96381411  1.00530364  1.84067929
7    1.71076254  1.92919834  2.05870465  2.05892694  1.97815884  1.54965426  2.02460531  0.00000000  1.97139326  1.76979473  1.81355160  1.89495753  2.00963579  1.98890394  1.74494969  2.01719500  2.01972290  1.98764456  2.01804189
8    1.92873813  1.65487335  1.86022535  2.01965650  1.89448270  1.97393075  1.91087864  1.97139326  0.00000000  2.05555854  1.91759289  1.98449186  2.04026768  1.43955992  1.81223944  1.90231067  2.00325629  1.81170194  1.87751984
9    1.40590406  2.04319131  2.08114931  2.08260804  2.05918246  1.72380003  2.07485921  1.76979473  2.05555854  0.00000000  1.55788296  1.72521954  1.94404172  2.06096966  1.58443963  2.06992821  1.97222700  2.06259104  2.07005956
10    1.51938497  1.95890707  2.03319786  2.06894444  2.02343445  1.77809079  2.03926730  1.81355160  1.91759289  1.55788296  0.00000000  1.79433865  1.96492753  1.94787003  1.23912453  2.03354689  1.97896189  2.00813567  2.02826890
11    1.65966111  2.01548710  1.92035529  2.03791543  1.99371082  1.88176609  1.73731482  1.89495753  1.98449186  1.72521954  1.79433865  0.00000000  1.98044785  1.99517899  1.72074288  2.03070054  1.96809459  1.84507903  1.95738811
12    1.71209229  2.04197605  2.03673268  1.51940041  1.97186635  2.00927842  2.01815852  2.00963579  2.04026768  1.94404172  1.96492753  1.98044785  0.00000000  1.93607072  1.23769578  1.68750596  0.81808575  2.02738546  2.00398555
13    1.92819983  1.72796831  1.89186660  1.87459144  1.90056581  1.99149840  1.92703082  1.98890394  1.43955992  2.06096966  1.94787003  1.99517899  1.93607072  0.00000000  1.77519372  1.82742476  1.92698366  1.84991381  1.89625831
14    1.44909247  1.83372544  1.86819840  1.62705262  1.83084837  1.72706300  1.86193031  1.74494969  1.81223944  1.58443963  1.23912453  1.72074288  1.23769578  1.77519372  0.00000000  1.69353648  1.36730851  1.85100372  1.84934260
15    1.92841006  1.62766475  2.02929583  1.19242097  1.89229814  2.01833252  1.99006722  2.01719500  1.90231067  2.06992821  2.03354689  2.03070054  1.68750596  1.82742476  1.69353648  0.00000000  1.75776787  1.84967215  1.96013389
16    1.75464851  2.04409415  1.72138960  1.62197916  1.98612237  2.02206727  1.96381411  2.01972290  2.00325629  1.97222700  1.97896189  1.96809459  0.81808575  1.92698366  1.36730851  1.75776787  0.00000000  1.99491468  1.85503735
17    1.92672648  1.36610872  1.86943099  2.00271820  1.88625363  1.99944327  1.00530364  1.98764456  1.81170194  2.06259104  2.00813567  1.84507903  2.02738546  1.84991381  1.85100372  1.84967215  1.99491468  0.00000000  1.87792373
19    1.92510818  1.93681855  1.09157590  1.97119107  1.07301033  2.02547904  1.84067929  2.01804189  1.87751984  2.07005956  2.02826890  1.95738811  2.00398555  1.89625831  1.84934260  1.96013389  1.85503735  1.87792373  0.00000000

--------------------------------------------------------------------------------
n=18
(result of R-step: (1,6:17)0.38740098)
V=[0, 1, 2, 3, 4, 5, 6, 7, 8, 9, 10, 11, 12, 13, 14, 15, 16, 19]
total successes of this branch: 3
Matrix on 18 elements:

0    0.00000000  1.74108121  1.91910750  1.92604725  1.93099380  1.70188352  1.73019998  1.71076254  1.92873813  1.40590406  1.51938497  1.65966111  1.71209229  1.92819983  1.44909247  1.92841006  1.75464851  1.92510818
1    1.74108121  0.00000000  1.85996847  1.82795460  1.63126041  1.73447230  1.60216794  1.73688724  1.46256225  1.85088020  1.76659596  1.82317599  1.84966494  1.53565721  1.64141433  1.43535365  1.85178304  1.74450744
2    1.91910750  1.85996847  0.00000000  2.01839592  2.04121494  2.07148991  1.56148842  2.05870465  1.86022535  2.08114931  2.03319786  1.92035529  2.03673268  1.89186660  1.86819840  2.02929583  1.72138960  1.09157590
3    1.92604725  1.82795460  2.01839592  0.00000000  1.92489138  2.06174919  1.79931025  2.05892694  2.01965650  2.08260804  2.06894444  2.03791543  1.51940041  1.87459144  1.62705262  1.19242097  1.62197916  1.97119107
4    1.93099380  1.63126041  2.04121494  1.92489138  0.00000000  1.98035044  1.73358201  1.97815884  1.89448270  2.05918246  2.02343445  1.99371082  1.97186635  1.90056581  1.83084837  1.89229814  1.98612237  1.07301033
5    1.70188352  1.73447230  2.07148991  2.06174919  1.98035044  0.00000000  1.85308147  1.54965426  1.97393075  1.72380003  1.77809079  1.88176609  2.00927842  1.99149840  1.72706300  2.01833252  2.02206727  2.02547904
6    1.73019998  1.60216794  1.56148842  1.79931025  1.73358201  1.85308147  0.00000000  1.83229420  1.71856753  1.88254811  1.84695619  1.54500372  1.82584742  1.73471972  1.66961921  1.79775612  1.77150301  1.64836819
7    1.71076254  1.73688724  2.05870465  2.05892694  1.97815884  1.54965426  1.83229420  0.00000000  1.97139326  1.76979473  1.81355160  1.89495753  2.00963579  1.98890394  1.74494969  2.01719500  2.01972290  2.01804189
8    1.92873813  1.46256225  1.86022535  2.01965650  1.89448270  1.97393075  1.71856753  1.97139326  0.00000000  2.05555854  1.91759289  1.98449186  2.04026768  1.43955992  1.81223944  1.90231067  2.00325629  1.87751984
9    1.40590406  1.85088020  2.08114931  2.08260804  2.05918246  1.72380003  1.88254811  1.76979473  2.05555854  0.00000000  1.55788296  1.72521954  1.94404172  2.06096966  1.58443963  2.06992821  1.97222700  2.07005956
10    1.51938497  1.76659596  2.03319786  2.06894444  2.02343445  1.77809079  1.84695619  1.81355160  1.91759289  1.55788296  0.00000000  1.79433865  1.96492753  1.94787003  1.23912453  2.03354689  1.97896189  2.02826890
11    1.65966111  1.82317599  1.92035529  2.03791543  1.99371082  1.88176609  1.54500372  1.89495753  1.98449186  1.72521954  1.79433865  0.00000000  1.98044785  1.99517899  1.72074288  2.03070054  1.96809459  1.95738811
12    1.71209229  1.84966494  2.03673268  1.51940041  1.97186635  2.00927842  1.82584742  2.00963579  2.04026768  1.94404172  1.96492753  1.98044785  0.00000000  1.93607072  1.23769578  1.68750596  0.81808575  2.00398555
13    1.92819983  1.53565721  1.89186660  1.87459144  1.90056581  1.99149840  1.73471972  1.98890394  1.43955992  2.06096966  1.94787003  1.99517899  1.93607072  0.00000000  1.77519372  1.82742476  1.92698366  1.89625831
14    1.44909247  1.64141433  1.86819840  1.62705262  1.83084837  1.72706300  1.66961921  1.74494969  1.81223944  1.58443963  1.23912453  1.72074288  1.23769578  1.77519372  0.00000000  1.69353648  1.36730851  1.84934260
15    1.92841006  1.43535365  2.02929583  1.19242097  1.89229814  2.01833252  1.79775612  2.01719500  1.90231067  2.06992821  2.03354689  2.03070054  1.68750596  1.82742476  1.69353648  0.00000000  1.75776787  1.96013389
16    1.75464851  1.85178304  1.72138960  1.62197916  1.98612237  2.02206727  1.77150301  2.01972290  2.00325629  1.97222700  1.97896189  1.96809459  0.81808575  1.92698366  1.36730851  1.75776787  0.00000000  1.85503735
19    1.92510818  1.74450744  1.09157590  1.97119107  1.07301033  2.02547904  1.64836819  2.01804189  1.87751984  2.07005956  2.02826890  1.95738811  2.00398555  1.89625831  1.84934260  1.96013389  1.85503735  0.00000000

--------------------------------------------------------------------------------
n=17
(result of R-step: (1,3:15)0.32168654)
V=[0, 1, 2, 3, 4, 5, 6, 7, 8, 9, 10, 11, 12, 13, 14, 16, 19]
total successes of this branch: 3
Matrix on 17 elements:

0    0.00000000  1.53348231  1.91910750  1.52613724  1.93099380  1.70188352  1.73019998  1.71076254  1.92873813  1.40590406  1.51938497  1.65966111  1.71209229  1.92819983  1.44909247  1.75464851  1.92510818
1    1.53348231  0.00000000  1.65236957  1.22044569  1.42366150  1.52687340  1.39456904  1.52928833  1.25496334  1.64328130  1.55899706  1.61557709  1.64206604  1.32805831  1.43381543  1.64418414  1.53690854
2    1.91910750  1.65236957  0.00000000  1.61848591  2.04121494  2.07148991  1.56148842  2.05870465  1.86022535  2.08114931  2.03319786  1.92035529  2.03673268  1.89186660  1.86819840  1.72138960  1.09157590
3    1.52613724  1.22044569  1.61848591  0.00000000  1.52498137  1.66183919  1.39940024  1.65901693  1.61974650  1.68269803  1.66903443  1.63800543  1.11949040  1.47468144  1.22714261  1.22206916  1.57128106
4    1.93099380  1.42366150  2.04121494  1.52498137  0.00000000  1.98035044  1.73358201  1.97815884  1.89448270  2.05918246  2.02343445  1.99371082  1.97186635  1.90056581  1.83084837  1.98612237  1.07301033
5    1.70188352  1.52687340  2.07148991  1.66183919  1.98035044  0.00000000  1.85308147  1.54965426  1.97393075  1.72380003  1.77809079  1.88176609  2.00927842  1.99149840  1.72706300  2.02206727  2.02547904
6    1.73019998  1.39456904  1.56148842  1.39940024  1.73358201  1.85308147  0.00000000  1.83229420  1.71856753  1.88254811  1.84695619  1.54500372  1.82584742  1.73471972  1.66961921  1.77150301  1.64836819
7    1.71076254  1.52928833  2.05870465  1.65901693  1.97815884  1.54965426  1.83229420  0.00000000  1.97139326  1.76979473  1.81355160  1.89495753  2.00963579  1.98890394  1.74494969  2.01972290  2.01804189
8    1.92873813  1.25496334  1.86022535  1.61974650  1.89448270  1.97393075  1.71856753  1.97139326  0.00000000  2.05555854  1.91759289  1.98449186  2.04026768  1.43955992  1.81223944  2.00325629  1.87751984
9    1.40590406  1.64328130  2.08114931  1.68269803  2.05918246  1.72380003  1.88254811  1.76979473  2.05555854  0.00000000  1.55788296  1.72521954  1.94404172  2.06096966  1.58443963  1.97222700  2.07005956
10    1.51938497  1.55899706  2.03319786  1.66903443  2.02343445  1.77809079  1.84695619  1.81355160  1.91759289  1.55788296  0.00000000  1.79433865  1.96492753  1.94787003  1.23912453  1.97896189  2.02826890
11    1.65966111  1.61557709  1.92035529  1.63800543  1.99371082  1.88176609  1.54500372  1.89495753  1.98449186  1.72521954  1.79433865  0.00000000  1.98044785  1.99517899  1.72074288  1.96809459  1.95738811
12    1.71209229  1.64206604  2.03673268  1.11949040  1.97186635  2.00927842  1.82584742  2.00963579  2.04026768  1.94404172  1.96492753  1.98044785  0.00000000  1.93607072  1.23769578  0.81808575  2.00398555
13    1.92819983  1.32805831  1.89186660  1.47468144  1.90056581  1.99149840  1.73471972  1.98890394  1.43955992  2.06096966  1.94787003  1.99517899  1.93607072  0.00000000  1.77519372  1.92698366  1.89625831
14    1.44909247  1.43381543  1.86819840  1.22714261  1.83084837  1.72706300  1.66961921  1.74494969  1.81223944  1.58443963  1.23912453  1.72074288  1.23769578  1.77519372  0.00000000  1.36730851  1.84934260
16    1.75464851  1.64418414  1.72138960  1.22206916  1.98612237  2.02206727  1.77150301  2.01972290  2.00325629  1.97222700  1.97896189  1.96809459  0.81808575  1.92698366  1.36730851  0.00000000  1.85503735
19    1.92510818  1.53690854  1.09157590  1.57128106  1.07301033  2.02547904  1.64836819  2.01804189  1.87751984  2.07005956  2.02826890  1.95738811  2.00398555  1.89625831  1.84934260  1.85503735  0.00000000

--------------------------------------------------------------------------------
n=16
(result of R-step: (2,4:19)0.49515978)
V=[0, 1, 2, 3, 4, 5, 6, 7, 8, 9, 10, 11, 12, 13, 14, 16]
total successes of this branch: 3
Matrix on 16 elements:

0    0.00000000  1.53348231  1.85742185  1.52613724  1.86930815  1.70188352  1.73019998  1.71076254  1.92873813  1.40590406  1.51938497  1.65966111  1.71209229  1.92819983  1.44909247  1.75464851
1    1.53348231  0.00000000  1.59068392  1.22044569  1.36197586  1.52687340  1.39456904  1.52928833  1.25496334  1.64328130  1.55899706  1.61557709  1.64206604  1.32805831  1.43381543  1.64418414
2    1.85742185  1.59068392  0.00000000  1.55680026  1.91784365  2.00980427  1.49980277  1.99701900  1.79853970  2.01946366  1.97151221  1.85866965  1.97504703  1.83018096  1.80651275  1.65970395
3    1.52613724  1.22044569  1.55680026  0.00000000  1.46329573  1.66183919  1.39940024  1.65901693  1.61974650  1.68269803  1.66903443  1.63800543  1.11949040  1.47468144  1.22714261  1.22206916
4    1.86930815  1.36197586  1.91784365  1.46329573  0.00000000  1.91866480  1.67189637  1.91647319  1.83279706  1.99749682  1.96174881  1.93202517  1.91018070  1.83888016  1.76916272  1.92443673
5    1.70188352  1.52687340  2.00980427  1.66183919  1.91866480  0.00000000  1.85308147  1.54965426  1.97393075  1.72380003  1.77809079  1.88176609  2.00927842  1.99149840  1.72706300  2.02206727
6    1.73019998  1.39456904  1.49980277  1.39940024  1.67189637  1.85308147  0.00000000  1.83229420  1.71856753  1.88254811  1.84695619  1.54500372  1.82584742  1.73471972  1.66961921  1.77150301
7    1.71076254  1.52928833  1.99701900  1.65901693  1.91647319  1.54965426  1.83229420  0.00000000  1.97139326  1.76979473  1.81355160  1.89495753  2.00963579  1.98890394  1.74494969  2.01972290
8    1.92873813  1.25496334  1.79853970  1.61974650  1.83279706  1.97393075  1.71856753  1.97139326  0.00000000  2.05555854  1.91759289  1.98449186  2.04026768  1.43955992  1.81223944  2.00325629
9    1.40590406  1.64328130  2.01946366  1.68269803  1.99749682  1.72380003  1.88254811  1.76979473  2.05555854  0.00000000  1.55788296  1.72521954  1.94404172  2.06096966  1.58443963  1.97222700
10    1.51938497  1.55899706  1.97151221  1.66903443  1.96174881  1.77809079  1.84695619  1.81355160  1.91759289  1.55788296  0.00000000  1.79433865  1.96492753  1.94787003  1.23912453  1.97896189
11    1.65966111  1.61557709  1.85866965  1.63800543  1.93202517  1.88176609  1.54500372  1.89495753  1.98449186  1.72521954  1.79433865  0.00000000  1.98044785  1.99517899  1.72074288  1.96809459
12    1.71209229  1.64206604  1.97504703  1.11949040  1.91018070  2.00927842  1.82584742  2.00963579  2.04026768  1.94404172  1.96492753  1.98044785  0.00000000  1.93607072  1.23769578  0.81808575
13    1.92819983  1.32805831  1.83018096  1.47468144  1.83888016  1.99149840  1.73471972  1.98890394  1.43955992  2.06096966  1.94787003  1.99517899  1.93607072  0.00000000  1.77519372  1.92698366
14    1.44909247  1.43381543  1.80651275  1.22714261  1.76916272  1.72706300  1.66961921  1.74494969  1.81223944  1.58443963  1.23912453  1.72074288  1.23769578  1.77519372  0.00000000  1.36730851
16    1.75464851  1.64418414  1.65970395  1.22206916  1.92443673  2.02206727  1.77150301  2.01972290  2.00325629  1.97222700  1.97896189  1.96809459  0.81808575  1.92698366  1.36730851  0.00000000

--------------------------------------------------------------------------------
n=15
(result of R-step: (2,12:16)0.20557049)
V=[0, 1, 2, 3, 4, 5, 6, 7, 8, 9, 10, 11, 12, 13, 14]
total successes of this branch: 3
Matrix on 15 elements:

0    0.00000000  1.53348231  1.66773616  1.52613724  1.86930815  1.70188352  1.73019998  1.71076254  1.92873813  1.40590406  1.51938497  1.65966111  1.46072096  1.92819983  1.44909247
1    1.53348231  0.00000000  1.40099823  1.22044569  1.36197586  1.52687340  1.39456904  1.52928833  1.25496334  1.64328130  1.55899706  1.61557709  1.39069470  1.32805831  1.43381543
2    1.66773616  1.40099823  0.00000000  1.36711457  1.72815796  1.82011858  1.31011708  1.80733331  1.60885401  1.82977797  1.78182652  1.66898396  1.53399000  1.64049526  1.61682706
3    1.52613724  1.22044569  1.36711457  0.00000000  1.46329573  1.66183919  1.39940024  1.65901693  1.61974650  1.68269803  1.66903443  1.63800543  0.86811907  1.47468144  1.22714261
4    1.86930815  1.36197586  1.72815796  1.46329573  0.00000000  1.91866480  1.67189637  1.91647319  1.83279706  1.99749682  1.96174881  1.93202517  1.65880937  1.83888016  1.76916272
5    1.70188352  1.52687340  1.82011858  1.66183919  1.91866480  0.00000000  1.85308147  1.54965426  1.97393075  1.72380003  1.77809079  1.88176609  1.75790708  1.99149840  1.72706300
6    1.73019998  1.39456904  1.31011708  1.39940024  1.67189637  1.85308147  0.00000000  1.83229420  1.71856753  1.88254811  1.84695619  1.54500372  1.57447608  1.73471972  1.66961921
7    1.71076254  1.52928833  1.80733331  1.65901693  1.91647319  1.54965426  1.83229420  0.00000000  1.97139326  1.76979473  1.81355160  1.89495753  1.75826446  1.98890394  1.74494969
8    1.92873813  1.25496334  1.60885401  1.61974650  1.83279706  1.97393075  1.71856753  1.97139326  0.00000000  2.05555854  1.91759289  1.98449186  1.78889635  1.43955992  1.81223944
9    1.40590406  1.64328130  1.82977797  1.68269803  1.99749682  1.72380003  1.88254811  1.76979473  2.05555854  0.00000000  1.55788296  1.72521954  1.69267039  2.06096966  1.58443963
10    1.51938497  1.55899706  1.78182652  1.66903443  1.96174881  1.77809079  1.84695619  1.81355160  1.91759289  1.55788296  0.00000000  1.79433865  1.71355619  1.94787003  1.23912453
11    1.65966111  1.61557709  1.66898396  1.63800543  1.93202517  1.88176609  1.54500372  1.89495753  1.98449186  1.72521954  1.79433865  0.00000000  1.72907651  1.99517899  1.72074288
12    1.46072096  1.39069470  1.53399000  0.86811907  1.65880937  1.75790708  1.57447608  1.75826446  1.78889635  1.69267039  1.71355619  1.72907651  0.00000000  1.68469938  0.98632444
13    1.92819983  1.32805831  1.64049526  1.47468144  1.83888016  1.99149840  1.73471972  1.98890394  1.43955992  2.06096966  1.94787003  1.99517899  1.68469938  0.00000000  1.77519372
14    1.44909247  1.43381543  1.61682706  1.22714261  1.76916272  1.72706300  1.66961921  1.74494969  1.81223944  1.58443963  1.23912453  1.72074288  0.98632444  1.77519372  0.00000000

--------------------------------------------------------------------------------
n=14
(result of R-step: (3,8:13)0.20004514)
V=[0, 1, 2, 3, 4, 5, 6, 7, 8, 9, 10, 11, 12, 14]
total successes of this branch: 3
Matrix on 14 elements:

0    0.00000000  1.53348231  1.66773616  1.27879982  1.86930815  1.70188352  1.73019998  1.71076254  1.28149070  1.40590406  1.51938497  1.65966111  1.46072096  1.44909247
1    1.53348231  0.00000000  1.40099823  0.97310827  1.36197586  1.52687340  1.39456904  1.52928833  0.60771591  1.64328130  1.55899706  1.61557709  1.39069470  1.43381543
2    1.66773616  1.40099823  0.00000000  1.11977715  1.72815796  1.82011858  1.31011708  1.80733331  0.96160658  1.82977797  1.78182652  1.66898396  1.53399000  1.61682706
3    1.27879982  0.97310827  1.11977715  0.00000000  1.21595831  1.41450177  1.15206282  1.41167951  0.72516165  1.43536061  1.42169701  1.39066801  0.62078165  0.97980519
4    1.86930815  1.36197586  1.72815796  1.21595831  0.00000000  1.91866480  1.67189637  1.91647319  1.18554963  1.99749682  1.96174881  1.93202517  1.65880937  1.76916272
5    1.70188352  1.52687340  1.82011858  1.41450177  1.91866480  0.00000000  1.85308147  1.54965426  1.32668332  1.72380003  1.77809079  1.88176609  1.75790708  1.72706300
6    1.73019998  1.39456904  1.31011708  1.15206282  1.67189637  1.85308147  0.00000000  1.83229420  1.07132010  1.88254811  1.84695619  1.54500372  1.57447608  1.66961921
7    1.71076254  1.52928833  1.80733331  1.41167951  1.91647319  1.54965426  1.83229420  0.00000000  1.32414583  1.76979473  1.81355160  1.89495753  1.75826446  1.74494969
8    1.28149070  0.60771591  0.96160658  0.72516165  1.18554963  1.32668332  1.07132010  1.32414583  0.00000000  1.40831111  1.27034546  1.33724443  1.14164892  1.16499201
9    1.40590406  1.64328130  1.82977797  1.43536061  1.99749682  1.72380003  1.88254811  1.76979473  1.40831111  0.00000000  1.55788296  1.72521954  1.69267039  1.58443963
10    1.51938497  1.55899706  1.78182652  1.42169701  1.96174881  1.77809079  1.84695619  1.81355160  1.27034546  1.55788296  0.00000000  1.79433865  1.71355619  1.23912453
11    1.65966111  1.61557709  1.66898396  1.39066801  1.93202517  1.88176609  1.54500372  1.89495753  1.33724443  1.72521954  1.79433865  0.00000000  1.72907651  1.72074288
12    1.46072096  1.39069470  1.53399000  0.62078165  1.65880937  1.75790708  1.57447608  1.75826446  1.14164892  1.69267039  1.71355619  1.72907651  0.00000000  0.98632444
14    1.44909247  1.43381543  1.61682706  0.97980519  1.76916272  1.72706300  1.66961921  1.74494969  1.16499201  1.58443963  1.23912453  1.72074288  0.98632444  0.00000000

--------------------------------------------------------------------------------
n=13
(result of R-step: (6,9:11)0.49119939)
V=[0, 1, 2, 3, 4, 5, 6, 7, 8, 9, 10, 12, 14]
total successes of this branch: 3
Matrix on 13 elements:

0    0.00000000  1.53348231  1.66773616  1.27879982  1.86930815  1.70188352  1.22867351  1.71076254  1.28149070  0.71206649  1.51938497  1.46072096  1.44909247
1    1.53348231  0.00000000  1.40099823  0.97310827  1.36197586  1.52687340  0.89304257  1.52928833  0.60771591  0.94944373  1.55899706  1.39069470  1.43381543
2    1.66773616  1.40099823  0.00000000  1.11977715  1.72815796  1.82011858  0.80859061  1.80733331  0.96160658  1.13594040  1.78182652  1.53399000  1.61682706
3    1.27879982  0.97310827  1.11977715  0.00000000  1.21595831  1.41450177  0.65053635  1.41167951  0.72516165  0.74152304  1.42169701  0.62078165  0.97980519
4    1.86930815  1.36197586  1.72815796  1.21595831  0.00000000  1.91866480  1.17036990  1.91647319  1.18554963  1.30365924  1.96174881  1.65880937  1.76916272
5    1.70188352  1.52687340  1.82011858  1.41450177  1.91866480  0.00000000  1.35155500  1.54965426  1.32668332  1.02996245  1.77809079  1.75790708  1.72706300
6    1.22867351  0.89304257  0.80859061  0.65053635  1.17036990  1.35155500  0.00000000  1.33076773  0.56979363  0.68718406  1.34542973  1.07294961  1.16809274
7    1.71076254  1.52928833  1.80733331  1.41167951  1.91647319  1.54965426  1.33076773  0.00000000  1.32414583  1.07595715  1.81355160  1.75826446  1.74494969
8    1.28149070  0.60771591  0.96160658  0.72516165  1.18554963  1.32668332  0.56979363  1.32414583  0.00000000  0.71447354  1.27034546  1.14164892  1.16499201
9    0.71206649  0.94944373  1.13594040  0.74152304  1.30365924  1.02996245  0.68718406  1.07595715  0.71447354  0.00000000  0.86404539  0.99883281  0.89060206
10    1.51938497  1.55899706  1.78182652  1.42169701  1.96174881  1.77809079  1.34542973  1.81355160  1.27034546  0.86404539  0.00000000  1.71355619  1.23912453
12    1.46072096  1.39069470  1.53399000  0.62078165  1.65880937  1.75790708  1.07294961  1.75826446  1.14164892  0.99883281  1.71355619  0.00000000  0.98632444
14    1.44909247  1.43381543  1.61682706  0.97980519  1.76916272  1.72706300  1.16809274  1.74494969  1.16499201  0.89060206  1.23912453  0.98632444  0.00000000

--------------------------------------------------------------------------------
n=12
(result of R-step: (10,12:14)0.49936188)
V=[0, 1, 2, 3, 4, 5, 6, 7, 8, 9, 10, 12]
total successes of this branch: 3
Matrix on 12 elements:

0    0.00000000  1.53348231  1.66773616  1.27879982  1.86930815  1.70188352  1.22867351  1.71076254  1.28149070  0.71206649  1.09666945  1.28937677
1    1.53348231  0.00000000  1.40099823  0.97310827  1.36197586  1.52687340  0.89304257  1.52928833  0.60771591  0.94944373  1.13628154  1.21935051
2    1.66773616  1.40099823  0.00000000  1.11977715  1.72815796  1.82011858  0.80859061  1.80733331  0.96160658  1.13594040  1.35911100  1.36264582
3    1.27879982  0.97310827  1.11977715  0.00000000  1.21595831  1.41450177  0.65053635  1.41167951  0.72516165  0.74152304  0.99898148  0.44943746
4    1.86930815  1.36197586  1.72815796  1.21595831  0.00000000  1.91866480  1.17036990  1.91647319  1.18554963  1.30365924  1.53903328  1.48746518
5    1.70188352  1.52687340  1.82011858  1.41450177  1.91866480  0.00000000  1.35155500  1.54965426  1.32668332  1.02996245  1.35537527  1.58656290
6    1.22867351  0.89304257  0.80859061  0.65053635  1.17036990  1.35155500  0.00000000  1.33076773  0.56979363  0.68718406  0.92271420  0.90160543
7    1.71076254  1.52928833  1.80733331  1.41167951  1.91647319  1.54965426  1.33076773  0.00000000  1.32414583  1.07595715  1.39083608  1.58692027
8    1.28149070  0.60771591  0.96160658  0.72516165  1.18554963  1.32668332  0.56979363  1.32414583  0.00000000  0.71447354  0.84762994  0.97030473
9    0.71206649  0.94944373  1.13594040  0.74152304  1.30365924  1.02996245  0.68718406  1.07595715  0.71447354  0.00000000  0.44132986  0.82748863
10    1.09666945  1.13628154  1.35911100  0.99898148  1.53903328  1.35537527  0.92271420  1.39083608  0.84762994  0.44132986  0.00000000  1.11949648
12    1.28937677  1.21935051  1.36264582  0.44943746  1.48746518  1.58656290  0.90160543  1.58692027  0.97030473  0.82748863  1.11949648  0.00000000

--------------------------------------------------------------------------------
n=11
(result of R-step: (0,3:12)0.27173337)
V=[0, 1, 2, 3, 4, 5, 6, 7, 8, 9, 10]
total successes of this branch: 3
Matrix on 11 elements:

0    0.00000000  1.04752871  1.18178256  0.78737092  1.38335455  1.21592992  0.74271991  1.22480894  0.79553710  0.22611289  0.61071585
1    1.04752871  0.00000000  1.40099823  0.96763297  1.36197586  1.52687340  0.89304257  1.52928833  0.60771591  0.94944373  1.13628154
2    1.18178256  1.40099823  0.00000000  1.11430185  1.72815796  1.82011858  0.80859061  1.80733331  0.96160658  1.13594040  1.35911100
3    0.78737092  0.96763297  1.11430185  0.00000000  1.21048301  1.40902646  0.64506105  1.40620421  0.71968635  0.73604773  0.99350618
4    1.38335455  1.36197586  1.72815796  1.21048301  0.00000000  1.91866480  1.17036990  1.91647319  1.18554963  1.30365924  1.53903328
5    1.21592992  1.52687340  1.82011858  1.40902646  1.91866480  0.00000000  1.35155500  1.54965426  1.32668332  1.02996245  1.35537527
6    0.74271991  0.89304257  0.80859061  0.64506105  1.17036990  1.35155500  0.00000000  1.33076773  0.56979363  0.68718406  0.92271420
7    1.22480894  1.52928833  1.80733331  1.40620421  1.91647319  1.54965426  1.33076773  0.00000000  1.32414583  1.07595715  1.39083608
8    0.79553710  0.60771591  0.96160658  0.71968635  1.18554963  1.32668332  0.56979363  1.32414583  0.00000000  0.71447354  0.84762994
9    0.22611289  0.94944373  1.13594040  0.73604773  1.30365924  1.02996245  0.68718406  1.07595715  0.71447354  0.00000000  0.44132986
10    0.61071585  1.13628154  1.35911100  0.99350618  1.53903328  1.35537527  0.92271420  1.39083608  0.84762994  0.44132986  0.00000000

--------------------------------------------------------------------------------
n=10
(result of R-step: (8,9:10)0.21704956)
V=[0, 1, 2, 3, 4, 5, 6, 7, 8, 9]
total successes of this branch: 3
Matrix on 10 elements:

0    0.00000000  1.04752871  1.18178256  0.78737092  1.38335455  1.21592992  0.74271991  1.22480894  0.73282587  0.20999181
1    1.04752871  0.00000000  1.40099823  0.96763297  1.36197586  1.52687340  0.89304257  1.52928833  0.54500469  0.93332265
2    1.18178256  1.40099823  0.00000000  1.11430185  1.72815796  1.82011858  0.80859061  1.80733331  0.89889536  1.11981932
3    0.78737092  0.96763297  1.11430185  0.00000000  1.21048301  1.40902646  0.64506105  1.40620421  0.65697512  0.71992665
4    1.38335455  1.36197586  1.72815796  1.21048301  0.00000000  1.91866480  1.17036990  1.91647319  1.12283840  1.28753816
5    1.21592992  1.52687340  1.82011858  1.40902646  1.91866480  0.00000000  1.35155500  1.54965426  1.26397210  1.01384137
6    0.74271991  0.89304257  0.80859061  0.64506105  1.17036990  1.35155500  0.00000000  1.33076773  0.50708241  0.67106298
7    1.22480894  1.52928833  1.80733331  1.40620421  1.91647319  1.54965426  1.33076773  0.00000000  1.26143460  1.05983607
8    0.73282587  0.54500469  0.89889536  0.65697512  1.12283840  1.26397210  0.50708241  1.26143460  0.00000000  0.63564123
9    0.20999181  0.93332265  1.11981932  0.71992665  1.28753816  1.01384137  0.67106298  1.05983607  0.63564123  0.00000000

--------------------------------------------------------------------------------
n=9
(result of R-step: (0,5:9)0.67141089)
V=[0, 1, 2, 3, 4, 5, 6, 7, 8]
total successes of this branch: 3
Matrix on 9 elements:

0    0.00000000  0.98634115  1.12059500  0.72618336  1.32216700  0.44083207  0.68153235  1.16362139  0.67163832
1    0.98634115  0.00000000  1.40099823  0.96763297  1.36197586  0.81296311  0.89304257  1.52928833  0.54500469
2    1.12059500  1.40099823  0.00000000  1.11430185  1.72815796  1.10620829  0.80859061  1.80733331  0.89889536
3    0.72618336  0.96763297  1.11430185  0.00000000  1.21048301  0.69511618  0.64506105  1.40620421  0.65697512
4    1.32216700  1.36197586  1.72815796  1.21048301  0.00000000  1.20475451  1.17036990  1.91647319  1.12283840
5    0.44083207  0.81296311  1.10620829  0.69511618  1.20475451  0.00000000  0.63764471  0.83574397  0.55006181
6    0.68153235  0.89304257  0.80859061  0.64506105  1.17036990  0.63764471  0.00000000  1.33076773  0.50708241
7    1.16362139  1.52928833  1.80733331  1.40620421  1.91647319  0.83574397  1.33076773  0.00000000  1.26143460
8    0.67163832  0.54500469  0.89889536  0.65697512  1.12283840  0.55006181  0.50708241  1.26143460  0.00000000

--------------------------------------------------------------------------------
n=8
(result of R-step: (1,2:8)0.67418641)
V=[0, 1, 2, 3, 4, 5, 6, 7]
total successes of this branch: 3
Matrix on 8 elements:

0    0.00000000  0.65484160  0.64055678  0.72618336  1.32216700  0.44083207  0.68153235  1.16362139
1    0.65484160  0.00000000  0.58946046  0.63613342  1.03047631  0.48146356  0.56154302  1.19778878
2    0.64055678  0.58946046  0.00000000  0.63426363  1.24811974  0.62617007  0.32855239  1.32729509
3    0.72618336  0.63613342  0.63426363  0.00000000  1.21048301  0.69511618  0.64506105  1.40620421
4    1.32216700  1.03047631  1.24811974  1.21048301  0.00000000  1.20475451  1.17036990  1.91647319
5    0.44083207  0.48146356  0.62617007  0.69511618  1.20475451  0.00000000  0.63764471  0.83574397
6    0.68153235  0.56154302  0.32855239  0.64506105  1.17036990  0.63764471  0.00000000  1.33076773
7    1.16362139  1.19778878  1.32729509  1.40620421  1.91647319  0.83574397  1.33076773  0.00000000

--------------------------------------------------------------------------------
n=7
(result of R-step: (5,6:7)0.95975559)
V=[0, 1, 2, 3, 4, 5, 6]
total successes of this branch: 3
Matrix on 7 elements:

0    0.00000000  0.65484160  0.64055678  0.72618336  1.32216700  0.39030886  0.61093643
1    0.65484160  0.00000000  0.58946046  0.63613342  1.03047631  0.43094035  0.49094710
2    0.64055678  0.58946046  0.00000000  0.63426363  1.24811974  0.57564686  0.25795646
3    0.72618336  0.63613342  0.63426363  0.00000000  1.21048301  0.64459297  0.57446513
4    1.32216700  1.03047631  1.24811974  1.21048301  0.00000000  1.15423130  1.09977398
5    0.39030886  0.43094035  0.57564686  0.64459297  1.15423130  0.00000000  0.51652559
6    0.61093643  0.49094710  0.25795646  0.57446513  1.09977398  0.51652559  0.00000000

--------------------------------------------------------------------------------
n=6
(result of R-step: (0,1:5)0.57178643)
V=[0, 1, 2, 3, 4, 6]
total successes of this branch: 3
Matrix on 6 elements:

0    0.00000000  0.40488684  0.50682976  0.59245634  1.18843998  0.47720941
1    0.40488684  0.00000000  0.47323271  0.51990567  0.91424856  0.37471935
2    0.50682976  0.47323271  0.00000000  0.63426363  1.24811974  0.25795646
3    0.59245634  0.51990567  0.63426363  0.00000000  1.21048301  0.57446513
4    1.18843998  0.91424856  1.24811974  1.21048301  0.00000000  1.09977398
6    0.47720941  0.37471935  0.25795646  0.57446513  1.09977398  0.00000000

--------------------------------------------------------------------------------
n=5
(result of R-step: (0,1:3)0.56195633)
V=[0, 1, 2, 4, 6]
total successes of this branch: 0
reason of abort: negative delta/dxy

--------------------------------------------------------------------------------
n=5
(result of R-step: (2,4:6)0.71365493)
V=[0, 1, 2, 3, 4]
total successes of this branch: 3
Matrix on 5 elements:

0    0.00000000  0.40488684  0.41900047  0.59245634  0.43088678
1    0.40488684  0.00000000  0.38540343  0.51990567  0.15669536
2    0.41900047  0.38540343  0.00000000  0.54643434  0.40273725
3    0.59245634  0.51990567  0.54643434  0.00000000  0.45292980
4    0.43088678  0.15669536  0.40273725  0.45292980  0.00000000

--------------------------------------------------------------------------------
n=4
(result of R-step: (0,1:3)0.56195633)
V=[0, 1, 2, 4]
total successes of this branch: 0
reason of abort: negative delta/dxy

--------------------------------------------------------------------------------
n=4
(result of R-step: (0,3:2)0.90679169)
V=[0, 1, 3, 4]
total successes of this branch: 1
Matrix on 4 elements:

0    0.00000000  0.18764690  0.16384054  0.21364684
1    0.18764690  0.00000000  0.30852981  0.15669536
3    0.16384054  0.30852981  0.00000000  0.24155394
4    0.21364684  0.15669536  0.24155394  0.00000000

--------------------------------------------------------------------------------
n=4
(result of R-step: (0,4:1)0.68398042)
V=[0, 2, 3, 4]
total successes of this branch: 0
reason of abort: negative delta/dxy

--------------------------------------------------------------------------------
n=4
(result of R-step: (0,4:3)0.94647039)
V=[0, 1, 2, 4]
total successes of this branch: 0
reason of abort: negative delta/dxy

--------------------------------------------------------------------------------
n=4
(result of R-step: (1,2:0)0.08141866)
V=[1, 2, 3, 4]
total successes of this branch: 1
Matrix on 4 elements:

1    0.00000000  0.18417923  0.50344438  0.14023407
2    0.18417923  0.00000000  0.36167143  0.21797434
