n=7
V=[0, 1, 2, 3, 4, 5, 6]
total successes of this branch: 2
Matrix on 7 elements:

0    0.00000000  2.32472999  1.46933368  1.70755870  3.05760295  0.79047742  0.81740159
1    2.32472999  0.00000000  1.88346061  1.59204054  2.43290423  2.14167216  2.24766415
2    1.46933368  1.88346061  0.00000000  1.22981713  2.59412396  1.04788717  1.72201942
3    1.70755870  1.59204054  1.22981713  0.00000000  2.13572210  1.51192069  1.88560329
4    3.05760295  2.43290423  2.59412396  2.13572210  0.00000000  2.86688447  3.16389042
5    0.79047742  2.14167216  1.04788717  1.51192069  2.86688447  0.00000000  1.17522102
6    0.81740159  2.24766415  1.72201942  1.88560329  3.16389042  1.17522102  0.00000000

--------------------------------------------------------------------------------
n=6
(result of R-step: (0,1:6)0.85907330)
V=[0, 1, 2, 3, 4, 5]
total successes of this branch: 2
Matrix on 6 elements:

0    0.00000000  1.95327667  1.29736880  1.53559382  2.88563808  0.61851254
1    1.95327667  0.00000000  1.68397217  1.39255210  2.23341579  1.94218372
2    1.29736880  1.68397217  0.00000000  1.22981713  2.59412396  1.04788717
3    1.53559382  1.39255210  1.22981713  0.00000000  2.13572210  1.51192069
4    2.88563808  2.23341579  2.59412396  2.13572210  0.00000000  2.86688447
5    0.61851254  1.94218372  1.04788717  1.51192069  2.86688447  0.00000000

--------------------------------------------------------------------------------
n=5
(result of R-step: (0,2:5)0.65507479)
V=[0, 1, 2, 3, 4]
total successes of this branch: 2
Matrix on 5 elements:

0    0.00000000  1.88517730  1.06080303  1.46749445  2.81753870
1    1.88517730  0.00000000  1.51550577  1.39255210  2.23341579
2    1.06080303  1.51550577  0.00000000  1.06135073  2.42565756
3    1.46749445  1.39255210  1.06135073  0.00000000  2.13572210
4    2.81753870  2.23341579  2.42565756  2.13572210  0.00000000

--------------------------------------------------------------------------------
n=4
(result of R-step: (0,1:3)0.34313877)
V=[0, 1, 2, 4]
total successes of this branch: 0
Matrix on 4 elements:

0    0.00000000  0.32225617  0.29242080  2.04915647
1    0.32225617  0.00000000  0.72096689  1.43887690
2    0.29242080  0.72096689  0.00000000  2.42565756
4    2.04915647  1.43887690  2.42565756  0.00000000
reason of abort: no pseudometric

--------------------------------------------------------------------------------
n=4
(result of R-step: (0,4:1)0.23970046)
V=[0, 2, 3, 4]
total successes of this branch: 1
Matrix on 4 elements:

0    0.00000000  0.38078880  0.78748021  0.72949653
2    0.38078880  0.00000000  1.06135073  1.01762962
3    0.78748021  1.06135073  0.00000000  0.72769416
4    0.72949653  1.01762962  0.72769416  0.00000000

--------------------------------------------------------------------------------
n=4
(result of R-step: (0,4:3)0.51488774)
V=[0, 1, 2, 4]
total successes of this branch: 0
Matrix on 4 elements:

0    0.00000000  1.14498503  0.32061077  0.68945539
1    1.14498503  0.00000000  1.51550577  0.84552474
2    0.32061077  1.51550577  0.00000000  1.03776651
4    0.68945539  0.84552474  1.03776651  0.00000000
reason of abort: no pseudometric

--------------------------------------------------------------------------------
n=4
(result of R-step: (1,2:3)0.68524089)
V=[0, 1, 2, 4]
total successes of this branch: 0
Matrix on 4 elements:

0    0.00000000  1.10170363  0.77317395  2.81753870
1    1.10170363  0.00000000  0.44440302  1.44994212
2    0.77317395  0.44440302  0.00000000  2.13802848
4    2.81753870  1.44994212  2.13802848  0.00000000
reason of abort: no pseudometric

--------------------------------------------------------------------------------
n=4
(result of R-step: (2,4:1)0.27725864)
V=[0, 2, 3, 4]
total successes of this branch: 0
Matrix on 4 elements:

0    0.00000000  0.68628992  1.46749445  1.42964765
2    0.68628992  0.00000000  0.68683762  0.66325340
3    1.46749445  0.68683762  0.00000000  0.74783105
4    1.42964765  0.66325340  0.74783105  0.00000000
reason of abort: no pseudometric

--------------------------------------------------------------------------------
n=4
(result of R-step: (2,4:3)0.49015016)
V=[0, 1, 2, 4]
total successes of this branch: 1
Matrix on 4 elements:

0    0.00000000  1.88517730  0.74089127  1.40951076
1    1.88517730  0.00000000  1.19559402  0.82538785
2    0.74089127  1.19559402  0.00000000  0.69771786
4    1.40951076  0.82538785  0.69771786  0.00000000
