n=7
V=[0, 1, 2, 3, 4, 5, 6]
total successes of this branch: 1
Matrix on 7 elements:

0    0.00000000  1.83501629  1.89437567  1.47049930  2.15650381  1.50199722  0.95637517
1    1.83501629  0.00000000  1.52021631  1.04898164  1.45216235  1.72106197  1.48920296
2    1.89437567  1.52021631  0.00000000  1.28471987  1.44501775  1.87502297  1.61399383
3    1.47049930  1.04898164  1.28471987  0.00000000  1.48040291  1.03430019  0.90180438
4    2.15650381  1.45216235  1.44501775  1.48040291  0.00000000  2.10151297  1.85147275
5    1.50199722  1.72106197  1.87502297  1.03430019  2.10151297  0.00000000  0.58820270
6    0.95637517  1.48920296  1.61399383  0.90180438  1.85147275  0.58820270  0.00000000

--------------------------------------------------------------------------------
n=6
(result of R-step: (1,2:4)0.37671805)
V=[0, 1, 2, 3, 5, 6]
total successes of this branch: 1
Matrix on 6 elements:

0    0.00000000  1.54282287  1.42281144  1.47049930  1.50199722  0.95637517
1    1.54282287  0.00000000  0.75645867  0.75678822  1.42886855  1.19700954
2    1.42281144  0.75645867  0.00000000  0.81315565  1.40345874  1.14242961
3    1.47049930  0.75678822  0.81315565  0.00000000  1.03430019  0.90180438
5    1.50199722  1.42886855  1.40345874  1.03430019  0.00000000  0.58820270
6    0.95637517  1.19700954  1.14242961  0.90180438  0.58820270  0.00000000

--------------------------------------------------------------------------------
n=5
(result of R-step: (2,3:1)0.77305401)
V=[0, 2, 3, 5, 6]
total successes of this branch: 1
Matrix on 5 elements:

0    0.00000000  1.12352615  1.42866968  1.50199722  0.95637517
2    1.12352615  0.00000000  0.47204073  1.10417345  0.84314432
3    1.42866968  0.47204073  0.00000000  0.99247057  0.85997476
5    1.50199722  1.10417345  0.99247057  0.00000000  0.58820270
6    0.95637517  0.84314432  0.85997476  0.58820270  0.00000000

--------------------------------------------------------------------------------
n=4
(result of R-step: (0,2:5)0.91934218)
V=[0, 2, 3, 6]
total successes of this branch: 0
reason of abort: negative delta/dxy

--------------------------------------------------------------------------------
n=4
(result of R-step: (0,3:2)0.31112361)
V=[0, 3, 5, 6]
total successes of this branch: 1
Matrix on 4 elements:

0    0.00000000  1.07549658  1.20280387  0.65718182
3    1.07549658  0.00000000  0.93849081  0.80599501
5    1.20280387  0.93849081  0.00000000  0.58820270
6    0.65718182  0.80599501  0.58820270  0.00000000

--------------------------------------------------------------------------------
n=4
(result of R-step: (2,6:5)0.74425761)
V=[0, 2, 3, 6]
total successes of this branch: 0
reason of abort: negative delta/dxy

--------------------------------------------------------------------------------
n=4
(result of R-step: (3,6:5)0.33743604)
V=[0, 2, 3, 6]
total successes of this branch: 0
reason of abort: negative delta/dxy
