n=7
V=[0, 1, 2, 3, 4, 5, 6]
total successes of this branch: 2
Matrix on 7 elements:

0    0.00000000  1.22582463  0.85621794  1.36900963  0.64762105  0.79421075  0.23061970
1    1.22582463  0.00000000  1.21781288  1.33068505  1.28346541  1.54172977  1.18415984
2    0.85621794  1.21781288  0.00000000  1.38942053  0.77281398  1.23282357  0.83124152
3    1.36900963  1.33068505  1.38942053  0.00000000  1.43746033  1.56155336  1.29342915
4    0.64762105  1.28346541  0.77281398  1.43746033  0.00000000  1.06059474  0.63264328
5    0.79421075  1.54172977  1.23282357  1.56155336  1.06059474  0.00000000  0.58865749
6    0.23061970  1.18415984  0.83124152  1.29342915  0.63264328  0.58865749  0.00000000

--------------------------------------------------------------------------------
n=6
(result of R-step: (0,5:6)0.72507046)
V=[0, 1, 2, 3, 4, 5]
total successes of this branch: 2
Matrix on 6 elements:

0    0.00000000  1.12874155  0.75913487  1.27192656  0.55053798  0.44012515
1    1.12874155  0.00000000  1.21781288  1.33068505  1.28346541  1.28472725
2    0.75913487  1.21781288  0.00000000  1.38942053  0.77281398  0.97582105
3    1.27192656  1.33068505  1.38942053  0.00000000  1.43746033  1.30455083
4    0.55053798  1.28346541  0.77281398  1.43746033  0.00000000  0.80359221
5    0.44012515  1.28472725  0.97582105  1.30455083  0.80359221  0.00000000

--------------------------------------------------------------------------------
n=5
(result of R-step: (0,3:5)0.85828972)
V=[0, 1, 2, 3, 4]
total successes of this branch: 2
Matrix on 5 elements:

0    0.00000000  1.05154625  0.68193957  0.89305549  0.47334268
1    1.05154625  0.00000000  1.21781288  1.02900927  1.28346541
2    0.68193957  1.21781288  0.00000000  1.08774475  0.77281398
3    0.89305549  1.02900927  1.08774475  0.00000000  1.13578455
4    0.47334268  1.28346541  0.77281398  1.13578455  0.00000000

--------------------------------------------------------------------------------
n=4
(result of R-step: (0,1:3)0.06422154)
V=[0, 1, 2, 4]
total successes of this branch: 1
Matrix on 4 elements:

0    0.00000000  0.45015525  0.64538892  0.43679203
1    0.45015525  0.00000000  0.65297253  0.71862505
2    0.64538892  0.65297253  0.00000000  0.77281398
4    0.43679203  0.71862505  0.77281398  0.00000000

--------------------------------------------------------------------------------
n=4
(result of R-step: (1,4:3)0.78662434)
V=[0, 1, 2, 4]
total successes of this branch: 0
Matrix on 4 elements:

0    0.00000000  0.54923203  0.68193957  0.09538105
1    0.54923203  0.00000000  0.71549866  0.40318955
2    0.68193957  0.71549866  0.00000000  0.39485236
4    0.09538105  0.40318955  0.39485236  0.00000000
reason of abort: no pseudometric

--------------------------------------------------------------------------------
n=4
(result of R-step: (2,3:1)0.07118592)
V=[0, 2, 3, 4]
total successes of this branch: 1
Matrix on 4 elements:

0    0.00000000  0.44326178  0.47421068  0.47334268
2    0.44326178  0.00000000  0.43022215  0.53413619
3    0.47421068  0.43022215  0.00000000  0.71693974
4    0.47334268  0.53413619  0.71693974  0.00000000
