n=7
V=[0, 1, 2, 3, 4, 5, 6]
total successes of this branch: 3
Matrix on 7 elements:

0    0.00000000  0.72938222  1.05376660  0.90757794  0.59675887  0.85180443  0.91509152
1    0.72938222  0.00000000  0.74757981  0.89734468  0.71088055  0.44616127  0.59918708
2    1.05376660  0.74757981  0.00000000  1.03205280  0.93277633  0.45679098  0.24423209
3    0.90757794  0.89734468  1.03205280  0.00000000  0.73422924  0.89421707  0.89964336
4    0.59675887  0.71088055  0.93277633  0.73422924  0.00000000  0.76546388  0.79748679
5    0.85180443  0.44616127  0.45679098  0.89421707  0.76546388  0.00000000  0.30232874
6    0.91509152  0.59918708  0.24423209  0.89964336  0.79748679  0.30232874  0.00000000

--------------------------------------------------------------------------------
n=6
(result of R-step: (2,5:6)0.90229231)
V=[0, 1, 2, 3, 4, 5]
total successes of this branch: 3
Matrix on 6 elements:

0    0.00000000  0.72938222  0.87724845  0.90757794  0.59675887  0.80517776
1    0.72938222  0.00000000  0.57106167  0.89734468  0.71088055  0.39953459
2    0.87724845  0.57106167  0.00000000  0.85553466  0.75625819  0.23364616
3    0.90757794  0.89734468  0.85553466  0.00000000  0.73422924  0.84759039
4    0.59675887  0.71088055  0.75625819  0.73422924  0.00000000  0.71883721
5    0.80517776  0.39953459  0.23364616  0.84759039  0.71883721  0.00000000

--------------------------------------------------------------------------------
n=5
(result of R-step: (1,2:5)0.33808361)
V=[0, 1, 2, 3, 4]
total successes of this branch: 3
Matrix on 5 elements:

0    0.00000000  0.66487294  0.82991686  0.90757794  0.59675887
1    0.66487294  0.00000000  0.45922080  0.83283540  0.64637127
2    0.82991686  0.45922080  0.00000000  0.80820306  0.70892659
3    0.90757794  0.83283540  0.80820306  0.00000000  0.73422924
4    0.59675887  0.64637127  0.70892659  0.73422924  0.00000000

--------------------------------------------------------------------------------
n=4
(result of R-step: (0,1:3)0.62126822)
V=[0, 1, 2, 4]
total successes of this branch: 0
reason of abort: negative delta/dxy

--------------------------------------------------------------------------------
n=4
(result of R-step: (0,2:1)0.41215181)
V=[0, 2, 3, 4]
total successes of this branch: 1
Matrix on 4 elements:

0    0.00000000  0.48183100  0.67303692  0.36221785
2    0.48183100  0.00000000  0.69465822  0.59538175
3    0.67303692  0.69465822  0.00000000  0.73422924
4    0.36221785  0.59538175  0.73422924  0.00000000

--------------------------------------------------------------------------------
n=4
(result of R-step: (0,3:4)0.45966566)
V=[0, 1, 2, 3]
total successes of this branch: 1
Matrix on 4 elements:

0    0.00000000  0.43033192  0.59537584  0.27855487
1    0.43033192  0.00000000  0.45922080  0.43835336
2    0.59537584  0.45922080  0.00000000  0.41372101
3    0.27855487  0.43835336  0.41372101  0.00000000

--------------------------------------------------------------------------------
n=4
(result of R-step: (1,2:4)0.83924141)
V=[0, 1, 2, 3]
total successes of this branch: 0
reason of abort: negative delta/dxy

--------------------------------------------------------------------------------
n=4
(result of R-step: (1,3:2)0.33813001)
V=[0, 1, 3, 4]
total successes of this branch: 0
reason of abort: negative delta/dxy

--------------------------------------------------------------------------------
n=4
(result of R-step: (1,4:0)0.15032049)
V=[1, 2, 3, 4]
total successes of this branch: 0
reason of abort: negative delta/dxy

--------------------------------------------------------------------------------
n=4
(result of R-step: (1,4:3)0.66560533)
V=[0, 1, 2, 4]
total successes of this branch: 0
Matrix on 4 elements:

0    0.00000000  0.40104519  0.82991686  0.53916360
1    0.40104519  0.00000000  0.19539304  0.32494824
2    0.82991686  0.19539304  0.00000000  0.65133131
4    0.53916360  0.32494824  0.65133131  0.00000000
reason of abort: no pseudometric

--------------------------------------------------------------------------------
n=4
(result of R-step: (2,3:0)0.08754247)
V=[1, 2, 3, 4]
total successes of this branch: 0
reason of abort: negative delta/dxy

--------------------------------------------------------------------------------
n=4
(result of R-step: (2,4:0)0.59300121)
V=[1, 2, 3, 4]
total successes of this branch: 0
Matrix on 4 elements:

1    0.00000000  0.11191757  0.83283540  0.58877599
2    0.11191757  0.00000000  0.46089984  0.30402809
3    0.83283540  0.46089984  0.00000000  0.67663397
4    0.58877599  0.30402809  0.67663397  0.00000000
reason of abort: no pseudometric

--------------------------------------------------------------------------------
n=4
(result of R-step: (2,4:3)0.29586588)
V=[0, 1, 2, 4]
total successes of this branch: 1
Matrix on 4 elements:

0    0.00000000  0.66487294  0.71637202  0.39605387
1    0.66487294  0.00000000  0.34567596  0.44566626
2    0.71637202  0.34567596  0.00000000  0.39467675
4    0.39605387  0.44566626  0.39467675  0.00000000
