n=7
V=[0, 1, 2, 3, 4, 5, 6]
total successes of this branch: 3
Matrix on 7 elements:

0    0.00000000  2.16167031  1.11180615  1.22610017  1.79984937  1.15141763  0.30590782
1    2.16167031  0.00000000  1.62052299  1.78020460  2.31206499  1.53610957  1.99044046
2    1.11180615  1.62052299  0.00000000  0.70770004  0.90371281  0.23915318  0.93543413
3    1.22610017  1.78020460  0.70770004  0.00000000  1.36604914  0.74885560  0.92963574
4    1.79984937  2.31206499  0.90371281  1.36604914  0.00000000  0.96777319  1.61673312
5    1.15141763  1.53610957  0.23915318  0.74885560  0.96777319  0.00000000  0.97539631
6    0.30590782  1.99044046  0.93543413  0.92963574  1.61673312  0.97539631  0.00000000

--------------------------------------------------------------------------------
n=6
(result of R-step: (1,2:5)0.06820007)
V=[0, 1, 2, 3, 4, 6]
total successes of this branch: 3
Matrix on 6 elements:

0    0.00000000  1.73574921  1.02561666  1.22610017  1.79984937  0.30590782
1    1.73574921  0.00000000  1.10841239  1.35428350  1.88614389  1.56451936
2    1.02561666  1.10841239  0.00000000  0.62151055  0.81752331  0.84924464
3    1.22610017  1.35428350  0.62151055  0.00000000  1.36604914  0.92963574
4    1.79984937  1.88614389  0.81752331  1.36604914  0.00000000  1.61673312
6    0.30590782  1.56451936  0.84924464  0.92963574  1.61673312  0.00000000

--------------------------------------------------------------------------------
n=5
(result of R-step: (1,4:2)0.56739069)
V=[0, 1, 3, 4, 6]
total successes of this branch: 3
Matrix on 5 elements:

0    0.00000000  0.82781057  1.22610017  1.23905965  0.30590782
1    0.82781057  0.00000000  0.44634486  0.41741553  0.65658072
3    1.22610017  0.44634486  0.00000000  0.80525942  0.92963574
4    1.23905965  0.41741553  0.80525942  0.00000000  1.05594340
6    0.30590782  0.65658072  0.92963574  1.05594340  0.00000000

--------------------------------------------------------------------------------
n=4
(result of R-step: (0,1:3)0.09791624)
V=[0, 1, 4, 6]
total successes of this branch: 0
reason of abort: negative delta/dxy

--------------------------------------------------------------------------------
n=4
(result of R-step: (0,3:6)0.77287656)
V=[0, 1, 3, 4]
total successes of this branch: 1
Matrix on 4 elements:

0    0.00000000  0.75533989  1.00700942  1.16658897
1    0.75533989  0.00000000  0.29972479  0.41741553
3    1.00700942  0.29972479  0.00000000  0.65863936
4    1.16658897  0.41741553  0.65863936  0.00000000

--------------------------------------------------------------------------------
n=4
(result of R-step: (0,4:1)0.03454517)
V=[0, 3, 4, 6]
total successes of this branch: 1
Matrix on 4 elements:

0    0.00000000  1.15362949  0.77917334  0.23343713
3    1.15362949  0.00000000  0.41784379  0.92963574
4    0.77917334  0.41784379  0.00000000  0.66852777
6    0.23343713  0.92963574  0.66852777  0.00000000

--------------------------------------------------------------------------------
n=4
(result of R-step: (0,4:3)0.13377533)
V=[0, 1, 4, 6]
total successes of this branch: 0
Matrix on 4 elements:

0    0.00000000  0.15964726  0.18677243 -0.36225549
1    0.15964726  0.00000000  0.03329162  0.65658072
4    0.18677243  0.03329162  0.00000000  0.67181949
6   -0.36225549  0.65658072  0.67181949  0.00000000
reason of abort: no pseudometric

--------------------------------------------------------------------------------
n=4
(result of R-step: (0,6:4)0.91659092)
V=[0, 1, 3, 6]
total successes of this branch: 0
reason of abort: negative delta/dxy

--------------------------------------------------------------------------------
n=4
(result of R-step: (1,3:4)0.90508696)
V=[0, 1, 3, 6]
total successes of this branch: 1
Matrix on 4 elements:

0    0.00000000  0.82692371  1.07948010  0.30590782
1    0.82692371  0.00000000  0.29883793  0.65569385
3    1.07948010  0.29883793  0.00000000  0.78301567
6    0.30590782  0.65569385  0.78301567  0.00000000

--------------------------------------------------------------------------------
n=4
(result of R-step: (1,6:0)0.73016218)
V=[1, 3, 4, 6]
total successes of this branch: 0
reason of abort: negative delta/dxy

--------------------------------------------------------------------------------
n=4
(result of R-step: (3,6:1)0.99107873)
V=[0, 3, 4, 6]
total successes of this branch: 0
reason of abort: negative delta/dxy

--------------------------------------------------------------------------------
n=4
(result of R-step: (4,6:1)0.95051242)
V=[0, 3, 4, 6]
total successes of this branch: 0
Matrix on 4 elements:

0    0.00000000  1.22610017  0.85493574  0.12441732
3    1.22610017  0.00000000  0.42113552  0.74814524
4    0.85493574  0.42113552  0.00000000  0.49032899
6    0.12441732  0.74814524  0.49032899  0.00000000
reason of abort: no pseudometric

--------------------------------------------------------------------------------
n=4
(result of R-step: (4,6:3)0.96426836)
V=[0, 1, 4, 6]
total successes of this branch: 0
reason of abort: negative delta/dxy
