n=7
V=[0, 1, 2, 3, 4, 5, 6]
total successes of this branch: 5
Matrix on 7 elements:

0    0.00000000  1.05223539  0.98832810  1.52761934  0.96268340  0.99469546  1.03808544
1    1.05223539  0.00000000  1.07718251  0.98108793  1.04433063  1.07932573  1.12101416
2    0.98832810  1.07718251  0.00000000  1.52567776  0.73033198  0.60687723  0.73894676
3    1.52761934  0.98108793  1.52567776  0.00000000  1.49063881  1.52653913  1.56771121
4    0.96268340  1.04433063  0.73033198  1.49063881  0.00000000  0.46271483  0.30819143
5    0.99469546  1.07932573  0.60687723  1.52653913  0.46271483  0.00000000  0.35667101
6    1.03808544  1.12101416  0.73894676  1.56771121  0.30819143  0.35667101  0.00000000

--------------------------------------------------------------------------------
n=6
(result of R-step: (4,5:6)0.57040826)
V=[0, 1, 2, 3, 4, 5]
total successes of this branch: 5
Matrix on 6 elements:

0    0.00000000  1.05223539  0.98832810  1.52761934  0.92081599  0.95851608
1    1.05223539  0.00000000  1.07718251  0.98108793  1.00246322  1.04314634
2    0.98832810  1.07718251  0.00000000  1.52567776  0.68846457  0.57069784
3    1.52761934  0.98108793  1.52567776  0.00000000  1.44877140  1.49035975
4    0.92081599  1.00246322  0.68846457  1.44877140  0.00000000  0.38466803
5    0.95851608  1.04314634  0.57069784  1.49035975  0.38466803  0.00000000

--------------------------------------------------------------------------------
n=5
(result of R-step: (0,3:1)0.23280928)
V=[0, 2, 3, 4, 5]
total successes of this branch: 5
Matrix on 5 elements:

0    0.00000000  0.55094161  0.47184734  0.48342949  0.52112958
2    0.55094161  0.00000000  0.90729225  0.68846457  0.57069784
3    0.47184734  0.90729225  0.00000000  0.83038590  0.87197424
4    0.48342949  0.68846457  0.83038590  0.00000000  0.38466803
5    0.52112958  0.57069784  0.87197424  0.38466803  0.00000000

--------------------------------------------------------------------------------
n=4
(result of R-step: (0,4:2)0.22045138)
V=[0, 3, 4, 5]
total successes of this branch: 0
Matrix on 4 elements:

0    0.00000000  0.43070871  0.16909097  0.47999095
3    0.43070871  0.00000000  0.55718601  0.87197424
4    0.16909097  0.55718601  0.00000000  0.11146814
5    0.47999095  0.87197424  0.11146814  0.00000000
reason of abort: no pseudometric

--------------------------------------------------------------------------------
n=4
(result of R-step: (0,4:3)0.97990403)
V=[0, 2, 4, 5]
total successes of this branch: 1
Matrix on 4 elements:

0    0.00000000  0.49555589  0.35130202  0.46574387
2    0.49555589  0.00000000  0.61172281  0.57069784
4    0.35130202  0.61172281  0.00000000  0.30792627
5    0.46574387  0.57069784  0.30792627  0.00000000

--------------------------------------------------------------------------------
n=4
(result of R-step: (0,5:2)0.53815352)
V=[0, 3, 4, 5]
total successes of this branch: 1
Matrix on 4 elements:

0    0.00000000  0.41646163  0.42804378  0.42286988
3    0.41646163  0.00000000  0.83038590  0.82910025
4    0.42804378  0.83038590  0.00000000  0.34179403
5    0.42286988  0.82910025  0.34179403  0.00000000

--------------------------------------------------------------------------------
n=4
(result of R-step: (0,5:3)0.92073554)
V=[0, 2, 4, 5]
total successes of this branch: 0
Matrix on 4 elements:

0    0.00000000  0.50980297  0.44229086  0.24427978
2    0.50980297  0.00000000  0.68846457  0.33498667
4    0.44229086  0.68846457  0.00000000  0.14895685
5    0.24427978  0.33498667  0.14895685  0.00000000
reason of abort: no pseudometric

--------------------------------------------------------------------------------
n=4
(result of R-step: (0,5:4)0.41894680)
V=[0, 2, 3, 5]
total successes of this branch: 0
Matrix on 4 elements:

0    0.00000000  0.48579975  0.40670549  0.42131026
2    0.48579975  0.00000000  0.90729225  0.53602037
3    0.40670549  0.90729225  0.00000000  0.83729677
5    0.42131026  0.53602037  0.83729677  0.00000000
reason of abort: no pseudometric

--------------------------------------------------------------------------------
n=4
(result of R-step: (2,3:0)0.02439996)
V=[2, 3, 4, 5]
total successes of this branch: 1
Matrix on 4 elements:

2    0.00000000  0.31059151  0.49828440  0.38051767
3    0.31059151  0.00000000  0.42386532  0.46545367
4    0.49828440  0.42386532  0.00000000  0.38466803
5    0.38051767  0.46545367  0.38466803  0.00000000

--------------------------------------------------------------------------------
n=4
(result of R-step: (2,4:5)0.41389791)
V=[0, 2, 3, 4]
total successes of this branch: 1
Matrix on 4 elements:

0    0.00000000  0.36076144  0.47184734  0.40668773
2    0.36076144  0.00000000  0.71711208  0.42154264
3    0.47184734  0.71711208  0.00000000  0.75364414
4    0.40668773  0.42154264  0.75364414  0.00000000

--------------------------------------------------------------------------------
n=4
(result of R-step: (3,4:2)0.23756356)
V=[0, 3, 4, 5]
total successes of this branch: 0
Matrix on 4 elements:

0    0.00000000  0.04267341  0.20738581  0.52112958
3    0.04267341  0.00000000  0.12516828  0.44280031
4    0.20738581  0.12516828  0.00000000  0.10862434
5    0.52112958  0.44280031  0.10862434  0.00000000
reason of abort: no pseudometric

--------------------------------------------------------------------------------
n=4
(result of R-step: (3,5:2)0.55350395)
V=[0, 3, 4, 5]
total successes of this branch: 0
Matrix on 4 elements:

0    0.00000000  0.05552759  0.48342949  0.48645211
3    0.05552759  0.00000000  0.41406614  0.42097702
4    0.48342949  0.41406614  0.00000000  0.34999055
5    0.48645211  0.42097702  0.34999055  0.00000000
reason of abort: no pseudometric

--------------------------------------------------------------------------------
n=4
(result of R-step: (3,5:4)0.40289252)
V=[0, 2, 3, 5]
total successes of this branch: 1
Matrix on 4 elements:

0    0.00000000  0.55094161  0.06532677  0.47825559
2    0.55094161  0.00000000  0.50077168  0.52782384
3    0.06532677  0.50077168  0.00000000  0.42257968
5    0.47825559  0.52782384  0.42257968  0.00000000
