n=7
V=[0, 1, 2, 3, 4, 5, 6]
total successes of this branch: 0
Matrix on 7 elements:

0    0.00000000  1.49127712  1.00195644  1.51104257  1.25321835  0.47740457  1.11744838
1    1.49127712  0.00000000  1.66310111  1.14371391  1.08512286  1.55989017  0.95202998
2    1.00195644  1.66310111  0.00000000  1.67855508  1.34338614  0.76231761  1.20418627
3    1.51104257  1.14371391  1.67855508  0.00000000  0.98561461  1.57819098  0.85289288
4    1.25321835  1.08512286  1.34338614  0.98561461  0.00000000  1.29409230  0.30515070
5    0.47740457  1.55989017  0.76231761  1.57819098  1.29409230  0.00000000  1.15741673
6    1.11744838  0.95202998  1.20418627  0.85289288  0.30515070  1.15741673  0.00000000
reason of abort: 

--------------------------------------------------------------------------------
n=6
(result of R-step: (2,4:6)0.00322837)
V=[0, 1, 2, 3, 4, 5]
total successes of this branch: 0
Matrix on 6 elements:

0    0.00000000  1.49127712  0.98710786  1.51104257  1.03462638  0.47740457
1    1.49127712  0.00000000  1.64825252  1.14371391  0.86653088  1.55989017
2    0.98710786  1.64825252  0.00000000  1.66370650  1.10994558  0.74746902
3    1.51104257  1.14371391  1.66370650  0.00000000  0.76702264  1.57819098
4    1.03462638  0.86653088  1.10994558  0.76702264  0.00000000  1.07550032
5    0.47740457  1.55989017  0.74746902  1.57819098  1.07550032  0.00000000
reason of abort: no candidate

--------------------------------------------------------------------------------
n=5
(result of R-step: (1,4:3)0.94719969)
V=[0, 1, 2, 4, 5]
total successes of this branch: 0
reason of abort: negative delta/dxy
