n=6
V=[0, 1, 2, 3, 4, 5]
total successes of this branch: 2
Matrix on 6 elements:

0    0.00000000  1.90311549  1.64318987  0.97919020  1.20130967  1.18940259
1    1.90311549  0.00000000  2.37216095  1.96554189  2.10199357  1.25632899
2    1.64318987  2.37216095  0.00000000  1.29192512  1.27352215  1.46592450
3    0.97919020  1.96554189  1.29192512  0.00000000  0.53322973  0.89742380
4    1.20130967  2.10199357  1.27352215  0.53322973  0.00000000  0.91216206
5    1.18940259  1.25632899  1.46592450  0.89742380  0.91216206  0.00000000

--------------------------------------------------------------------------------
n=5
(result of R-step: (1,4:5)0.51484994)
V=[0, 1, 2, 3, 4]
total successes of this branch: 2
Matrix on 5 elements:

0    0.00000000  1.31092502  1.64318987  0.97919020  0.99190790
1    1.31092502  0.00000000  1.77997049  1.37335142  1.30040134
2    1.64318987  1.77997049  0.00000000  1.29192512  1.06412038
3    0.97919020  1.37335142  1.29192512  0.00000000  0.32382796
4    0.99190790  1.30040134  1.06412038  0.32382796  0.00000000

--------------------------------------------------------------------------------
n=4
(result of R-step: (0,2:1)0.64382622)
V=[0, 2, 3, 4]
total successes of this branch: 1
Matrix on 4 elements:

0    0.00000000  0.68258872  0.63523820  0.64795590
2    0.68258872  0.00000000  0.67527596  0.44747123
3    0.63523820  0.67527596  0.00000000  0.32382796
4    0.64795590  0.44747123  0.32382796  0.00000000

--------------------------------------------------------------------------------
n=4
(result of R-step: (1,3:0)0.64850977)
V=[1, 2, 3, 4]
total successes of this branch: 1
Matrix on 4 elements:

1    0.00000000  1.16822731  0.68508290  0.68865816
2    1.16822731  0.00000000  1.21539978  1.06412038
3    0.68508290  1.21539978  0.00000000  0.24730262
4    0.68865816  1.06412038  0.24730262  0.00000000

--------------------------------------------------------------------------------
n=4
(result of R-step: (1,4:0)0.22864501)
V=[1, 2, 3, 4]
total successes of this branch: 0
reason of abort: negative delta/dxy
