n=6
V=[0, 1, 2, 3, 4, 5]
total successes of this branch: 1
Matrix on 6 elements:

0    0.00000000  2.86027183  1.83861781  2.02264191  2.38378923  2.16107286
1    2.86027183  0.00000000  2.72446779  1.79575227  1.09054166  1.75041175
2    1.83861781  2.72446779  0.00000000  1.82006255  2.06526043  1.38399744
3    2.02264191  1.79575227  1.82006255  0.00000000  1.58367619  1.67750936
4    2.38378923  1.09054166  2.06526043  1.58367619  0.00000000  1.07843612
5    2.16107286  1.75041175  1.38399744  1.67750936  1.07843612  0.00000000

--------------------------------------------------------------------------------
n=5
(result of R-step: (2,4:5)0.40502384)
V=[0, 1, 2, 3, 4]
total successes of this branch: 1
Matrix on 5 elements:

0    0.00000000  2.86027183  1.64464692  2.02264191  2.17885215
1    2.86027183  0.00000000  2.53049691  1.79575227  0.88560458
2    1.64464692  2.53049691  0.00000000  1.62609167  1.66635246
3    2.02264191  1.79575227  1.62609167  0.00000000  1.37873910
4    2.17885215  0.88560458  1.66635246  1.37873910  0.00000000

--------------------------------------------------------------------------------
n=4
(result of R-step: (0,1:2)0.89126593)
V=[0, 1, 3, 4]
total successes of this branch: 0
Matrix on 4 elements:

0    0.00000000  0.27972781  1.06584693  1.22205717
1    0.27972781  0.00000000  0.17200323 -0.73814446
3    1.06584693  0.17200323  0.00000000  1.37873910
4    1.22205717 -0.73814446  1.37873910  0.00000000
reason of abort: no pseudometric

--------------------------------------------------------------------------------
n=4
(result of R-step: (0,1:4)0.40182920)
V=[0, 1, 2, 3]
total successes of this branch: 0
Matrix on 4 elements:

0    0.00000000  1.44136520  0.43006980  0.80806479
1    1.44136520  0.00000000  2.32616740  1.59142277
2    0.43006980  2.32616740  0.00000000  1.62609167
3    0.80806479  1.59142277  1.62609167  0.00000000
reason of abort: no pseudometric

--------------------------------------------------------------------------------
n=4
(result of R-step: (1,2:4)0.74721268)
V=[0, 1, 2, 3]
total successes of this branch: 1
Matrix on 4 elements:

0    0.00000000  2.44536174  1.34863087  2.02264191
1    2.44536174  0.00000000  1.81957076  1.38084218
2    1.34863087  1.81957076  0.00000000  1.33007562
3    2.02264191  1.38084218  1.33007562  0.00000000
