n=6
V=[0, 1, 2, 3, 4, 5]
total successes of this branch: 2
Matrix on 6 elements:

0    0.00000000  1.75235284  2.46349598  1.92524481  2.03331533  1.63675967
1    1.75235284  0.00000000  1.97834508  0.94738067  0.87919583  0.31180618
2    2.46349598  1.97834508  0.00000000  1.80086661  2.33945939  2.02871282
3    1.92524481  0.94738067  1.80086661  0.00000000  1.35771152  1.05666376
4    2.03331533  0.87919583  2.33945939  1.35771152  0.00000000  1.00955436
5    1.63675967  0.31180618  2.02871282  1.05666376  1.00955436  0.00000000

--------------------------------------------------------------------------------
n=5
(result of R-step: (0,1:5)0.11957331)
V=[0, 1, 2, 3, 4]
total successes of this branch: 2
Matrix on 5 elements:

0    0.00000000  1.26515095  2.03871548  1.50046432  1.60853483
1    1.26515095  0.00000000  1.91592370  0.88495928  0.81677444
2    2.03871548  1.91592370  0.00000000  1.80086661  2.33945939
3    1.50046432  0.88495928  1.80086661  0.00000000  1.35771152
4    1.60853483  0.81677444  2.33945939  1.35771152  0.00000000

--------------------------------------------------------------------------------
n=4
(result of R-step: (0,1:4)0.09988883)
V=[0, 1, 2, 3]
total successes of this branch: 1
Matrix on 4 elements:

0    0.00000000  0.81733167  1.74594917  1.20769800
1    0.81733167  0.00000000  1.76087073  0.72990631
2    1.74594917  1.76087073  0.00000000  1.80086661
3    1.20769800  0.72990631  1.80086661  0.00000000

--------------------------------------------------------------------------------
n=4
(result of R-step: (1,2:0)0.70952232)
V=[1, 2, 3, 4]
total successes of this branch: 0
Matrix on 4 elements:

1    0.00000000  1.09501449  0.63185697  0.56367213
2    1.09501449  0.00000000  1.23305972  1.77165249
3    0.63185697  1.23305972  0.00000000  1.35771152
4    0.56367213  1.77165249  1.35771152  0.00000000
reason of abort: no pseudometric

--------------------------------------------------------------------------------
n=4
(result of R-step: (1,2:4)0.09114926)
V=[0, 1, 2, 3]
total successes of this branch: 0
reason of abort: negative delta/dxy

--------------------------------------------------------------------------------
n=4
(result of R-step: (2,4:0)0.46589396)
V=[1, 2, 3, 4]
total successes of this branch: 1
Matrix on 4 elements:

1    0.00000000  1.00057960  0.88495928  0.27165299
2    1.00057960  0.00000000  0.88552251  0.87899383
3    0.88495928  0.88552251  0.00000000  0.81259007
4    0.27165299  0.87899383  0.81259007  0.00000000
