n=6
V=[0, 1, 2, 3, 4, 5]
total successes of this branch: 2
Matrix on 6 elements:

0    0.00000000  1.26521634  1.50604226  1.51516108  0.85803080  0.51142892
1    1.26521634  0.00000000  1.20624801  1.09213617  1.50817822  1.35733007
2    1.50604226  1.20624801  0.00000000  1.31386132  1.77460676  1.59551863
3    1.51516108  1.09213617  1.31386132  0.00000000  1.77926822  1.43573675
4    0.85803080  1.50817822  1.77460676  1.77926822  0.00000000  1.10124394
5    0.51142892  1.35733007  1.59551863  1.43573675  1.10124394  0.00000000

--------------------------------------------------------------------------------
n=5
(result of R-step: (0,3:5)0.86192362)
V=[0, 1, 2, 3, 4]
total successes of this branch: 2
Matrix on 5 elements:

0    0.00000000  1.15719694  1.39802286  1.35727216  0.75001140
1    1.15719694  0.00000000  1.20624801  1.04226665  1.50817822
2    1.39802286  1.20624801  0.00000000  1.26399181  1.77460676
3    1.35727216  1.04226665  1.26399181  0.00000000  1.72939871
4    0.75001140  1.50817822  1.77460676  1.72939871  0.00000000

--------------------------------------------------------------------------------
n=4
(result of R-step: (0,1:4)0.96382919)
V=[0, 1, 2, 3]
total successes of this branch: 1
Matrix on 4 elements:

0    0.00000000  0.85999004  1.22961434  1.18886364
1    0.85999004  0.00000000  1.07744964  0.91346827
2    1.22961434  1.07744964  0.00000000  1.26399181
3    1.18886364  0.91346827  1.26399181  0.00000000

--------------------------------------------------------------------------------
n=4
(result of R-step: (1,2:3)0.17409757)
V=[0, 1, 2, 4]
total successes of this branch: 1
Matrix on 4 elements:

0    0.00000000  1.02839856  0.76065311  0.75001140
1    1.02839856  0.00000000  0.44007989  1.37937984
2    0.76065311  0.44007989  0.00000000  1.13723701
4    0.75001140  1.37937984  1.13723701  0.00000000
