n=6
V=[0, 1, 2, 3, 4, 5]
total successes of this branch: 2
Matrix on 6 elements:

0    0.00000000  1.79006027  1.74366164  1.77558863  0.69660724  1.19647240
1    1.79006027  0.00000000  2.30959179  1.77492712  1.94334632  1.36443580
2    1.74366164  2.30959179  0.00000000  2.41226884  1.79040824  1.89494667
3    1.77558863  1.77492712  2.41226884  0.00000000  1.94764555  0.68906209
4    0.69660724  1.94334632  1.79040824  1.94764555  0.00000000  1.33346383
5    1.19647240  1.36443580  1.89494667  0.68906209  1.33346383  0.00000000

--------------------------------------------------------------------------------
n=5
(result of R-step: (3,4:5)0.86481895)
V=[0, 1, 2, 3, 4]
total successes of this branch: 2
Matrix on 5 elements:

0    0.00000000  1.79006027  1.74366164  1.27893224  0.39197340
1    1.79006027  0.00000000  2.30959179  1.27827073  1.63871248
2    1.74366164  2.30959179  0.00000000  1.91561245  1.48577440
3    1.27893224  1.27827073  1.91561245  0.00000000  1.14635532
4    0.39197340  1.63871248  1.48577440  1.14635532  0.00000000

--------------------------------------------------------------------------------
n=4
(result of R-step: (0,1:3)0.14450135)
V=[0, 1, 2, 4]
total successes of this branch: 1
Matrix on 4 elements:

0    0.00000000  0.80497006  1.53695155  0.18526330
1    0.80497006  0.00000000  1.53121168  0.86033236
2    1.53695155  1.53121168  0.00000000  1.48577440
4    0.18526330  0.86033236  1.48577440  0.00000000

--------------------------------------------------------------------------------
n=4
(result of R-step: (1,4:0)0.18110993)
V=[1, 2, 3, 4]
total successes of this branch: 0
reason of abort: negative delta/dxy

--------------------------------------------------------------------------------
n=4
(result of R-step: (1,4:3)0.79600399)
V=[0, 1, 2, 4]
total successes of this branch: 0
Matrix on 4 elements:

0    0.00000000  1.05519975  1.74366164  0.22565266
1    1.05519975  0.00000000  1.57473128  0.73753122
2    1.74366164  1.57473128  0.00000000  1.31945366
4    0.22565266  0.73753122  1.31945366  0.00000000
reason of abort: no pseudometric

--------------------------------------------------------------------------------
n=4
(result of R-step: (3,4:0)0.13481231)
V=[1, 2, 3, 4]
total successes of this branch: 1
Matrix on 4 elements:

1    0.00000000  2.30959179  0.95493247  1.61704619
2    2.30959179  0.00000000  1.59227419  1.46410812
3    0.95493247  1.59227419  0.00000000  0.80135078
4    1.61704619  1.46410812  0.80135078  0.00000000
