n=6
V=[0, 1, 2, 3, 4, 5]
total successes of this branch: 1
Matrix on 6 elements:

0    0.00000000  2.26708472  2.39422517  2.32194657  2.28538917  2.39932356
1    2.26708472  0.00000000  1.63461447  1.88673149  0.61557303  1.26330870
2    2.39422517  1.63461447  0.00000000  1.19627888  1.56790564  0.58075109
3    2.32194657  1.88673149  1.19627888  0.00000000  1.72534334  1.45400128
4    2.28538917  0.61557303  1.56790564  1.72534334  0.00000000  1.31803201
5    2.39932356  1.26330870  0.58075109  1.45400128  1.31803201  0.00000000

--------------------------------------------------------------------------------
n=5
(result of R-step: (1,2:5)0.30898502)
V=[0, 1, 2, 3, 4]
total successes of this branch: 1
Matrix on 5 elements:

0    0.00000000  2.12244544  2.37157962  2.32194657  2.28538917
1    2.12244544  0.00000000  1.46732964  1.74209222  0.47093376
2    2.37157962  1.46732964  0.00000000  1.17363333  1.54526009
3    2.32194657  1.74209222  1.17363333  0.00000000  1.72534334
4    2.28538917  0.47093376  1.54526009  1.72534334  0.00000000

--------------------------------------------------------------------------------
n=4
(result of R-step: (0,3:2)0.52689604)
V=[0, 1, 3, 4]
total successes of this branch: 0
Matrix on 4 elements:

0    0.00000000  0.46345909  0.21339935  0.62640282
1    0.46345909  0.00000000  1.29253135  0.47093376
3    0.21339935  1.29253135  0.00000000  1.27578247
4    0.62640282  0.47093376  1.27578247  0.00000000
reason of abort: no pseudometric

--------------------------------------------------------------------------------
n=4
(result of R-step: (1,3:2)0.21775946)
V=[0, 1, 3, 4]
total successes of this branch: 1
Matrix on 4 elements:

0    0.00000000  2.09599842  1.87374686  2.28538917
1    2.09599842  0.00000000  1.26744548  0.44448673
3    1.87374686  1.26744548  0.00000000  1.27714362
4    2.28538917  0.44448673  1.27714362  0.00000000

--------------------------------------------------------------------------------
n=4
(result of R-step: (3,4:2)0.73724661)
V=[0, 1, 3, 4]
total successes of this branch: 0
Matrix on 4 elements:

0    0.00000000  2.12244544  1.87361973  1.87812908
1    2.12244544  0.00000000  1.29376537  0.06367366
3    1.87361973  1.29376537  0.00000000  0.86975640
4    1.87812908  0.06367366  0.86975640  0.00000000
reason of abort: no pseudometric
