n=6
V=[0, 1, 2, 3, 4, 5]
total successes of this branch: 2
Matrix on 6 elements:

0    0.00000000  0.71198841  1.00705243  1.02606742  1.18623650  0.33912703
1    0.71198841  0.00000000  1.04280034  1.04581563  1.29559757  0.96292312
2    1.00705243  1.04280034  0.00000000  0.85112227  0.95321144  1.21597358
3    1.02606742  1.04581563  0.85112227  0.00000000  1.17548441  1.25042198
4    1.18623650  1.29559757  0.95321144  1.17548441  0.00000000  1.40753866
5    0.33912703  0.96292312  1.21597358  1.25042198  1.40753866  0.00000000

--------------------------------------------------------------------------------
n=5
(result of R-step: (0,2:5)0.94744483)
V=[0, 1, 2, 3, 4]
total successes of this branch: 2
Matrix on 5 elements:

0    0.00000000  0.68420189  0.71004283  0.99828090  1.15844998
1    0.68420189  0.00000000  0.77357726  1.04581563  1.29559757
2    0.71004283  0.77357726  0.00000000  0.58189919  0.68398836
3    0.99828090  1.04581563  0.58189919  0.00000000  1.17548441
4    1.15844998  1.29559757  0.68398836  1.17548441  0.00000000

--------------------------------------------------------------------------------
n=4
(result of R-step: (0,2:4)0.14150055)
V=[0, 1, 2, 3]
total successes of this branch: 1
Matrix on 4 elements:

0    0.00000000  0.63398430  0.63137447  0.94806330
1    0.63398430  0.00000000  0.74512649  1.04581563
2    0.63137447  0.74512649  0.00000000  0.55344843
3    0.94806330  1.04581563  0.55344843  0.00000000

--------------------------------------------------------------------------------
n=4
(result of R-step: (1,2:4)0.29642853)
V=[0, 1, 2, 3]
total successes of this branch: 0
reason of abort: negative delta/dxy

--------------------------------------------------------------------------------
n=4
(result of R-step: (3,4:2)0.82145757)
V=[0, 1, 3, 4]
total successes of this branch: 1
Matrix on 4 elements:

0    0.00000000  0.68420189  0.57898937  1.05983800
1    0.68420189  0.00000000  0.62652411  1.19698559
3    0.57898937  0.62652411  0.00000000  0.65758090
4    1.05983800  1.19698559  0.65758090  0.00000000
