n=6
V=[0, 1, 2, 3, 4, 5]
total successes of this branch: 2
Matrix on 6 elements:

0    0.00000000  2.11467654  2.67326578  2.28673341  2.26476060  2.15946693
1    2.11467654  0.00000000  0.75250612  0.80459122  0.30177302  0.19085108
2    2.67326578  0.75250612  0.00000000  1.30661641  0.84455902  0.76454099
3    2.28673341  0.80459122  1.30661641  0.00000000  0.94319210  0.84289997
4    2.26476060  0.30177302  0.84455902  0.94319210  0.00000000  0.15686212
5    2.15946693  0.19085108  0.76454099  0.84289997  0.15686212  0.00000000

--------------------------------------------------------------------------------
n=5
(result of R-step: (1,4:5)0.43555279)
V=[0, 1, 2, 3, 4]
total successes of this branch: 2
Matrix on 5 elements:

0    0.00000000  2.04529314  2.67326578  2.28673341  2.20687372
1    2.04529314  0.00000000  0.68312271  0.73520782  0.17450274
2    2.67326578  0.68312271  0.00000000  1.30661641  0.78667214
3    2.28673341  0.73520782  1.30661641  0.00000000  0.88530522
4    2.20687372  0.17450274  0.78667214  0.88530522  0.00000000

--------------------------------------------------------------------------------
n=4
(result of R-step: (0,4:1)0.09594247)
V=[0, 2, 3, 4]
total successes of this branch: 1
Matrix on 4 elements:

0    0.00000000  0.92895893  0.54242655  0.32578148
2    0.92895893  0.00000000  1.30661641  0.64988676
3    0.54242655  1.30661641  0.00000000  0.74851984
4    0.32578148  0.64988676  0.74851984  0.00000000

--------------------------------------------------------------------------------
n=4
(result of R-step: (1,3:0)0.51633832)
V=[1, 2, 3, 4]
total successes of this branch: 1
Matrix on 4 elements:

1    0.00000000  0.68203987  0.50820840  0.17341989
2    0.68203987  0.00000000  1.08069984  0.78667214
3    0.50820840  1.08069984  0.00000000  0.65938865
4    0.17341989  0.78667214  0.65938865  0.00000000

--------------------------------------------------------------------------------
n=4
(result of R-step: (2,3:1)0.96742711)
V=[0, 2, 3, 4]
total successes of this branch: 0
reason of abort: negative delta/dxy

--------------------------------------------------------------------------------
n=4
(result of R-step: (3,4:1)0.13186363)
V=[0, 2, 3, 4]
total successes of this branch: 0
Matrix on 4 elements:

0    0.00000000  2.67326578  1.76060907  2.07447842
2    2.67326578  0.00000000  0.78049208  0.65427685
3    1.76060907  0.78049208  0.00000000  0.22678559
4    2.07447842  0.65427685  0.22678559  0.00000000
reason of abort: no pseudometric
