n=6
V=[0, 1, 2, 3, 4, 5]
total successes of this branch: 2
Matrix on 6 elements:

0    0.00000000  1.11069886  0.78141502  1.26388565  1.27488840  1.08748587
1    1.11069886  0.00000000  0.80555951  0.72567536  0.73162616  0.95876493
2    0.78141502  0.80555951  0.00000000  0.93984141  0.95109826  0.44141864
3    1.26388565  0.72567536  0.93984141  0.00000000  0.80869215  1.07763226
4    1.27488840  0.73162616  0.95109826  0.80869215  0.00000000  1.08160030
5    1.08748587  0.95876493  0.44141864  1.07763226  1.08160030  0.00000000

--------------------------------------------------------------------------------
n=5
(result of R-step: (0,3:1)0.09160078)
V=[0, 2, 3, 4, 5]
total successes of this branch: 0
Matrix on 5 elements:

0    0.00000000  0.33187712  0.41272236  0.82535050  0.63794797
2    0.33187712  0.00000000  0.53821603  0.95109826  0.44141864
3    0.41272236  0.53821603  0.00000000  0.40706676  0.67600687
4    0.82535050  0.95109826  0.40706676  0.00000000  1.08160030
5    0.63794797  0.44141864  0.67600687  1.08160030  0.00000000
reason of abort: no pseudometric

--------------------------------------------------------------------------------
n=5
(result of R-step: (2,4:5)0.73058933)
V=[0, 1, 2, 3, 4]
total successes of this branch: 2
Matrix on 5 elements:

0    0.00000000  1.11069886  0.77316226  1.26388565  0.87844122
1    1.11069886  0.00000000  0.79730674  0.72567536  0.33517897
2    0.77316226  0.79730674  0.00000000  0.93158865  0.54639832
3    1.26388565  0.72567536  0.93158865  0.00000000  0.41224496
4    0.87844122  0.33517897  0.54639832  0.41224496  0.00000000

--------------------------------------------------------------------------------
n=4
(result of R-step: (0,3:1)0.09160078)
V=[0, 2, 3, 4]
total successes of this branch: 0
Matrix on 4 elements:

0    0.00000000  0.32362435  0.41272236  0.42890331
2    0.32362435  0.00000000  0.52996327  0.54639832
3    0.41272236  0.52996327  0.00000000  0.01061958
4    0.42890331  0.54639832  0.01061958  0.00000000
reason of abort: no pseudometric

--------------------------------------------------------------------------------
n=4
(result of R-step: (0,3:2)0.77023340)
V=[0, 1, 3, 4]
total successes of this branch: 1
Matrix on 4 elements:

0    0.00000000  0.65129907  0.40619411  0.41904143
1    0.65129907  0.00000000  0.32738360  0.33517897
3    0.40619411  0.32738360  0.00000000  0.01395321
4    0.41904143  0.33517897  0.01395321  0.00000000

--------------------------------------------------------------------------------
n=4
(result of R-step: (0,4:1)0.10005488)
V=[0, 2, 3, 4]
total successes of this branch: 1
Matrix on 4 elements:

0    0.00000000  0.31376247  0.80448586  0.40844797
2    0.31376247  0.00000000  0.93158865  0.53580486
3    0.80448586  0.93158865  0.00000000  0.40165151
4    0.40844797  0.53580486  0.40165151  0.00000000

--------------------------------------------------------------------------------
n=4
(result of R-step: (0,4:2)0.75164629)
V=[0, 1, 3, 4]
total successes of this branch: 0
Matrix on 4 elements:

0    0.00000000  0.66116095  0.81434775  0.41499149
1    0.66116095  0.00000000  0.72567536  0.32126715
3    0.81434775  0.72567536  0.00000000  0.39833314
4    0.41499149  0.32126715  0.39833314  0.00000000
reason of abort: no pseudometric

--------------------------------------------------------------------------------
n=4
(result of R-step: (2,3:1)0.12181731)
V=[0, 2, 3, 4]
total successes of this branch: 0
Matrix on 4 elements:

0    0.00000000  0.47513440  0.86214696  0.87844122
2    0.47513440  0.00000000  0.23182211  0.24837046
3    0.86214696  0.23182211  0.00000000  0.01050628
4    0.87844122  0.24837046  0.01050628  0.00000000
reason of abort: no pseudometric

--------------------------------------------------------------------------------
n=4
(result of R-step: (2,4:1)0.12995487)
V=[0, 2, 3, 4]
total successes of this branch: 0
Matrix on 4 elements:

0    0.00000000  0.48084387  1.26388565  0.86796320
2    0.48084387  0.00000000  0.63927026  0.24360191
3    1.26388565  0.63927026  0.00000000  0.40176694
4    0.86796320  0.24360191  0.40176694  0.00000000
reason of abort: no pseudometric
