n=6
V=[0, 1, 2, 3, 4, 5]
total successes of this branch: 1
Matrix on 6 elements:

0    0.00000000  1.67944637  2.02604492  1.36014315  1.93176394  1.63440574
1    1.67944637  0.00000000  1.42634509  1.27017728  1.66752640  1.43024112
2    2.02604492  1.42634509  0.00000000  1.70151423  1.68657797  1.59141096
3    1.36014315  1.27017728  1.70151423  0.00000000  1.20740427  0.73777865
4    1.93176394  1.66752640  1.68657797  1.20740427  0.00000000  0.48434661
5    1.63440574  1.43024112  1.59141096  0.73777865  0.48434661  0.00000000

--------------------------------------------------------------------------------
n=5
(result of R-step: (3,4:5)0.34470848)
V=[0, 1, 2, 3, 4]
total successes of this branch: 1
Matrix on 5 elements:

0    0.00000000  1.67944637  2.02604492  1.29212548  1.80322588
1    1.67944637  0.00000000  1.42634509  1.20215961  1.53898835
2    2.02604492  1.42634509  0.00000000  1.63349656  1.55803992
3    1.29212548  1.20215961  1.63349656  0.00000000  1.01084855
4    1.80322588  1.53898835  1.55803992  1.01084855  0.00000000

--------------------------------------------------------------------------------
n=4
(result of R-step: (0,1:4)0.63367544)
V=[0, 1, 2, 3]
total successes of this branch: 0
reason of abort: negative delta/dxy

--------------------------------------------------------------------------------
n=4
(result of R-step: (1,3:4)0.98668515)
V=[0, 1, 2, 3]
total successes of this branch: 0
reason of abort: negative delta/dxy

--------------------------------------------------------------------------------
n=4
(result of R-step: (2,3:4)0.34188750)
V=[0, 1, 2, 3]
total successes of this branch: 1
Matrix on 4 elements:

0    0.00000000  1.67944637  1.70015864  1.14610639
1    1.67944637  0.00000000  1.10045881  1.05614053
2    1.70015864  1.10045881  0.00000000  1.16159119
3    1.14610639  1.05614053  1.16159119  0.00000000
