n=6
V=[0, 1, 2, 3, 4, 5]
total successes of this branch: 2
Matrix on 6 elements:

0    0.00000000  3.08676226  2.54290784  2.49012507  2.33504335  2.39643739
1    3.08676226  0.00000000  2.49713960  2.38666034  2.27903985  0.79870860
2    2.54290784  2.49713960  0.00000000  1.24010654  0.60479237  2.47955270
3    2.49012507  2.38666034  1.24010654  0.00000000  1.01756943  2.38359829
4    2.33504335  2.27903985  0.60479237  1.01756943  0.00000000  2.26402964
5    2.39643739  0.79870860  2.47955270  2.38359829  2.26402964  0.00000000

--------------------------------------------------------------------------------
n=5
(result of R-step: (0,1:5)0.25174572)
V=[0, 1, 2, 3, 4]
total successes of this branch: 2
Matrix on 5 elements:

0    0.00000000  2.82273836  2.31278837  2.26000560  2.10492388
1    2.82273836  0.00000000  2.46323518  2.35275592  2.24513543
2    2.31278837  2.46323518  0.00000000  1.24010654  0.60479237
3    2.26000560  2.35275592  1.24010654  0.00000000  1.01756943
4    2.10492388  2.24513543  0.60479237  1.01756943  0.00000000

--------------------------------------------------------------------------------
n=4
(result of R-step: (0,2:3)0.45874393)
V=[0, 1, 2, 4]
total successes of this branch: 0
Matrix on 4 elements:

0    0.00000000  1.42370730  0.49387463  0.70589281
1    1.42370730  0.00000000  2.04335251  2.24513543
2    0.49387463  2.04335251  0.00000000  0.18490971
4    0.70589281  2.24513543  0.18490971  0.00000000
reason of abort: no pseudometric

--------------------------------------------------------------------------------
n=4
(result of R-step: (0,4:3)0.46682319)
V=[0, 1, 2, 4]
total successes of this branch: 0
Matrix on 4 elements:

0    0.00000000  1.43064069  0.92069069  0.52812188
1    1.43064069  0.00000000  2.46323518  2.06043112
2    0.92069069  2.46323518  0.00000000  0.42008805
4    0.52812188  2.06043112  0.42008805  0.00000000
reason of abort: no pseudometric

--------------------------------------------------------------------------------
n=4
(result of R-step: (1,2:0)0.91005912)
V=[1, 2, 3, 4]
total successes of this branch: 1
Matrix on 4 elements:

1    0.00000000  0.68357805  0.92764494  0.82002446
2    0.68357805  0.00000000  0.88556040  0.25024622
3    0.92764494  0.88556040  0.00000000  1.01756943
4    0.82002446  0.25024622  1.01756943  0.00000000

--------------------------------------------------------------------------------
n=4
(result of R-step: (1,2:3)0.41185659)
V=[0, 1, 2, 4]
total successes of this branch: 0
Matrix on 4 elements:

0    0.00000000  1.40619017  1.89756995  2.10492388
1    1.40619017  0.00000000  0.63146857  0.82858724
2    1.89756995  0.63146857  0.00000000  0.18957396
4    2.10492388  0.82858724  0.18957396  0.00000000
reason of abort: no pseudometric

--------------------------------------------------------------------------------
n=4
(result of R-step: (1,4:0)0.88973570)
V=[1, 2, 3, 4]
total successes of this branch: 0
Matrix on 4 elements:

1    0.00000000  1.04668698  0.93620772  0.58882855
2    1.04668698  0.00000000  1.24010654  0.36503368
3    0.93620772  1.24010654  0.00000000  0.77781074
4    0.58882855  0.36503368  0.77781074  0.00000000
reason of abort: no pseudometric

--------------------------------------------------------------------------------
n=4
(result of R-step: (1,4:3)0.42102449)
V=[0, 1, 2, 4]
total successes of this branch: 1
Matrix on 4 elements:

0    0.00000000  1.39762739  2.31278837  1.91540965
1    1.39762739  0.00000000  1.03812420  0.63051023
2    2.31278837  1.03812420  0.00000000  0.41527814
4    1.91540965  0.63051023  0.41527814  0.00000000
