n=6
V=[0, 1, 2, 3, 4, 5]
total successes of this branch: 1
Matrix on 6 elements:

0    0.00000000  0.85303808  1.11129389  0.89264347  0.89886597  0.97010436
1    0.85303808  0.00000000  0.87749037  0.47700162  0.61533769  0.72160261
2    1.11129389  0.87749037  0.00000000  0.97980474  0.76141084  0.30021645
3    0.89264347  0.47700162  0.97980474  0.00000000  0.69548295  0.81736397
4    0.89886597  0.61533769  0.76141084  0.69548295  0.00000000  0.56388655
5    0.97010436  0.72160261  0.30021645  0.81736397  0.56388655  0.00000000

--------------------------------------------------------------------------------
n=5
(result of R-step: (2,4:5)0.70440814)
V=[0, 1, 2, 3, 4]
total successes of this branch: 1
Matrix on 5 elements:

0    0.00000000  0.85303808  1.00230369  0.89264347  0.71966596
1    0.85303808  0.00000000  0.76850017  0.47700162  0.43613768
2    1.00230369  0.76850017  0.00000000  0.87081454  0.47322063
3    0.89264347  0.47700162  0.87081454  0.00000000  0.51628294
4    0.71966596  0.43613768  0.47322063  0.51628294  0.00000000

--------------------------------------------------------------------------------
n=4
(result of R-step: (1,2:0)0.62965386)
V=[1, 2, 3, 4]
total successes of this branch: 0
Matrix on 4 elements:

1    0.00000000  0.19570142  0.23986161  0.19899766
2    0.19570142  0.00000000  0.53515580  0.13756189
3    0.23986161  0.53515580  0.00000000  0.51628294
4    0.19899766  0.13756189  0.51628294  0.00000000
reason of abort: no pseudometric

--------------------------------------------------------------------------------
n=4
(result of R-step: (1,4:0)0.45648654)
V=[1, 2, 3, 4]
total successes of this branch: 0
Matrix on 4 elements:

1    0.00000000  0.52566776  0.23416921  0.07713238
2    0.52566776  0.00000000  0.87081454  0.35704774
3    0.23416921  0.87081454  0.00000000  0.40011005
4    0.07713238  0.35704774  0.40011005  0.00000000
reason of abort: no pseudometric

--------------------------------------------------------------------------------
n=4
(result of R-step: (2,3:0)0.51605987)
V=[1, 2, 3, 4]
total successes of this branch: 1
Matrix on 4 elements:

1    0.00000000  0.42428058  0.25213364  0.43613768
2    0.42428058  0.00000000  0.30172697  0.12900104
3    0.25213364  0.30172697  0.00000000  0.29141496
4    0.43613768  0.12900104  0.29141496  0.00000000

--------------------------------------------------------------------------------
n=4
(result of R-step: (3,4:0)0.31447501)
V=[1, 2, 3, 4]
total successes of this branch: 0
Matrix on 4 elements:

1    0.00000000  0.76850017  0.26288460  0.32435608
2    0.76850017  0.00000000  0.65669752  0.36143902
3    0.26288460  0.65669752  0.00000000  0.19038432
4    0.32435608  0.36143902  0.19038432  0.00000000
reason of abort: no pseudometric
