n=6
V=[0, 1, 2, 3, 4, 5]
total successes of this branch: 1
Matrix on 6 elements:

0    0.00000000  1.73297469  1.11323223  1.61165261  1.15263136  0.97391389
1    1.73297469  0.00000000  2.08868451  1.96285973  1.56510277  1.76695349
2    1.11323223  2.08868451  0.00000000  2.06520146  1.68991550  1.59124995
3    1.61165261  1.96285973  2.06520146  0.00000000  1.79293604  0.76693631
4    1.15263136  1.56510277  1.68991550  1.79293604  0.00000000  1.43899388
5    0.97391389  1.76695349  1.59124995  0.76693631  1.43899388  0.00000000

--------------------------------------------------------------------------------
n=5
(result of R-step: (0,3:5)0.38505936)
V=[0, 1, 2, 3, 4]
total successes of this branch: 1
Matrix on 5 elements:

0    0.00000000  1.61581087  0.99606841  1.28817518  1.03546754
1    1.61581087  0.00000000  2.08868451  1.75654612  1.56510277
2    0.99606841  2.08868451  0.00000000  1.85888785  1.68991550
3    1.28817518  1.75654612  1.85888785  0.00000000  1.58662243
4    1.03546754  1.56510277  1.68991550  1.58662243  0.00000000

--------------------------------------------------------------------------------
n=4
(result of R-step: (0,1:4)0.36659526)
V=[0, 1, 2, 3]
total successes of this branch: 1
Matrix on 4 elements:

0    0.00000000  0.83539003  0.98212059  1.27422736
1    0.83539003  0.00000000  1.32221149  0.99007310
2    0.98212059  1.32221149  0.00000000  1.85888785
3    1.27422736  0.99007310  1.85888785  0.00000000

--------------------------------------------------------------------------------
n=4
(result of R-step: (0,3:2)0.55758863)
V=[0, 1, 3, 4]
total successes of this branch: 0
Matrix on 4 elements:

0    0.00000000  1.60186305  0.44919743  1.02151973
1    1.60186305  0.00000000  0.93151619  1.56510277
3    0.44919743  0.93151619  0.00000000  0.76159250
4    1.02151973  1.56510277  0.76159250  0.00000000
reason of abort: no pseudometric

--------------------------------------------------------------------------------
n=4
(result of R-step: (0,4:2)0.71978369)
V=[0, 1, 3, 4]
total successes of this branch: 0
Matrix on 4 elements:

0    0.00000000  1.46379948  1.13616380  0.06708690
1    1.46379948  0.00000000  1.75654612  0.74873350
3    1.13616380  1.75654612  0.00000000  0.77025316
4    0.06708690  0.74873350  0.77025316  0.00000000
reason of abort: no pseudometric

--------------------------------------------------------------------------------
n=4
(result of R-step: (1,2:4)0.43161804)
V=[0, 1, 2, 3]
total successes of this branch: 0
Matrix on 4 elements:

0    0.00000000  0.91377226  0.10186825  1.28817518
1    0.91377226  0.00000000  0.49244575  1.05450751
2    0.10186825  0.49244575  0.00000000  0.96468770
3    1.28817518  1.05450751  0.96468770  0.00000000
reason of abort: no pseudometric

--------------------------------------------------------------------------------
n=4
(result of R-step: (2,3:4)0.09814138)
V=[0, 1, 2, 3]
total successes of this branch: 0
reason of abort: negative delta/dxy
