n=6
V=[0, 1, 2, 3, 4, 5]
total successes of this branch: 2
Matrix on 6 elements:

0    0.00000000  2.53194873  4.26870892  2.23375458  2.53504982  0.55289365
1    2.53194873  0.00000000  3.13903704  1.62587239  1.08270049  2.19235331
2    4.26870892  3.13903704  0.00000000  3.78649948  3.57185167  4.00912293
3    2.23375458  1.62587239  3.78649948  0.00000000  1.36809476  1.95621809
4    2.53504982  1.08270049  3.57185167  1.36809476  0.00000000  2.11928281
5    0.55289365  2.19235331  4.00912293  1.95621809  2.11928281  0.00000000

--------------------------------------------------------------------------------
n=5
(result of R-step: (0,4:5)0.89365978)
V=[0, 1, 2, 3, 4]
total successes of this branch: 2
Matrix on 5 elements:

0    0.00000000  2.26965768  4.00641787  1.97146353  2.08800836
1    2.26965768  0.00000000  3.13903704  1.62587239  0.89795008
2    4.00641787  3.13903704  0.00000000  3.78649948  3.38710127
3    1.97146353  1.62587239  3.78649948  0.00000000  1.18334435
4    2.08800836  0.89795008  3.38710127  1.18334435  0.00000000

--------------------------------------------------------------------------------
n=4
(result of R-step: (0,3:1)0.52876304)
V=[0, 2, 3, 4]
total successes of this branch: 0
reason of abort: negative delta/dxy

--------------------------------------------------------------------------------
n=4
(result of R-step: (0,4:3)0.43664012)
V=[0, 1, 2, 4]
total successes of this branch: 1
Matrix on 4 elements:

0    0.00000000  1.50680558  3.24356578  1.19854413
1    1.50680558  0.00000000  3.13903704  0.77133795
2    3.24356578  3.13903704  0.00000000  3.26048914
4    1.19854413  0.77133795  3.26048914  0.00000000

--------------------------------------------------------------------------------
n=4
(result of R-step: (1,2:3)0.22435486)
V=[0, 1, 2, 4]
total successes of this branch: 0
reason of abort: negative delta/dxy

--------------------------------------------------------------------------------
n=4
(result of R-step: (2,4:1)0.38098633)
V=[0, 2, 3, 4]
total successes of this branch: 1
Matrix on 4 elements:

0    0.00000000  1.91761126  1.97146353  1.96139623
2    1.91761126  0.00000000  1.69769287  1.17168252
3    1.97146353  1.69769287  0.00000000  1.05673222
4    1.96139623  1.17168252  1.05673222  0.00000000
