n=6
V=[0, 1, 2, 3, 4, 5]
total successes of this branch: 2
Matrix on 6 elements:

0    0.00000000  1.60415392  1.16464783  0.51736925  1.36724661  0.67412293
1    1.60415392  0.00000000  2.03019582  1.93758856  0.65621198  1.88997639
2    1.16464783  2.03019582  0.00000000  1.47246476  1.76449035  0.98156004
3    0.51736925  1.93758856  1.47246476  0.00000000  1.69892802  0.60322213
4    1.36724661  0.65621198  1.76449035  1.69892802  0.00000000  1.64135129
5    0.67412293  1.88997639  0.98156004  0.60322213  1.64135129  0.00000000

--------------------------------------------------------------------------------
n=5
(result of R-step: (0,4:1)0.04649163)
V=[0, 2, 3, 4, 5]
total successes of this branch: 2
Matrix on 5 elements:

0    0.00000000  1.09065913  0.44338056  1.13644055  0.60013423
2    1.09065913  0.00000000  1.47246476  1.60767299  0.98156004
3    0.44338056  1.47246476  0.00000000  1.54211067  0.60322213
4    1.13644055  1.60767299  1.54211067  0.00000000  1.48453393
5    0.60013423  0.98156004  0.60322213  1.48453393  0.00000000

--------------------------------------------------------------------------------
n=4
(result of R-step: (0,2:4)0.66906873)
V=[0, 2, 3, 5]
total successes of this branch: 1
Matrix on 4 elements:

0    0.00000000  0.89674206  0.43042720  0.58718088
2    0.89674206  0.00000000  1.29150104  0.80059633
3    0.43042720  1.29150104  0.00000000  0.60322213
5    0.58718088  0.80059633  0.60322213  0.00000000

--------------------------------------------------------------------------------
n=4
(result of R-step: (2,5:0)0.25231324)
V=[2, 3, 4, 5]
total successes of this branch: 0
reason of abort: negative delta/dxy

--------------------------------------------------------------------------------
n=4
(result of R-step: (3,4:0)0.49240595)
V=[2, 3, 4, 5]
total successes of this branch: 1
Matrix on 4 elements:

2    0.00000000  1.35970121  0.79252100  0.98156004
3    1.35970121  0.00000000  0.61419513  0.49045858
4    0.79252100  0.61419513  0.00000000  0.66938193
5    0.98156004  0.49045858  0.66938193  0.00000000

--------------------------------------------------------------------------------
n=4
(result of R-step: (3,5:4)0.13866359)
V=[0, 2, 3, 5]
total successes of this branch: 0
reason of abort: negative delta/dxy
