n=6
V=[0, 1, 2, 3, 4, 5]
total successes of this branch: 1
Matrix on 6 elements:

0    0.00000000  3.35135754  2.35547751  2.35501847  3.01484436  2.26645429
1    3.35135754  0.00000000  2.17121961  1.69084657  1.00463496  1.63936730
2    2.35547751  2.17121961  0.00000000  1.14020590  1.69916398  0.58626252
3    2.35501847  1.69084657  1.14020590  0.00000000  1.47445525  0.98433930
4    3.01484436  1.00463496  1.69916398  1.47445525  0.00000000  1.35636119
5    2.26645429  1.63936730  0.58626252  0.98433930  1.35636119  0.00000000

--------------------------------------------------------------------------------
n=5
(result of R-step: (1,2:5)0.15012909)
V=[0, 1, 2, 3, 4]
total successes of this branch: 1
Matrix on 5 elements:

0    0.00000000  3.24263549  2.06200172  2.35501847  3.01484436
1    3.24263549  0.00000000  1.76902176  1.58212451  0.89591290
2    2.06200172  1.76902176  0.00000000  0.84673011  1.40568819
3    2.35501847  1.58212451  0.84673011  0.00000000  1.47445525
4    3.01484436  0.89591290  1.40568819  1.47445525  0.00000000

--------------------------------------------------------------------------------
n=4
(result of R-step: (0,1:2)0.92506315)
V=[0, 1, 3, 4]
total successes of this branch: 0
Matrix on 4 elements:

0    0.00000000  0.00929445  0.58790724  1.24773314
1    0.00929445  0.00000000  0.11589470 -0.57031691
3    0.58790724  0.11589470  0.00000000  1.47445525
4    1.24773314 -0.57031691  1.47445525  0.00000000
reason of abort: no pseudometric

--------------------------------------------------------------------------------
n=4
(result of R-step: (0,1:4)0.53272943)
V=[0, 1, 2, 3]
total successes of this branch: 0
reason of abort: negative delta/dxy

--------------------------------------------------------------------------------
n=4
(result of R-step: (1,2:4)0.73020836)
V=[0, 1, 2, 3]
total successes of this branch: 1
Matrix on 4 elements:

0    0.00000000  3.01810257  2.01900612  2.35501847
1    3.01810257  0.00000000  1.50149324  1.35759160
2    2.01900612  1.50149324  0.00000000  0.80373450
3    2.35501847  1.35759160  0.80373450  0.00000000
