n=6
V=[0, 1, 2, 3, 4, 5]
total successes of this branch: 2
Matrix on 6 elements:

0    0.00000000  1.33849920  1.06036401  1.34773668  1.00187589  0.88476378
1    1.33849920  0.00000000  0.88301476  0.81785820  1.10599812  0.86898157
2    1.06036401  0.88301476  0.00000000  0.98026569  0.91704255  0.29951126
3    1.34773668  0.81785820  0.98026569  0.00000000  1.06087160  0.93961147
4    1.00187589  1.10599812  0.91704255  1.06087160  0.00000000  0.79090018
5    0.88476378  0.86898157  0.29951126  0.93961147  0.79090018  0.00000000

--------------------------------------------------------------------------------
n=5
(result of R-step: (0,2:5)0.30246554)
V=[0, 1, 2, 3, 4]
total successes of this branch: 2
Matrix on 5 elements:

0    0.00000000  0.84765836  0.47591545  0.85689584  0.51103505
1    0.84765836  0.00000000  0.78940704  0.81785820  1.10599812
2    0.47591545  0.78940704  0.00000000  0.88665796  0.82343482
3    0.85689584  0.81785820  0.88665796  0.00000000  1.06087160
4    0.51103505  1.10599812  0.82343482  1.06087160  0.00000000

--------------------------------------------------------------------------------
n=4
(result of R-step: (2,3:1)0.37872807)
V=[0, 2, 3, 4]
total successes of this branch: 1
Matrix on 4 elements:

0    0.00000000  0.33927276  0.57762566  0.51103505
2    0.33927276  0.00000000  0.47074510  0.68679214
3    0.57762566  0.47074510  0.00000000  0.78160141
4    0.51103505  0.68679214  0.78160141  0.00000000

--------------------------------------------------------------------------------
n=4
(result of R-step: (2,4:0)0.38183012)
V=[1, 2, 3, 4]
total successes of this branch: 1
Matrix on 4 elements:

1    0.00000000  0.65276435  0.81785820  0.83578229
2    0.65276435  0.00000000  0.75001528  0.41657631
3    0.81785820  0.75001528  0.00000000  0.79065577
4    0.83578229  0.41657631  0.79065577  0.00000000
