n=6
V=[0, 1, 2, 3, 4, 5]
total successes of this branch: 1
Matrix on 6 elements:

0    0.00000000  1.24973922  0.74009586  0.89513182  0.85846409  0.25775706
1    1.24973922  0.00000000  0.89048647  1.04442812  0.80448418  1.20014276
2    0.74009586  0.89048647  0.00000000  0.49098867  0.46360418  0.66890916
3    0.89513182  1.04442812  0.49098867  0.00000000  0.61365367  0.84257183
4    0.85846409  0.80448418  0.46360418  0.61365367  0.00000000  0.80651696
5    0.25775706  1.20014276  0.66890916  0.84257183  0.80651696  0.00000000

--------------------------------------------------------------------------------
n=5
(result of R-step: (1,3:4)0.20679794)
V=[0, 1, 2, 3, 5]
total successes of this branch: 1
Matrix on 5 elements:

0    0.00000000  1.04170655  0.74009586  0.57512010  0.25775706
1    1.04170655  0.00000000  0.68245380  0.51638375  0.99211009
2    0.74009586  0.68245380  0.00000000  0.17097696  0.66890916
3    0.57512010  0.51638375  0.17097696  0.00000000  0.52256012
5    0.25775706  0.99211009  0.66890916  0.52256012  0.00000000

--------------------------------------------------------------------------------
n=4
(result of R-step: (0,3:2)0.02495933)
V=[0, 1, 3, 5]
total successes of this branch: 0
Matrix on 4 elements:

0    0.00000000  0.51340677  0.04494143 -0.27054272
1    0.51340677  0.00000000  0.51450486  0.99211009
3    0.04494143  0.51450486  0.00000000  0.52068123
5   -0.27054272  0.99211009  0.52068123  0.00000000
reason of abort: no pseudometric

--------------------------------------------------------------------------------
n=4
(result of R-step: (1,2:3)0.86273791)
V=[0, 1, 2, 5]
total successes of this branch: 1
Matrix on 4 elements:

0    0.00000000  0.55030851  0.71319505  0.25775706
1    0.55030851  0.00000000  0.16415495  0.50071205
2    0.71319505  0.16415495  0.00000000  0.64200835
5    0.25775706  0.50071205  0.64200835  0.00000000

--------------------------------------------------------------------------------
n=4
(result of R-step: (3,5:2)0.99862021)
V=[0, 1, 3, 5]
total successes of this branch: 0
reason of abort: negative delta/dxy
