n=6
V=[0, 1, 2, 3, 4, 5]
total successes of this branch: 1
Matrix on 6 elements:

0    0.00000000  1.81453596  1.83048517  1.17652936  1.36256632  0.83204997
1    1.81453596  0.00000000  1.41515634  1.31314967  0.68013814  1.57038800
2    1.83048517  1.41515634  0.00000000  1.30627732  1.20832181  1.08644938
3    1.17652936  1.31314967  1.30627732  0.00000000  0.78979195  1.14439762
4    1.36256632  0.68013814  1.20832181  0.78979195  0.00000000  1.21664159
5    0.83204997  1.57038800  1.08644938  1.14439762  1.21664159  0.00000000

--------------------------------------------------------------------------------
n=5
(result of R-step: (0,2:5)0.59930983)
V=[0, 1, 2, 3, 4]
total successes of this branch: 1
Matrix on 5 elements:

0    0.00000000  1.66209975  1.58627968  1.02409316  1.21013011
1    1.66209975  0.00000000  1.32338707  1.31314967  0.68013814
2    1.58627968  1.32338707  0.00000000  1.21450804  1.11655253
3    1.02409316  1.31314967  1.21450804  0.00000000  0.78979195
4    1.21013011  0.68013814  1.11655253  0.78979195  0.00000000

--------------------------------------------------------------------------------
n=4
(result of R-step: (0,1:3)0.81817059)
V=[0, 1, 2, 4]
total successes of this branch: 0
Matrix on 4 elements:

0    0.00000000  0.26060479  0.94714368  0.57099411
1    0.26060479  0.00000000  0.56102810 -0.08222083
2    0.94714368  0.56102810  0.00000000  1.11655253
4    0.57099411 -0.08222083  1.11655253  0.00000000
reason of abort: no pseudometric

--------------------------------------------------------------------------------
n=4
(result of R-step: (0,1:4)0.57346441)
V=[0, 1, 2, 3]
total successes of this branch: 0
Matrix on 4 elements:

0    0.00000000  0.81419099  0.83751525  0.27532872
1    0.81419099  0.00000000  1.22424274  1.21400534
2    0.83751525  1.22424274  0.00000000  1.21450804
3    0.27532872  1.21400534  1.21450804  0.00000000
reason of abort: no pseudometric

--------------------------------------------------------------------------------
n=4
(result of R-step: (1,3:4)0.53671833)
V=[0, 1, 2, 3]
total successes of this branch: 1
Matrix on 4 elements:

0    0.00000000  1.44953683  1.58627968  0.76356770
1    1.44953683  0.00000000  1.11082414  0.84006129
2    1.58627968  1.11082414  0.00000000  0.95398259
3    0.76356770  0.84006129  0.95398259  0.00000000
