n=6
V=[0, 1, 2, 3, 4, 5]
total successes of this branch: 2
Matrix on 6 elements:

0    0.00000000  0.51569223  0.65980296  0.86979290  0.51287805  0.31358549
1    0.51569223  0.00000000  0.64987163  1.08178758  0.88120689  0.69817686
2    0.65980296  0.64987163  0.00000000  1.23242589  1.02426904  0.84142976
3    0.86979290  1.08178758  1.23242589  0.00000000  1.23634058  1.05312264
4    0.51287805  0.88120689  1.02426904  1.23634058  0.00000000  0.67474049
5    0.31358549  0.69817686  0.84142976  1.05312264  0.67474049  0.00000000

--------------------------------------------------------------------------------
n=5
(result of R-step: (0,4:5)0.18190630)
V=[0, 1, 2, 3, 4]
total successes of this branch: 2
Matrix on 5 elements:

0    0.00000000  0.48671083  0.63082155  0.84081150  0.05730410
1    0.48671083  0.00000000  0.64987163  1.08178758  0.45461435
2    0.63082155  0.64987163  0.00000000  1.23242589  0.59767649
3    0.84081150  1.08178758  1.23242589  0.00000000  0.80974803
4    0.05730410  0.45461435  0.59767649  0.80974803  0.00000000

--------------------------------------------------------------------------------
n=4
(result of R-step: (0,1:3)0.60122790)
V=[0, 1, 2, 4]
total successes of this branch: 1
Matrix on 4 elements:

0    0.00000000  0.19817378  0.58698035  0.01346289
1    0.19817378  0.00000000  0.40517578  0.20991850
2    0.58698035  0.40517578  0.00000000  0.59767649
4    0.01346289  0.20991850  0.59767649  0.00000000

--------------------------------------------------------------------------------
n=4
(result of R-step: (0,2:3)0.58281456)
V=[0, 1, 2, 4]
total successes of this branch: 0
Matrix on 4 elements:

0    0.00000000  0.44327206  0.18256824  0.01386533
1    0.44327206  0.00000000  0.24505709  0.45461435
2    0.18256824  0.24505709  0.00000000  0.19286195
4    0.01386533  0.45461435  0.19286195  0.00000000
reason of abort: no pseudometric

--------------------------------------------------------------------------------
n=4
(result of R-step: (1,4:3)0.39436224)
V=[0, 1, 2, 4]
total successes of this branch: 0
Matrix on 4 elements:

0    0.00000000  0.24291168  0.63082155  0.04384746
1    0.24291168  0.00000000  0.40607248  0.19735855
2    0.63082155  0.40607248  0.00000000  0.58421986
4    0.04384746  0.19735855  0.58421986  0.00000000
reason of abort: no pseudometric

--------------------------------------------------------------------------------
n=4
(result of R-step: (2,3:1)0.49626141)
V=[0, 2, 3, 4]
total successes of this branch: 1
Matrix on 4 elements:

0    0.00000000  0.34977823  0.12608273  0.05730410
2    0.34977823  0.00000000  0.23665378  0.31663316
3    0.12608273  0.23665378  0.00000000  0.09501925
4    0.05730410  0.31663316  0.09501925  0.00000000

--------------------------------------------------------------------------------
n=4
(result of R-step: (2,4:3)0.41329800)
V=[0, 1, 2, 4]
total successes of this branch: 0
Matrix on 4 elements:

0    0.00000000  0.48671083  0.22518917  0.04345060
1    0.48671083  0.00000000  0.24423924  0.44076085
2    0.22518917  0.24423924  0.00000000  0.17819061
4    0.04345060  0.44076085  0.17819061  0.00000000
reason of abort: no pseudometric
