n=6
V=[0, 1, 2, 3, 4, 5]
total successes of this branch: 2
Matrix on 6 elements:

0    0.00000000  1.44030972  1.31228345  2.00264962  1.34082552  0.82330534
1    1.44030972  0.00000000  1.51179932  1.85891781  0.43139271  1.98100961
2    1.31228345  1.51179932  0.00000000  1.39998048  1.40113042  1.84181359
3    2.00264962  1.85891781  1.39998048  0.00000000  1.72807344  2.46904605
4    1.34082552  0.43139271  1.40113042  1.72807344  0.00000000  1.88046686
5    0.82330534  1.98100961  1.84181359  2.46904605  1.88046686  0.00000000

--------------------------------------------------------------------------------
n=5
(result of R-step: (0,3:5)0.96624545)
V=[0, 1, 2, 3, 4]
total successes of this branch: 2
Matrix on 5 elements:

0    0.00000000  1.32173900  1.19371273  1.77409367  1.22225480
1    1.32173900  0.00000000  1.51179932  1.74893259  0.43139271
2    1.19371273  1.51179932  0.00000000  1.28999526  1.40113042
3    1.77409367  1.74893259  1.28999526  0.00000000  1.61808822
4    1.22225480  0.43139271  1.40113042  1.61808822  0.00000000

--------------------------------------------------------------------------------
n=4
(result of R-step: (0,4:1)0.05551509)
V=[0, 2, 3, 4]
total successes of this branch: 1
Matrix on 4 elements:

0    0.00000000  0.78702987  1.36741081  0.68780102
2    0.78702987  0.00000000  1.28999526  1.27335950
3    1.36741081  1.28999526  0.00000000  1.49031730
4    0.68780102  1.27335950  1.49031730  0.00000000

--------------------------------------------------------------------------------
n=4
(result of R-step: (1,2:0)0.46404817)
V=[1, 2, 3, 4]
total successes of this branch: 1
Matrix on 4 elements:

1    0.00000000  1.04661125  1.48995301  0.17241314
2    1.04661125  0.00000000  1.08378677  1.19492193
3    1.48995301  1.08378677  0.00000000  1.61808822
4    0.17241314  1.19492193  1.61808822  0.00000000

--------------------------------------------------------------------------------
n=4
(result of R-step: (1,3:0)0.21267376)
V=[1, 2, 3, 4]
total successes of this branch: 0
Matrix on 4 elements:

1    0.00000000  1.30440913  0.55999501  0.22400252
2    1.30440913  0.00000000  0.30844787  1.40113042
3    0.55999501  0.30844787  0.00000000  0.63654083
4    0.22400252  1.40113042  0.63654083  0.00000000
reason of abort: no pseudometric

--------------------------------------------------------------------------------
n=4
(result of R-step: (2,4:0)0.52136390)
V=[1, 2, 3, 4]
total successes of this branch: 0
Matrix on 4 elements:

1    0.00000000  1.32381176  1.74893259  0.25934688
2    1.32381176  0.00000000  1.10200770  1.04109703
3    1.74893259  1.10200770  0.00000000  1.44604238
4    0.25934688  1.04109703  1.44604238  0.00000000
reason of abort: no pseudometric

--------------------------------------------------------------------------------
n=4
(result of R-step: (3,4:0)0.76837905)
V=[1, 2, 3, 4]
total successes of this branch: 0
Matrix on 4 elements:

1    0.00000000  1.51179932  0.75896917  0.21342136
2    1.51179932  0.00000000  0.30003184  1.18315907
3    0.75896917  0.30003184  0.00000000  0.41015345
4    0.21342136  1.18315907  0.41015345  0.00000000
reason of abort: no pseudometric
