n=6
V=[0, 1, 2, 3, 4, 5]
total successes of this branch: 1
Matrix on 6 elements:

0    0.00000000  2.17899790  2.05911143  2.04781159  2.44068598  2.07308802
1    2.17899790  0.00000000  1.39248850  1.25275232  0.83499123  1.13943309
2    2.05911143  1.39248850  0.00000000  0.96444021  1.61226519  1.75501291
3    2.04781159  1.25275232  0.96444021  0.00000000  1.50490417  1.66496488
4    2.44068598  0.83499123  1.61226519  1.50490417  0.00000000  0.55411604
5    2.07308802  1.13943309  1.75501291  1.66496488  0.55411604  0.00000000

--------------------------------------------------------------------------------
n=5
(result of R-step: (0,4:5)0.18022880)
V=[0, 1, 2, 3, 4]
total successes of this branch: 1
Matrix on 5 elements:

0    0.00000000  2.15105899  2.03117252  2.01987269  2.38101811
1    2.15105899  0.00000000  1.39248850  1.25275232  0.80326227
2    2.03117252  1.39248850  0.00000000  0.96444021  1.58053623
3    2.01987269  1.25275232  0.96444021  0.00000000  1.47317520
4    2.38101811  0.80326227  1.58053623  1.47317520  0.00000000

--------------------------------------------------------------------------------
n=4
(result of R-step: (0,1:4)0.25207161)
V=[0, 1, 2, 3]
total successes of this branch: 0
Matrix on 4 elements:

0    0.00000000  0.51662969  0.55316712  0.54186728
1    0.51662969  0.00000000  1.23606461  1.09632843
2    0.55316712  1.23606461  0.00000000  0.96444021
3    0.54186728  1.09632843  0.96444021  0.00000000
reason of abort: no pseudometric

--------------------------------------------------------------------------------
n=4
(result of R-step: (1,2:4)0.94338015)
V=[0, 1, 2, 3]
total successes of this branch: 1
Matrix on 4 elements:

0    0.00000000  1.89258805  1.76498368  2.01987269
1    1.89258805  0.00000000  0.86782871  0.99428138
2    1.76498368  0.86782871  0.00000000  0.69825136
3    2.01987269  0.99428138  0.69825136  0.00000000

--------------------------------------------------------------------------------
n=4
(result of R-step: (1,3:4)0.85881860)
V=[0, 1, 2, 3]
total successes of this branch: 0
Matrix on 4 elements:

0    0.00000000  1.93103770  2.03117252  1.49286267
1    1.93103770  0.00000000  1.17246721  0.50572101
2    2.03117252  1.17246721  0.00000000  0.43743018
3    1.49286267  0.50572101  0.43743018  0.00000000
reason of abort: no pseudometric
