n=6
V=[0, 1, 2, 3, 4, 5]
total successes of this branch: 2
Matrix on 6 elements:

0    0.00000000  1.40909539  1.50134113  0.41804212  0.77112594  0.80024670
1    1.40909539  0.00000000  0.95708227  1.54017357  1.61217590  1.68580243
2    1.50134113  0.95708227  0.00000000  1.61791388  1.74468688  1.81479075
3    0.41804212  1.54017357  1.61791388  0.00000000  0.54370573  0.62410517
4    0.77112594  1.61217590  1.74468688  0.54370573  0.00000000  0.45193674
5    0.80024670  1.68580243  1.81479075  0.62410517  0.45193674  0.00000000

--------------------------------------------------------------------------------
n=5
(result of R-step: (0,4:5)0.08748624)
V=[0, 1, 2, 3, 4]
total successes of this branch: 2
Matrix on 5 elements:

0    0.00000000  1.37943133  1.47167707  0.38837806  0.58087221
1    1.37943133  0.00000000  0.95708227  1.54017357  1.45158624
2    1.47167707  0.95708227  0.00000000  1.61791388  1.58409722
3    0.38837806  1.54017357  1.61791388  0.00000000  0.38311607
4    0.58087221  1.45158624  1.58409722  0.38311607  0.00000000

--------------------------------------------------------------------------------
n=4
(result of R-step: (1,3:0)0.19892014)
V=[1, 2, 3, 4]
total successes of this branch: 1
Matrix on 4 elements:

1    0.00000000  0.55387171  1.07655043  1.04837569
2    0.55387171  0.00000000  1.55750130  1.58409722
3    1.07655043  1.55750130  0.00000000  0.32270348
4    1.04837569  1.58409722  0.32270348  0.00000000

--------------------------------------------------------------------------------
n=4
(result of R-step: (1,3:4)0.13700157)
V=[0, 1, 2, 3]
total successes of this branch: 1
Matrix on 4 elements:

0    0.00000000  1.13965102  1.47167707  0.32152303
1    1.13965102  0.00000000  0.71730195  1.23353823
2    1.47167707  0.71730195  0.00000000  1.55105885
3    0.32152303  1.23353823  1.55105885  0.00000000

--------------------------------------------------------------------------------
n=4
(result of R-step: (1,4:0)0.06596265)
V=[1, 2, 3, 4]
total successes of this branch: 0
Matrix on 4 elements:

1    0.00000000  0.23958419  0.82267549  0.43635792
2    0.23958419  0.00000000  1.61791388  1.28636698
3    0.82267549  1.61791388  0.00000000  0.08538583
4    0.43635792  1.28636698  0.08538583  0.00000000
reason of abort: no pseudometric

--------------------------------------------------------------------------------
n=4
(result of R-step: (2,3:0)0.20094385)
V=[1, 2, 3, 4]
total successes of this branch: 0
Matrix on 4 elements:

1    0.00000000  0.40357775  1.47331854  1.45158624
2    0.40357775  0.00000000  0.99755433  1.03059270
3    1.47331854  0.99755433  0.00000000  0.31626104
4    1.45158624  1.03059270  0.31626104  0.00000000
reason of abort: no pseudometric

--------------------------------------------------------------------------------
n=4
(result of R-step: (2,3:4)0.16867686)
V=[0, 1, 2, 3]
total successes of this branch: 0
Matrix on 4 elements:

0    0.00000000  1.37943133  0.79191195  0.32796548
1    1.37943133  0.00000000  0.27731715  1.47976099
2    0.79191195  0.27731715  0.00000000  0.87773618
3    0.32796548  1.47976099  0.87773618  0.00000000
reason of abort: no pseudometric

--------------------------------------------------------------------------------
n=4
(result of R-step: (2,4:0)0.04476772)
V=[1, 2, 3, 4]
total successes of this branch: 0
Matrix on 4 elements:

1    0.00000000  0.86199850  1.54017357  1.15847801
2    0.86199850  0.00000000  1.52283012  1.19590523
3    1.54017357  1.52283012  0.00000000  0.09000784
4    1.15847801  1.19590523  0.09000784  0.00000000
reason of abort: no pseudometric

--------------------------------------------------------------------------------
n=4
(result of R-step: (3,4:0)0.73516069)
V=[1, 2, 3, 4]
total successes of this branch: 0
reason of abort: negative delta/dxy
