n=6
V=[0, 1, 2, 3, 4, 5]
total successes of this branch: 2
Matrix on 6 elements:

0    0.00000000  2.42490765  2.02795617  2.08154477  1.16591754  1.58132103
1    2.42490765  0.00000000  1.79599290  1.70840720  1.94198380  1.50526122
2    2.02795617  1.79599290  0.00000000  1.22041252  1.24881268  1.42703026
3    2.08154477  1.70840720  1.22041252  0.00000000  1.49649202  1.56299417
4    1.16591754  1.94198380  1.24881268  1.49649202  0.00000000  0.66481180
5    1.58132103  1.50526122  1.42703026  1.56299417  0.66481180  0.00000000

--------------------------------------------------------------------------------
n=5
(result of R-step: (1,4:5)0.33321525)
V=[0, 1, 2, 3, 4]
total successes of this branch: 2
Matrix on 5 elements:

0    0.00000000  2.10306277  2.02795617  2.08154477  1.14955214
1    2.10306277  0.00000000  1.47414802  1.38656231  1.60377352
2    2.02795617  1.47414802  0.00000000  1.22041252  1.23244728
3    2.08154477  1.38656231  1.22041252  0.00000000  1.48012662
4    1.14955214  1.60377352  1.23244728  1.48012662  0.00000000

--------------------------------------------------------------------------------
n=4
(result of R-step: (0,2:4)0.56020151)
V=[0, 1, 2, 3]
total successes of this branch: 1
Matrix on 4 elements:

0    0.00000000  1.67432992  1.23647008  1.65281193
1    1.67432992  0.00000000  1.11139477  1.38656231
2    1.23647008  1.11139477  0.00000000  0.85765928
3    1.65281193  1.38656231  0.85765928  0.00000000

--------------------------------------------------------------------------------
n=4
(result of R-step: (0,3:1)0.11430149)
V=[0, 2, 3, 4]
total successes of this branch: 1
Matrix on 4 elements:

0    0.00000000  1.59922333  1.09550796  0.72081930
2    1.59922333  0.00000000  0.66310855  1.23244728
3    1.09550796  0.66310855  0.00000000  0.92282266
4    0.72081930  1.23244728  0.92282266  0.00000000

--------------------------------------------------------------------------------
n=4
(result of R-step: (2,4:1)0.92000550)
V=[0, 2, 3, 4]
total successes of this branch: 0
reason of abort: negative delta/dxy

--------------------------------------------------------------------------------
n=4
(result of R-step: (3,4:1)0.75401402)
V=[0, 2, 3, 4]
total successes of this branch: 0
Matrix on 4 elements:

0    0.00000000  2.02795617  1.56981901  0.66789424
2    2.02795617  0.00000000  0.70868676  0.75078938
3    1.56981901  0.70868676  0.00000000  0.48674296
4    0.66789424  0.75078938  0.48674296  0.00000000
reason of abort: no pseudometric
