n=6
V=[0, 1, 2, 3, 4, 5]
total successes of this branch: 1
Matrix on 6 elements:

0    0.00000000  1.65925850  1.28750438  0.90566983  1.51357726  0.81948283
1    1.65925850  0.00000000  1.27987414  1.05125330  1.59223558  1.51553967
2    1.28750438  1.27987414  0.00000000  0.90221835  1.18540669  1.27641356
3    0.90566983  1.05125330  0.90221835  0.00000000  0.88368413  0.59375315
4    1.51357726  1.59223558  1.18540669  0.88368413  0.00000000  1.35682429
5    0.81948283  1.51553967  1.27641356  0.59375315  1.35682429  0.00000000

--------------------------------------------------------------------------------
n=5
(result of R-step: (0,3:5)0.40450564)
V=[0, 1, 2, 3, 4]
total successes of this branch: 1
Matrix on 5 elements:

0    0.00000000  1.58284830  1.21109418  0.82165272  1.43716706
1    1.58284830  0.00000000  1.27987414  1.04364638  1.59223558
2    1.21109418  1.27987414  0.00000000  0.89461142  1.18540669
3    0.82165272  1.04364638  0.89461142  0.00000000  0.87607721
4    1.43716706  1.59223558  1.18540669  0.87607721  0.00000000

--------------------------------------------------------------------------------
n=4
(result of R-step: (1,3:0)0.73922727)
V=[1, 2, 3, 4]
total successes of this branch: 0
Matrix on 4 elements:

1    0.00000000  0.41477636  0.14312544  0.72713781
2    0.41477636  0.00000000  0.85918825  1.18540669
3    0.14312544  0.85918825  0.00000000  0.84065404
4    0.72713781  1.18540669  0.84065404  0.00000000
reason of abort: no pseudometric

--------------------------------------------------------------------------------
n=4
(result of R-step: (2,3:0)0.29941743)
V=[1, 2, 3, 4]
total successes of this branch: 1
Matrix on 4 elements:

1    0.00000000  1.08637538  0.98275474  1.59223558
2    1.08637538  0.00000000  0.64022102  0.99190794
3    0.98275474  0.64022102  0.00000000  0.81518557
4    1.59223558  0.99190794  0.81518557  0.00000000

--------------------------------------------------------------------------------
n=4
(result of R-step: (3,4:0)0.13605738)
V=[1, 2, 3, 4]
total successes of this branch: 0
reason of abort: negative delta/dxy
