n=6
V=[0, 1, 2, 3, 4, 5]
total successes of this branch: 2
Matrix on 6 elements:

0    0.00000000  1.52092046  0.68103419  1.24831238  1.69996552  1.83032320
1    1.52092046  0.00000000  0.96684985  1.49216999  1.27334625  1.15542057
2    0.68103419  0.96684985  0.00000000  0.68625396  1.14285863  1.27489157
3    1.24831238  1.49216999  0.68625396  0.00000000  1.61038351  1.77430493
4    1.69996552  1.27334625  1.14285863  1.61038351  0.00000000  1.03285068
5    1.83032320  1.15542057  1.27489157  1.77430493  1.03285068  0.00000000

--------------------------------------------------------------------------------
n=5
(result of R-step: (0,3:2)0.95008716)
V=[0, 1, 3, 4, 5]
total successes of this branch: 2
Matrix on 5 elements:

0    0.00000000  0.90447019  0.10209875  1.08351525  1.21387293
1    0.90447019  0.00000000  0.96240663  1.27334625  1.15542057
3    0.10209875  0.96240663  0.00000000  1.08062015  1.24454157
4    1.08351525  1.27334625  1.08062015  0.00000000  1.03285068
5    1.21387293  1.15542057  1.24454157  1.03285068  0.00000000

--------------------------------------------------------------------------------
n=4
(result of R-step: (0,4:1)0.20765360)
V=[0, 3, 4, 5]
total successes of this branch: 0
reason of abort: negative delta/dxy

--------------------------------------------------------------------------------
n=4
(result of R-step: (0,5:1)0.43804147)
V=[0, 3, 4, 5]
total successes of this branch: 1
Matrix on 4 elements:

0    0.00000000  0.09750837  1.07892487  0.84858734
3    0.09750837  0.00000000  1.08062015  0.88384636
4    1.07892487  1.08062015  0.00000000  0.67215546
5    0.84858734  0.88384636  0.67215546  0.00000000

--------------------------------------------------------------------------------
n=4
(result of R-step: (0,5:4)0.31615198)
V=[0, 1, 3, 5]
total successes of this branch: 0
Matrix on 4 elements:

0    0.00000000  0.81567348  0.01330204  0.79472635
1    0.81567348  0.00000000  0.96240663  0.82507070
3    0.01330204  0.96240663  0.00000000  0.91419170
5    0.79472635  0.82507070  0.91419170  0.00000000
reason of abort: no pseudometric

--------------------------------------------------------------------------------
n=4
(result of R-step: (3,4:1)0.25279782)
V=[0, 3, 4, 5]
total successes of this branch: 0
Matrix on 4 elements:

0    0.00000000 -0.06781965  0.46044899  1.21387293
3   -0.06781965  0.00000000  0.28763548  1.07462317
4    0.46044899  0.28763548  0.00000000  0.40978442
5    1.21387293  1.07462317  0.40978442  0.00000000
reason of abort: no pseudometric

--------------------------------------------------------------------------------
n=4
(result of R-step: (3,5:1)0.47423683)
V=[0, 3, 4, 5]
total successes of this branch: 0
Matrix on 4 elements:

0    0.00000000  0.00696592  1.08351525  0.88352306
3    0.00696592  0.00000000  0.98548732  0.81905887
4    1.08351525  0.98548732  0.00000000  0.70250080
5    0.88352306  0.81905887  0.70250080  0.00000000
reason of abort: no pseudometric

--------------------------------------------------------------------------------
n=4
(result of R-step: (3,5:4)0.27023738)
V=[0, 1, 3, 5]
total successes of this branch: 1
Matrix on 4 elements:

0    0.00000000  0.90447019  0.09781554  0.85317772
1    0.90447019  0.00000000  0.95812341  0.79472536
3    0.09781554  0.95812341  0.00000000  0.87956314
5    0.85317772  0.79472536  0.87956314  0.00000000
