n=6
V=[0, 1, 2, 3, 4, 5]
total successes of this branch: 1
Matrix on 6 elements:

0    0.00000000  1.42898007  1.26597145  1.20066372  1.35568446  1.03197195
1    1.42898007  0.00000000  1.26420586  1.37797396  1.46548998  1.16057407
2    1.26597145  1.26420586  0.00000000  1.16442000  1.10939158  0.79994545
3    1.20066372  1.37797396  1.16442000  0.00000000  0.89482837  0.48958229
4    1.35568446  1.46548998  1.10939158  0.89482837  0.00000000  0.76673367
5    1.03197195  1.16057407  0.79994545  0.48958229  0.76673367  0.00000000

--------------------------------------------------------------------------------
n=5
(result of R-step: (2,3:5)0.27199714)
V=[0, 1, 2, 3, 4]
total successes of this branch: 1
Matrix on 5 elements:

0    0.00000000  1.42898007  1.01100619  0.95387989  1.35568446
1    1.42898007  0.00000000  1.00924060  1.13119013  1.46548998
2    1.01100619  1.00924060  0.00000000  0.66267091  0.85442632
3    0.95387989  1.13119013  0.66267091  0.00000000  0.64804454
4    1.35568446  1.46548998  0.85442632  0.64804454  0.00000000

--------------------------------------------------------------------------------
n=4
(result of R-step: (0,4:3)0.73822886)
V=[0, 1, 2, 4]
total successes of this branch: 0
reason of abort: negative delta/dxy

--------------------------------------------------------------------------------
n=4
(result of R-step: (2,3:4)0.37696159)
V=[0, 1, 2, 3]
total successes of this branch: 1
Matrix on 4 elements:

0    0.00000000  1.42898007  0.92971576  0.93945629
1    1.42898007  0.00000000  0.92795017  1.11676652
2    0.92971576  0.92795017  0.00000000  0.56695688
3    0.93945629  1.11676652  0.56695688  0.00000000
