n=6
V=[0, 1, 2, 3, 4, 5]
total successes of this branch: 2
Matrix on 6 elements:

0    0.00000000  2.32957621  1.49421660  1.49743244  1.64708195  2.23074012
1    2.32957621  0.00000000  1.17700849  1.41648754  1.37615273  0.40693814
2    1.49421660  1.17700849  0.00000000  0.61254151  0.41936041  1.04118850
3    1.49743244  1.41648754  0.61254151  0.00000000  0.80275760  1.32318268
4    1.64708195  1.37615273  0.41936041  0.80275760  0.00000000  1.25593501
5    2.23074012  0.40693814  1.04118850  1.32318268  1.25593501  0.00000000

--------------------------------------------------------------------------------
n=5
(result of R-step: (1,2:5)0.82392206)
V=[0, 1, 2, 3, 4]
total successes of this branch: 2
Matrix on 5 elements:

0    0.00000000  2.23767395  1.42841354  1.49743244  1.64708195
1    2.23767395  0.00000000  1.01930316  1.32458528  1.28425047
2    1.42841354  1.01930316  0.00000000  0.54673845  0.35355734
3    1.49743244  1.32458528  0.54673845  0.00000000  0.80275760
4    1.64708195  1.28425047  0.35355734  0.80275760  0.00000000

--------------------------------------------------------------------------------
n=4
(result of R-step: (0,2:4)0.03335424)
V=[0, 1, 2, 3]
total successes of this branch: 1
Matrix on 4 elements:

0    0.00000000  1.60803015  0.75655974  0.86778864
1    1.60803015  0.00000000  0.97709317  1.32458528
2    0.75655974  0.97709317  0.00000000  0.50452846
3    0.86778864  1.32458528  0.50452846  0.00000000

--------------------------------------------------------------------------------
n=4
(result of R-step: (2,3:0)0.47780167)
V=[1, 2, 3, 4]
total successes of this branch: 0
Matrix on 4 elements:

1    0.00000000  0.93144804  1.15487301  1.28425047
2    0.93144804  0.00000000  0.28917105  0.26570222
3    1.15487301  0.28917105  0.00000000  0.63304533
4    1.28425047  0.26570222  0.63304533  0.00000000
reason of abort: no pseudometric

--------------------------------------------------------------------------------
n=4
(result of R-step: (2,3:4)0.80412143)
V=[0, 1, 2, 3]
total successes of this branch: 0
Matrix on 4 elements:

0    0.00000000  2.23767395  1.40272468  1.09421219
1    2.23767395  0.00000000  0.99361431  0.92136502
2    1.40272468  0.99361431  0.00000000  0.11782934
3    1.09421219  0.92136502  0.11782934  0.00000000
reason of abort: no pseudometric

--------------------------------------------------------------------------------
n=4
(result of R-step: (3,4:0)0.79447598)
V=[1, 2, 3, 4]
total successes of this branch: 1
Matrix on 4 elements:

1    0.00000000  1.01930316  1.06588140  1.07032932
2    1.01930316  0.00000000  0.28803457  0.13963619
3    1.06588140  0.28803457  0.00000000  0.33013257
4    1.07032932  0.13963619  0.33013257  0.00000000
