n=6
V=[0, 1, 2, 3, 4, 5]
total successes of this branch: 2
Matrix on 6 elements:

0    0.00000000  1.96901110  1.59263320  2.69690906  1.36409286  1.20082626
1    1.96901110  0.00000000  1.58790610  2.54206728  1.29853817  1.32876423
2    1.59263320  1.58790610  0.00000000  2.21650411  0.74374107  0.43047768
3    2.69690906  2.54206728  2.21650411  0.00000000  1.98206973  1.96444129
4    1.36409286  1.29853817  0.74374107  1.98206973  0.00000000  0.50165500
5    1.20082626  1.32876423  0.43047768  1.96444129  0.50165500  0.00000000

--------------------------------------------------------------------------------
n=5
(result of R-step: (0,2:5)0.07128955)
V=[0, 1, 2, 3, 4]
total successes of this branch: 2
Matrix on 5 elements:

0    0.00000000  1.91260848  1.21145214  2.64050643  1.30769024
1    1.91260848  0.00000000  1.26312767  2.54206728  1.29853817
2    1.21145214  1.26312767  0.00000000  1.89172568  0.41896264
3    2.64050643  2.54206728  1.89172568  0.00000000  1.98206973
4    1.30769024  1.29853817  0.41896264  1.98206973  0.00000000

--------------------------------------------------------------------------------
n=4
(result of R-step: (0,1:3)0.90310238)
V=[0, 1, 2, 4]
total successes of this branch: 0
Matrix on 4 elements:

0    0.00000000  0.20723128  0.22600854  0.32224664
1    0.20723128  0.00000000  0.54319407  0.57860457
2    0.22600854  0.54319407  0.00000000  0.41896264
4    0.32224664  0.57860457  0.41896264  0.00000000
reason of abort: no pseudometric

--------------------------------------------------------------------------------
n=4
(result of R-step: (0,2:4)0.55320820)
V=[0, 1, 2, 3]
total successes of this branch: 0
Matrix on 4 elements:

0    0.00000000  0.92716488  0.14468992  1.65506283
1    0.92716488  0.00000000  1.18180904  2.54206728
2    0.14468992  1.18180904  0.00000000  1.81040706
3    1.65506283  2.54206728  1.81040706  0.00000000
reason of abort: no pseudometric

--------------------------------------------------------------------------------
n=4
(result of R-step: (1,2:3)0.75133618)
V=[0, 1, 2, 4]
total successes of this branch: 1
Matrix on 4 elements:

0    0.00000000  1.03036495  1.13013352  1.30769024
1    1.03036495  0.00000000  0.29956552  0.41629464
2    1.13013352  0.29956552  0.00000000  0.33764402
4    1.30769024  0.41629464  0.33764402  0.00000000

--------------------------------------------------------------------------------
n=4
(result of R-step: (1,2:4)0.11599092)
V=[0, 1, 2, 3]
total successes of this branch: 1
Matrix on 4 elements:

0    0.00000000  1.19267488  1.06578567  2.64050643
1    1.19267488  0.00000000  0.39752759  1.82213368
2    1.06578567  0.39752759  0.00000000  1.74605921
3    2.64050643  1.82213368  1.74605921  0.00000000

--------------------------------------------------------------------------------
n=4
(result of R-step: (1,4:3)0.58494766)
V=[0, 1, 2, 4]
total successes of this branch: 0
Matrix on 4 elements:

0    0.00000000  1.03720085  1.21145214  1.01432702
1    1.03720085  0.00000000  0.38772004  0.12976733
2    1.21145214  0.38772004  0.00000000  0.12559943
4    1.01432702  0.12976733  0.12559943  0.00000000
reason of abort: no pseudometric

--------------------------------------------------------------------------------
n=4
(result of R-step: (2,3:4)0.59479253)
V=[0, 1, 2, 3]
total successes of this branch: 0
Matrix on 4 elements:

0    0.00000000  1.91260848  1.09775986  0.98738932
1    1.91260848  0.00000000  1.14943538  0.88895017
2    1.09775986  1.14943538  0.00000000  0.12491629
3    0.98738932  0.88895017  0.12491629  0.00000000
reason of abort: no pseudometric
