n=6
V=[0, 1, 2, 3, 4, 5]
total successes of this branch: 2
Matrix on 6 elements:

0    0.00000000  1.11701048  2.19385331  0.96146436  0.96101517  1.19134337
1    1.11701048  0.00000000  1.85378340  1.04691515  1.14563069  0.76509494
2    2.19385331  1.85378340  0.00000000  1.81619753  2.01889629  2.09018296
3    0.96146436  1.04691515  1.81619753  0.00000000  0.76852799  1.05947560
4    0.96101517  1.14563069  2.01889629  0.76852799  0.00000000  0.96107778
5    1.19134337  0.76509494  2.09018296  1.05947560  0.96107778  0.00000000

--------------------------------------------------------------------------------
n=5
(result of R-step: (1,4:5)0.49528954)
V=[0, 1, 2, 3, 4]
total successes of this branch: 2
Matrix on 5 elements:

0    0.00000000  1.08287107  2.19385331  0.96146436  0.72266710
1    1.08287107  0.00000000  1.81964399  1.01277574  0.87314320
2    2.19385331  1.81964399  0.00000000  1.81619753  1.78054822
3    0.96146436  1.01277574  1.81619753  0.00000000  0.53017992
4    0.72266710  0.87314320  1.78054822  0.53017992  0.00000000

--------------------------------------------------------------------------------
n=4
(result of R-step: (0,1:3)0.64708643)
V=[0, 1, 2, 4]
total successes of this branch: 0
reason of abort: negative delta/dxy

--------------------------------------------------------------------------------
n=4
(result of R-step: (0,2:1)0.51185962)
V=[0, 2, 3, 4]
total successes of this branch: 1
Matrix on 4 elements:

0    0.00000000  0.73629333  0.59233867  0.35354141
2    0.73629333  0.00000000  0.72776323  0.69211392
3    0.59233867  0.72776323  0.00000000  0.53017992
4    0.35354141  0.69211392  0.53017992  0.00000000

--------------------------------------------------------------------------------
n=4
(result of R-step: (1,4:3)0.63264642)
V=[0, 1, 2, 4]
total successes of this branch: 0
reason of abort: negative delta/dxy

--------------------------------------------------------------------------------
n=4
(result of R-step: (2,4:3)0.18899842)
V=[0, 1, 2, 4]
total successes of this branch: 1
Matrix on 4 elements:

0    0.00000000  1.08287107  1.10541902  0.57907075
1    1.08287107  0.00000000  0.73120970  0.72954685
2    1.10541902  0.73120970  0.00000000  0.54851757
4    0.57907075  0.72954685  0.54851757  0.00000000
