n=6
V=[0, 1, 2, 3, 4, 5]
total successes of this branch: 1
Matrix on 6 elements:

0    0.00000000  1.49529870  1.36219155  1.82472489  1.79952752  0.76004298
1    1.49529870  0.00000000  1.18825638  1.80004704  0.78944471  1.15825221
2    1.36219155  1.18825638  0.00000000  1.83263677  1.61718045  1.14130167
3    1.82472489  1.80004704  1.83263677  0.00000000  2.20650213  1.23289229
4    1.79952752  0.78944471  1.61718045  2.20650213  0.00000000  1.53414355
5    0.76004298  1.15825221  1.14130167  1.23289229  1.53414355  0.00000000

--------------------------------------------------------------------------------
n=5
(result of R-step: (0,3:5)0.29898131)
V=[0, 1, 2, 3, 4]
total successes of this branch: 1
Matrix on 5 elements:

0    0.00000000  1.44252365  1.30941650  0.88893885  1.74675247
1    1.44252365  0.00000000  1.18825638  0.91703605  0.78944471
2    1.30941650  1.18825638  0.00000000  0.94962578  1.61718045
3    0.88893885  0.91703605  0.94962578  0.00000000  1.32349113
4    1.74675247  0.78944471  1.61718045  1.32349113  0.00000000

--------------------------------------------------------------------------------
n=4
(result of R-step: (0,1:4)0.15053855)
V=[0, 1, 2, 3]
total successes of this branch: 1
Matrix on 4 elements:

0    0.00000000  0.97972388  0.94173846  0.52126081
1    0.97972388  0.00000000  1.09313464  0.82191431
2    0.94173846  1.09313464  0.00000000  0.94962578
3    0.52126081  0.82191431  0.94962578  0.00000000

--------------------------------------------------------------------------------
n=4
(result of R-step: (1,2:4)0.38305255)
V=[0, 1, 2, 3]
total successes of this branch: 0
reason of abort: negative delta/dxy

--------------------------------------------------------------------------------
n=4
(result of R-step: (1,3:4)0.60408451)
V=[0, 1, 2, 3]
total successes of this branch: 0
reason of abort: negative delta/dxy
