n=6
V=[0, 1, 2, 3, 4, 5]
total successes of this branch: 2
Matrix on 6 elements:

0    0.00000000  2.13371870  2.56616626  1.85765432  1.25371182  0.98080925
1    2.13371870  0.00000000  2.05662405  1.32490791  1.25978274  1.15673747
2    2.56616626  2.05662405  0.00000000  1.05784496  1.96795843  2.22483302
3    1.85765432  1.32490791  1.05784496  0.00000000  1.25511119  1.50682226
4    1.25371182  1.25978274  1.96795843  1.25511119  0.00000000  1.12344879
5    0.98080925  1.15673747  2.22483302  1.50682226  1.12344879  0.00000000

--------------------------------------------------------------------------------
n=5
(result of R-step: (0,1:5)0.59064229)
V=[0, 1, 2, 3, 4]
total successes of this branch: 2
Matrix on 5 elements:

0    0.00000000  1.89477114  2.36291019  1.65439825  1.05045574
1    1.89477114  0.00000000  2.02093257  1.28921642  1.22409125
2    2.36291019  2.02093257  0.00000000  1.05784496  1.96795843
3    1.65439825  1.28921642  1.05784496  0.00000000  1.25511119
4    1.05045574  1.22409125  1.96795843  1.25511119  0.00000000

--------------------------------------------------------------------------------
n=4
(result of R-step: (1,2:3)0.01572313)
V=[0, 1, 2, 4]
total successes of this branch: 1
Matrix on 4 elements:

0    0.00000000  1.85627468  1.48550417  1.05045574
1    1.85627468  0.00000000  1.10503009  1.18559480
2    1.48550417  1.10503009  0.00000000  1.09055241
4    1.05045574  1.18559480  1.09055241  0.00000000

--------------------------------------------------------------------------------
n=4
(result of R-step: (2,4:0)0.27300147)
V=[1, 2, 3, 4]
total successes of this branch: 1
Matrix on 4 elements:

1    0.00000000  1.14352655  1.28921642  1.18278501
2    1.14352655  0.00000000  0.18043894  1.04924617
3    1.28921642  0.18043894  0.00000000  1.21380494
4    1.18278501  1.04924617  1.21380494  0.00000000

--------------------------------------------------------------------------------
n=4
(result of R-step: (3,4:0)0.28272888)
V=[1, 2, 3, 4]
total successes of this branch: 0
Matrix on 4 elements:

1    0.00000000  2.02093257  1.10905067  1.19388479
2    2.02093257  0.00000000  0.87767920  1.93775197
3    1.10905067  0.87767920  0.00000000  1.04473897
4    1.19388479  1.93775197  1.04473897  0.00000000
reason of abort: no pseudometric
