n=6
V=[0, 1, 2, 3, 4, 5]
total successes of this branch: 2
Matrix on 6 elements:

0    0.00000000  1.25396954  1.55704204  0.93239115  1.17693980  0.50682128
1    1.25396954  0.00000000  1.27162764  0.52926427  1.23366389  0.90790382
2    1.55704204  1.27162764  0.00000000  0.92056365  1.09790378  1.24856343
3    0.93239115  0.52926427  0.92056365  0.00000000  0.89232032  0.55541882
4    1.17693980  1.23366389  1.09790378  0.89232032  0.00000000  1.01836291
5    0.50682128  0.90790382  1.24856343  0.55541882  1.01836291  0.00000000

--------------------------------------------------------------------------------
n=5
(result of R-step: (0,3:5)0.57397208)
V=[0, 1, 2, 3, 4]
total successes of this branch: 2
Matrix on 5 elements:

0    0.00000000  1.12598625  1.42905875  0.73683789  1.04895651
1    1.12598625  0.00000000  1.27162764  0.46169431  1.23366389
2    1.42905875  1.27162764  0.00000000  0.85299368  1.09790378
3    0.73683789  0.46169431  0.85299368  0.00000000  0.82475036
4    1.04895651  1.23366389  1.09790378  0.82475036  0.00000000

--------------------------------------------------------------------------------
n=4
(result of R-step: (0,2:4)0.32966696)
V=[0, 1, 2, 3]
total successes of this branch: 1
Matrix on 4 elements:

0    0.00000000  1.00319291  0.84623967  0.61404455
1    1.00319291  0.00000000  0.81160189  0.46169431
2    0.84623967  0.81160189  0.00000000  0.39296794
3    0.61404455  0.46169431  0.39296794  0.00000000

--------------------------------------------------------------------------------
n=4
(result of R-step: (1,2:3)0.95495967)
V=[0, 1, 2, 4]
total successes of this branch: 1
Matrix on 4 elements:

0    0.00000000  0.70334085  0.96903300  1.04895651
1    0.70334085  0.00000000  0.38895649  0.81101849
2    0.96903300  0.38895649  0.00000000  0.63787803
4    1.04895651  0.81101849  0.63787803  0.00000000

--------------------------------------------------------------------------------
n=4
(result of R-step: (1,4:3)0.69506321)
V=[0, 1, 2, 4]
total successes of this branch: 0
Matrix on 4 elements:

0    0.00000000  0.80143739  1.42905875  0.50304807
1    0.80143739  0.00000000  0.94707877  0.36320658
2    1.42905875  0.94707877  0.00000000  0.55199534
4    0.50304807  0.36320658  0.55199534  0.00000000
reason of abort: no pseudometric
