n=6
V=[0, 1, 2, 3, 4, 5]
total successes of this branch: 1
Matrix on 6 elements:

0    0.00000000  2.05927956  1.56087669  1.98043089  0.80643848  0.76876813
1    2.05927956  0.00000000  1.23669742  0.61337776  1.92353783  1.55101978
2    1.56087669  1.23669742  0.00000000  1.15755882  1.46265449  1.23230942
3    1.98043089  0.61337776  1.15755882  0.00000000  1.83964221  1.39313816
4    0.80643848  1.92353783  1.46265449  1.83964221  0.00000000  0.72546007
5    0.76876813  1.55101978  1.23230942  1.39313816  0.72546007  0.00000000

--------------------------------------------------------------------------------
n=5
(result of R-step: (0,3:5)0.82764696)
V=[0, 1, 2, 3, 4]
total successes of this branch: 1
Matrix on 5 elements:

0    0.00000000  1.64455620  1.14615333  1.52771934  0.39171512
1    1.64455620  0.00000000  1.23669742  0.57538958  1.92353783
2    1.14615333  1.23669742  0.00000000  1.11957063  1.46265449
3    1.52771934  0.57538958  1.11957063  0.00000000  1.80165402
4    0.39171512  1.92353783  1.46265449  1.80165402  0.00000000

--------------------------------------------------------------------------------
n=4
(result of R-step: (0,1:2)0.40459046)
V=[0, 1, 3, 4]
total successes of this branch: 0
Matrix on 4 elements:

0    0.00000000  1.28820006  1.51771989  0.38171567
1    1.28820006  0.00000000  0.22903289  1.57718114
3    1.51771989  0.22903289  0.00000000  1.80165402
4    0.38171567  1.57718114  1.80165402  0.00000000
reason of abort: no pseudometric

--------------------------------------------------------------------------------
n=4
(result of R-step: (0,1:4)0.95918348)
V=[0, 1, 2, 3]
total successes of this branch: 0
Matrix on 4 elements:

0    0.00000000  1.23047511  1.14001029  1.52157630
1    1.23047511  0.00000000  0.82875936  0.16745152
2    1.14001029  0.82875936  0.00000000  1.11957063
3    1.52157630  0.16745152  1.11957063  0.00000000
reason of abort: no pseudometric

--------------------------------------------------------------------------------
n=4
(result of R-step: (0,3:2)0.40349528)
V=[0, 1, 3, 4]
total successes of this branch: 0
Matrix on 4 elements:

0    0.00000000  1.63841316  1.29254296  0.38557208
1    1.63841316  0.00000000  0.34635624  1.92353783
3    1.29254296  0.34635624  0.00000000  1.57262068
4    0.38557208  1.92353783  1.57262068  0.00000000
reason of abort: no pseudometric

--------------------------------------------------------------------------------
n=4
(result of R-step: (0,3:4)0.96401294)
V=[0, 1, 2, 3]
total successes of this branch: 1
Matrix on 4 elements:

0    0.00000000  1.63455675  1.13615388  1.35856525
1    1.63455675  0.00000000  1.23669742  0.41623494
2    1.13615388  1.23669742  0.00000000  0.96041600
3    1.35856525  0.41623494  0.96041600  0.00000000

--------------------------------------------------------------------------------
n=4
(result of R-step: (0,4:2)0.94255486)
V=[0, 1, 3, 4]
total successes of this branch: 0
reason of abort: negative delta/dxy

--------------------------------------------------------------------------------
n=4
(result of R-step: (1,4:2)0.57945157)
V=[0, 1, 3, 4]
total successes of this branch: 0
Matrix on 4 elements:

0    0.00000000  1.30002427  1.52771934  0.01175889
1    1.30002427  0.00000000  0.23085765  1.19904967
3    1.52771934  0.23085765  0.00000000  1.42169779
4    0.01175889  1.19904967  1.42169779  0.00000000
reason of abort: no pseudometric

--------------------------------------------------------------------------------
n=4
(result of R-step: (3,4:2)0.58018927)
V=[0, 1, 3, 4]
total successes of this branch: 0
Matrix on 4 elements:

0    0.00000000  1.64455620  1.29686691  0.00819299
1    1.64455620  0.00000000  0.34453715  1.54001570
3    1.29686691  0.34453715  0.00000000  1.18727946
4    0.00819299  1.54001570  1.18727946  0.00000000
reason of abort: no pseudometric
