n=6
V=[0, 1, 2, 3, 4, 5]
total successes of this branch: 1
Matrix on 6 elements:

0    0.00000000  1.23228127  0.90671955  0.75607118  0.45150109  0.77502701
1    1.23228127  0.00000000  1.18531692  1.23769483  1.13606433  1.27949922
2    0.90671955  1.18531692  0.00000000  0.86861491  0.78062832  0.91176930
3    0.75607118  1.23769483  0.86861491  0.00000000  0.62860290  0.52155852
4    0.45150109  1.13606433  0.78062832  0.62860290  0.00000000  0.66508124
5    0.77502701  1.27949922  0.91176930  0.52155852  0.66508124  0.00000000

--------------------------------------------------------------------------------
n=5
(result of R-step: (0,3:5)0.03102159)
V=[0, 1, 2, 3, 4]
total successes of this branch: 1
Matrix on 5 elements:

0    0.00000000  1.22522112  0.89965941  0.51364373  0.44444094
1    1.22522112  0.00000000  1.18531692  1.00232753  1.13606433
2    0.89965941  1.18531692  0.00000000  0.63324761  0.78062832
3    0.51364373  1.00232753  0.63324761  0.00000000  0.39323560
4    0.44444094  1.13606433  0.78062832  0.39323560  0.00000000

--------------------------------------------------------------------------------
n=4
(result of R-step: (0,3:4)0.31352201)
V=[0, 1, 2, 3]
total successes of this branch: 1
Matrix on 4 elements:

0    0.00000000  1.18059734  0.85503562  0.34640696
1    1.18059734  0.00000000  1.18531692  0.87971454
2    0.85503562  1.18531692  0.00000000  0.51063462
3    0.34640696  0.87971454  0.51063462  0.00000000

--------------------------------------------------------------------------------
n=4
(result of R-step: (1,3:2)0.04406367)
V=[0, 1, 3, 4]
total successes of this branch: 0
reason of abort: negative delta/dxy
