n=6
V=[0, 1, 2, 3, 4, 5]
total successes of this branch: 1
Matrix on 6 elements:

0    0.00000000  1.89300063  2.00296904  0.99807674  1.76100287  1.17662921
1    1.89300063  0.00000000  1.69584055  1.06937229  0.71013654  1.22255138
2    2.00296904  1.69584055  0.00000000  1.42005120  1.68259756  1.47204158
3    0.99807674  1.06937229  1.42005120  0.00000000  1.01474643  0.34497025
4    1.76100287  0.71013654  1.68259756  1.01474643  0.00000000  1.17070024
5    1.17662921  1.22255138  1.47204158  0.34497025  1.17070024  0.00000000

--------------------------------------------------------------------------------
n=5
(result of R-step: (2,3:5)0.06705015)
V=[0, 1, 2, 3, 4]
total successes of this branch: 1
Matrix on 5 elements:

0    0.00000000  1.89300063  1.73428414  0.92380623  1.76100287
1    1.89300063  0.00000000  1.42715564  0.99510179  0.71013654
2    1.73428414  1.42715564  0.00000000  1.07709579  1.41391266
3    0.92380623  0.99510179  1.07709579  0.00000000  0.94047592
4    1.76100287  0.71013654  1.41391266  0.94047592  0.00000000

--------------------------------------------------------------------------------
n=4
(result of R-step: (0,1:3)0.78038149)
V=[0, 1, 2, 4]
total successes of this branch: 1
Matrix on 4 elements:

0    0.00000000  0.94470671  1.03090668  1.05762541
1    0.94470671  0.00000000  1.18223918  0.46522008
2    1.03090668  1.18223918  0.00000000  1.41391266
4    1.05762541  0.46522008  1.41391266  0.00000000

--------------------------------------------------------------------------------
n=4
(result of R-step: (0,2:3)0.34847334)
V=[0, 1, 2, 4]
total successes of this branch: 0
Matrix on 4 elements:

0    0.00000000  1.33591025  0.35824613  1.20391248
1    1.33591025  0.00000000  0.60820802  0.71013654
2    0.35824613  0.60820802  0.00000000  0.59496503
4    1.20391248  0.71013654  0.59496503  0.00000000
reason of abort: no pseudometric

--------------------------------------------------------------------------------
n=4
(result of R-step: (0,4:3)0.72091297)
V=[0, 1, 2, 4]
total successes of this branch: 0
Matrix on 4 elements:

0    0.00000000  1.19935935  1.04064285  0.63967610
1    1.19935935  0.00000000  1.42715564  0.28245106
2    1.04064285  1.42715564  0.00000000  0.98622718
4    0.63967610  0.28245106  0.98622718  0.00000000
reason of abort: no pseudometric
