n=6
V=[0, 1, 2, 3, 4, 5]
total successes of this branch: 1
Matrix on 6 elements:

0    0.00000000  1.24198407  0.91495125  0.41572541  0.96552292  0.92528526
1    1.24198407  0.00000000  1.71049520  1.37557228  0.48910599  0.94389018
2    0.91495125  1.71049520  0.00000000  0.96268485  1.45069641  1.51499713
3    0.41572541  1.37557228  0.96268485  0.00000000  1.07381048  1.10103929
4    0.96552292  0.48910599  1.45069641  1.07381048  0.00000000  0.52699377
5    0.92528526  0.94389018  1.51499713  1.10103929  0.52699377  0.00000000

--------------------------------------------------------------------------------
n=5
(result of R-step: (0,4:5)0.30302377)
V=[0, 1, 2, 3, 4]
total successes of this branch: 1
Matrix on 5 elements:

0    0.00000000  1.19958723  0.87255441  0.37332857  0.91754975
1    1.19958723  0.00000000  1.71049520  1.37557228  0.48352966
2    0.87255441  1.71049520  0.00000000  0.96268485  1.44512008
3    0.37332857  1.37557228  0.96268485  0.00000000  1.06823414
4    0.91754975  0.48352966  1.44512008  1.06823414  0.00000000

--------------------------------------------------------------------------------
n=4
(result of R-step: (0,1:4)0.25540032)
V=[0, 1, 2, 3]
total successes of this branch: 0
Matrix on 4 elements:

0    0.00000000  0.89793287  0.72435128  0.22512543
1    0.89793287  0.00000000  1.55704397  1.22212106
2    0.72435128  1.55704397  0.00000000  0.96268485
3    0.22512543  1.22212106  0.96268485  0.00000000
reason of abort: no pseudometric

--------------------------------------------------------------------------------
n=4
(result of R-step: (1,2:4)0.70530812)
V=[0, 1, 2, 3]
total successes of this branch: 0
Matrix on 4 elements:

0    0.00000000  1.08252905  0.15255240  0.37332857
1    1.08252905  0.00000000  0.87343501  1.25851410
2    0.15255240  0.87343501  0.00000000  0.24268284
3    0.37332857  1.25851410  0.24268284  0.00000000
reason of abort: no pseudometric

--------------------------------------------------------------------------------
n=4
(result of R-step: (1,3:4)0.78760076)
V=[0, 1, 2, 3]
total successes of this branch: 1
Matrix on 4 elements:

0    0.00000000  1.01046863  0.87255441  0.15823096
1    1.01046863  0.00000000  1.52137659  0.97135607
2    0.87255441  1.52137659  0.00000000  0.74758724
3    0.15823096  0.97135607  0.74758724  0.00000000
