n=6
V=[0, 1, 2, 3, 4, 5]
total successes of this branch: 1
Matrix on 6 elements:

0    0.00000000  1.30526364  0.82558423  1.22847390  1.14228424  0.65173054
1    1.30526364  0.00000000  1.43639148  0.95732937  1.14254502  1.03094149
2    0.82558423  1.43639148  0.00000000  1.48547809  1.21031214  1.12372312
3    1.22847390  0.95732937  1.48547809  0.00000000  0.96949606  0.83354353
4    1.14228424  1.14254502  1.21031214  0.96949606  0.00000000  0.96744762
5    0.65173054  1.03094149  1.12372312  0.83354353  0.96744762  0.00000000

--------------------------------------------------------------------------------
n=5
(result of R-step: (0,3:5)0.43198546)
V=[0, 1, 2, 3, 4]
total successes of this branch: 1
Matrix on 5 elements:

0    0.00000000  1.26981114  0.79013174  0.85891808  1.10683174
1    1.26981114  0.00000000  1.43639148  0.62322604  1.14254502
2    0.79013174  1.43639148  0.00000000  1.15137476  1.21031214
3    0.85891808  0.62322604  1.15137476  0.00000000  0.63539274
4    1.10683174  1.14254502  1.21031214  0.63539274  0.00000000

--------------------------------------------------------------------------------
n=4
(result of R-step: (0,1:4)0.27013499)
V=[0, 1, 2, 3]
total successes of this branch: 0
Matrix on 4 elements:

0    0.00000000  0.25823938  0.36156269  0.43034904
1    0.25823938  0.00000000  0.85338876  0.04022332
2    0.36156269  0.85338876  0.00000000  1.15137476
3    0.43034904  0.04022332  1.15137476  0.00000000
reason of abort: no pseudometric

--------------------------------------------------------------------------------
n=4
(result of R-step: (0,3:4)0.45680567)
V=[0, 1, 2, 3]
total successes of this branch: 0
Matrix on 4 elements:

0    0.00000000  0.81412824  0.33444883  0.38567346
1    0.81412824  0.00000000  1.43639148  0.60566433
2    0.33444883  1.43639148  0.00000000  1.13381305
3    0.38567346  0.60566433  1.13381305  0.00000000
reason of abort: no pseudometric

--------------------------------------------------------------------------------
n=4
(result of R-step: (1,2:0)0.41047748)
V=[1, 2, 3, 4]
total successes of this branch: 0
Matrix on 4 elements:

1    0.00000000  0.59469297  0.01577549  0.53509447
2    0.59469297  0.00000000  0.91712680  0.97606418
3    0.01577549  0.91712680  0.00000000  0.63539274
4    0.53509447  0.97606418  0.63539274  0.00000000
reason of abort: no pseudometric

--------------------------------------------------------------------------------
n=4
(result of R-step: (1,2:4)0.82621432)
V=[0, 1, 2, 3]
total successes of this branch: 0
Matrix on 4 elements:

0    0.00000000  0.68126001  0.49332097  0.85891808
1    0.68126001  0.00000000  0.55102959  0.03467491
2    0.49332097  0.55102959  0.00000000  0.85456400
3    0.85891808  0.03467491  0.85456400  0.00000000
reason of abort: no pseudometric

--------------------------------------------------------------------------------
n=4
(result of R-step: (2,3:0)0.73514800)
V=[1, 2, 3, 4]
total successes of this branch: 0
reason of abort: negative delta/dxy

--------------------------------------------------------------------------------
n=4
(result of R-step: (2,3:4)0.30773260)
V=[0, 1, 2, 3]
total successes of this branch: 1
Matrix on 4 elements:

0    0.00000000  1.26981114  0.55588377  0.85025400
1    1.26981114  0.00000000  1.20214352  0.61456196
2    0.55588377  1.20214352  0.00000000  0.90846272
3    0.85025400  0.61456196  0.90846272  0.00000000

--------------------------------------------------------------------------------
n=4
(result of R-step: (2,4:0)0.43333548)
V=[1, 2, 3, 4]
total successes of this branch: 0
Matrix on 4 elements:

1    0.00000000  1.31597812  0.62322604  0.62863555
2    1.31597812  0.00000000  1.03096139  0.57598931
3    0.62322604  1.03096139  0.00000000  0.12148327
4    0.62863555  0.57598931  0.12148327  0.00000000
reason of abort: no pseudometric
