n=6
V=[0, 1, 2, 3, 4, 5]
total successes of this branch: 2
Matrix on 6 elements:

0    0.00000000  1.27953314  0.83730585  0.60495461  0.72997583  1.01027841
1    1.27953314  0.00000000  1.21029150  1.12526775  1.12086146  1.38932282
2    0.83730585  1.21029150  0.00000000  0.67838117  0.56979359  0.32614960
3    0.60495461  1.12526775  0.67838117  0.00000000  0.55829313  0.85434141
4    0.72997583  1.12086146  0.56979359  0.55829313  0.00000000  0.75078251
5    1.01027841  1.38932282  0.32614960  0.85434141  0.75078251  0.00000000

--------------------------------------------------------------------------------
n=5
(result of R-step: (0,2:5)0.02152605)
V=[0, 1, 2, 3, 4]
total successes of this branch: 2
Matrix on 5 elements:

0    0.00000000  0.96699052  0.45803437  0.29241198  0.41743321
1    0.96699052  0.00000000  1.14356264  1.12526775  1.12086146
2    0.45803437  1.14356264  0.00000000  0.61165231  0.50306474
3    0.29241198  1.12526775  0.61165231  0.00000000  0.55829313
4    0.41743321  1.12086146  0.50306474  0.55829313  0.00000000

--------------------------------------------------------------------------------
n=4
(result of R-step: (0,2:4)0.21489021)
V=[0, 1, 2, 3]
total successes of this branch: 0
Matrix on 4 elements:

0    0.00000000  0.86790851  0.11096463  0.19332998
1    0.86790851  0.00000000  0.89557491  1.12526775
2    0.11096463  0.89557491  0.00000000  0.36366458
3    0.19332998  1.12526775  0.36366458  0.00000000
reason of abort: no pseudometric

--------------------------------------------------------------------------------
n=4
(result of R-step: (1,3:0)0.41614013)
V=[1, 2, 3, 4]
total successes of this branch: 1
Matrix on 4 elements:

1    0.00000000  0.32057183  0.13176504  0.29787064
2    0.32057183  0.00000000  0.44114043  0.50306474
3    0.13176504  0.44114043  0.00000000  0.38778124
4    0.29787064  0.50306474  0.38778124  0.00000000

--------------------------------------------------------------------------------
n=4
(result of R-step: (2,3:4)0.87850213)
V=[0, 1, 2, 3]
total successes of this branch: 1
Matrix on 4 elements:

0    0.00000000  0.96699052  0.20235560  0.12190010
1    0.96699052  0.00000000  0.88788388  0.95475586
2    0.20235560  0.88788388  0.00000000  0.18546166
3    0.12190010  0.95475586  0.18546166  0.00000000
