n=6
V=[0, 1, 2, 3, 4, 5]
total successes of this branch: 1
Matrix on 6 elements:

0    0.00000000  1.03301912  0.89588141  0.83347995  0.78456766  0.92536109
1    1.03301912  0.00000000  0.73754873  0.99618268  1.07490701  0.84378303
2    0.89588141  0.73754873  0.00000000  0.67269366  0.76752756  0.30154479
3    0.83347995  0.99618268  0.67269366  0.00000000  0.93371971  0.57313210
4    0.78456766  1.07490701  0.76752756  0.93371971  0.00000000  0.85166046
5    0.92536109  0.84378303  0.30154479  0.57313210  0.85166046  0.00000000

--------------------------------------------------------------------------------
n=5
(result of R-step: (0,1:4)0.28794892)
V=[0, 1, 2, 3, 5]
total successes of this branch: 0
Matrix on 5 elements:

0    0.00000000  0.36392849  0.78367720  0.72127574  0.81315688
1    0.36392849  0.00000000  0.18066230  0.43929625  0.28689661
2    0.78367720  0.18066230  0.00000000  0.67269366  0.30154479
3    0.72127574  0.43929625  0.67269366  0.00000000  0.57313210
5    0.81315688  0.28689661  0.30154479  0.57313210  0.00000000
reason of abort: no pseudometric

--------------------------------------------------------------------------------
n=5
(result of R-step: (2,3:5)0.76091539)
V=[0, 1, 2, 3, 4]
total successes of this branch: 1
Matrix on 5 elements:

0    0.00000000  1.03301912  0.83259238  0.79819908  0.78456766
1    1.03301912  0.00000000  0.67425970  0.96090182  1.07490701
2    0.83259238  0.67425970  0.00000000  0.57412378  0.70423854
3    0.79819908  0.96090182  0.57412378  0.00000000  0.89843885
4    0.78456766  1.07490701  0.70423854  0.89843885  0.00000000

--------------------------------------------------------------------------------
n=4
(result of R-step: (0,1:4)0.28794892)
V=[0, 1, 2, 3]
total successes of this branch: 0
Matrix on 4 elements:

0    0.00000000  0.36392849  0.72038817  0.68599487
1    0.36392849  0.00000000  0.11737328  0.40401539
2    0.72038817  0.11737328  0.00000000  0.57412378
3    0.68599487  0.40401539  0.57412378  0.00000000
reason of abort: no pseudometric

--------------------------------------------------------------------------------
n=4
(result of R-step: (0,2:1)0.11206950)
V=[0, 2, 3, 4]
total successes of this branch: 0
reason of abort: negative delta/dxy

--------------------------------------------------------------------------------
n=4
(result of R-step: (0,2:4)0.56675010)
V=[0, 1, 2, 3]
total successes of this branch: 1
Matrix on 4 elements:

0    0.00000000  0.83317203  0.59229941  0.59835199
1    0.83317203  0.00000000  0.63381382  0.96090182
2    0.59229941  0.63381382  0.00000000  0.53367790
3    0.59835199  0.96090182  0.53367790  0.00000000

--------------------------------------------------------------------------------
n=4
(result of R-step: (0,3:4)0.08644728)
V=[0, 1, 2, 3]
total successes of this branch: 0
reason of abort: negative delta/dxy

--------------------------------------------------------------------------------
n=4
(result of R-step: (2,3:1)0.25526470)
V=[0, 2, 3, 4]
total successes of this branch: 0
Matrix on 4 elements:

0    0.00000000  0.79214650  0.40322141  0.78456766
2    0.79214650  0.00000000  0.13870022  0.66379266
3    0.40322141  0.13870022  0.00000000  0.50346118
4    0.78456766  0.66379266  0.50346118  0.00000000
reason of abort: no pseudometric

--------------------------------------------------------------------------------
n=4
(result of R-step: (2,4:1)0.49951282)
V=[0, 2, 3, 4]
total successes of this branch: 0
Matrix on 4 elements:

0    0.00000000  0.73516261  0.79819908  0.28638473
2    0.73516261  0.00000000  0.47669400  0.10862584
3    0.79819908  0.47669400  0.00000000  0.40025593
4    0.28638473  0.10862584  0.40025593  0.00000000
reason of abort: no pseudometric
