n=6
V=[0, 1, 2, 3, 4, 5]
total successes of this branch: 1
Matrix on 6 elements:

0    0.00000000  0.92534567  0.93415363  0.89277644  0.87114797  0.18450000
1    0.92534567  0.00000000  1.07329414  1.37316548  1.11113910  0.76111658
2    0.93415363  1.07329414  0.00000000  1.35942572  0.85441935  0.89636182
3    0.89277644  1.37316548  1.35942572  0.00000000  1.34521951  0.91900828
4    0.87114797  1.11113910  0.85441935  1.34521951  0.00000000  0.85227734
5    0.18450000  0.76111658  0.89636182  0.91900828  0.85227734  0.00000000

--------------------------------------------------------------------------------
n=5
(result of R-step: (0,1:5)0.81238411)
V=[0, 1, 2, 3, 4]
total successes of this branch: 1
Matrix on 5 elements:

0    0.00000000  0.68403091  0.88812416  0.84674696  0.82511850
1    0.68403091  0.00000000  0.87800885  1.17788020  0.91585381
2    0.88812416  0.87800885  0.00000000  1.35942572  0.85441935
3    0.84674696  1.17788020  1.35942572  0.00000000  1.34521951
4    0.82511850  0.91585381  0.85441935  1.34521951  0.00000000

--------------------------------------------------------------------------------
n=4
(result of R-step: (0,2:4)0.16332297)
V=[0, 1, 2, 3]
total successes of this branch: 1
Matrix on 4 elements:

0    0.00000000  0.64570377  0.46742590  0.80841982
1    0.64570377  0.00000000  0.49563773  1.17788020
2    0.46742590  0.49563773  0.00000000  0.97705460
3    0.80841982  1.17788020  0.97705460  0.00000000

--------------------------------------------------------------------------------
n=4
(result of R-step: (2,3:4)0.70446579)
V=[0, 1, 2, 3]
total successes of this branch: 0
Matrix on 4 elements:

0    0.00000000  0.68403091  0.53080388  0.10516127
1    0.68403091  0.00000000  0.52068857  0.43629450
2    0.53080388  0.52068857  0.00000000  0.26051975
3    0.10516127  0.43629450  0.26051975  0.00000000
reason of abort: no pseudometric
