n=6
V=[0, 1, 2, 3, 4, 5]
total successes of this branch: 2
Matrix on 6 elements:

0    0.00000000  1.79206529  1.48798918  1.35151885  1.10732730  1.15035135
1    1.79206529  0.00000000  1.33546807  1.34719115  1.49971963  1.16405935
2    1.48798918  1.33546807  0.00000000  0.66636364  1.23105842  1.13833416
3    1.35151885  1.34719115  0.66636364  0.00000000  1.09976851  1.04049734
4    1.10732730  1.49971963  1.23105842  1.09976851  0.00000000  0.71953950
5    1.15035135  1.16405935  1.13833416  1.04049734  0.71953950  0.00000000

--------------------------------------------------------------------------------
n=5
(result of R-step: (1,4:5)0.23391638)
V=[0, 1, 2, 3, 4]
total successes of this branch: 2
Matrix on 5 elements:

0    0.00000000  1.50928029  1.48798918  1.35151885  0.79020925
1    1.50928029  0.00000000  1.05268307  1.06440615  0.89981659
2    1.48798918  1.05268307  0.00000000  0.66636364  0.91394036
3    1.35151885  1.06440615  0.66636364  0.00000000  0.78265045
4    0.79020925  0.89981659  0.91394036  0.78265045  0.00000000

--------------------------------------------------------------------------------
n=4
(result of R-step: (0,1:4)0.96504284)
V=[0, 1, 2, 3]
total successes of this branch: 1
Matrix on 4 elements:

0    0.00000000  0.80722197  0.81637089  0.67990056
1    0.80722197  0.00000000  1.02224304  1.03396612
2    0.81637089  1.02224304  0.00000000  0.66636364
3    0.67990056  1.03396612  0.66636364  0.00000000

--------------------------------------------------------------------------------
n=4
(result of R-step: (1,3:2)0.12761130)
V=[0, 1, 3, 4]
total successes of this branch: 1
Matrix on 4 elements:

0    0.00000000  1.47884026  1.11412742  0.79020925
1    1.47884026  0.00000000  0.79657469  0.86937655
3    1.11412742  0.79657469  0.00000000  0.54525902
4    0.79020925  0.86937655  0.54525902  0.00000000
