n=6
V=[0, 1, 2, 3, 4, 5]
total successes of this branch: 2
Matrix on 6 elements:

0    0.00000000  2.18043289  1.96826732  2.24455473  1.69497945  1.74500289
1    2.18043289  0.00000000  1.67947154  2.30570975  1.51447410  1.31277750
2    1.96826732  1.67947154  0.00000000  1.84354896  0.81784686  0.44623751
3    2.24455473  2.30570975  1.84354896  0.00000000  1.67275224  1.64145442
4    1.69497945  1.51447410  0.81784686  1.67275224  0.00000000  0.63560721
5    1.74500289  1.31277750  0.44623751  1.64145442  0.63560721  0.00000000

--------------------------------------------------------------------------------
n=5
(result of R-step: (0,4:3)0.48397316)
V=[0, 1, 2, 4, 5]
total successes of this branch: 0
Matrix on 5 elements:

0    0.00000000  1.24962676  1.03746119  0.39258586  0.81419676
1    1.24962676  0.00000000  1.67947154  1.14288664  1.31277750
2    1.03746119  1.67947154  0.00000000  0.44625940  0.44623751
4    0.39258586  1.14288664  0.44625940  0.00000000  0.26401974
5    0.81419676  1.31277750  0.44623751  0.26401974  0.00000000
reason of abort: no pseudometric

--------------------------------------------------------------------------------
n=5
(result of R-step: (1,2:5)0.08468116)
V=[0, 1, 2, 3, 4]
total successes of this branch: 2
Matrix on 5 elements:

0    0.00000000  2.08149463  1.67042096  2.24455473  1.69497945
1    2.08149463  0.00000000  1.28268692  2.20677150  1.41553584
2    1.67042096  1.28268692  0.00000000  1.54570260  0.52000050
3    2.24455473  2.20677150  1.54570260  0.00000000  1.67275224
4    1.69497945  1.41553584  0.52000050  1.67275224  0.00000000

--------------------------------------------------------------------------------
n=4
(result of R-step: (0,1:3)0.05355298)
V=[0, 1, 2, 4]
total successes of this branch: 0
Matrix on 4 elements:

0    0.00000000  0.80116974  1.36904674  1.39360523
1    0.80116974  0.00000000  0.30373625  0.43658517
2    1.36904674  0.30373625  0.00000000  0.52000050
4    1.39360523  0.43658517  0.52000050  0.00000000
reason of abort: no pseudometric

--------------------------------------------------------------------------------
n=4
(result of R-step: (0,2:1)0.49244537)
V=[0, 2, 3, 4]
total successes of this branch: 1
Matrix on 4 elements:

0    0.00000000  0.59857242  1.31374860  0.76417332
2    0.59857242  0.00000000  1.40466019  0.37895809
3    1.31374860  1.40466019  0.00000000  1.67275224
4    0.76417332  0.37895809  1.67275224  0.00000000

--------------------------------------------------------------------------------
n=4
(result of R-step: (0,2:3)0.60788052)
V=[0, 1, 2, 4]
total successes of this branch: 1
Matrix on 4 elements:

0    0.00000000  1.13472535  0.60661935  0.74821017
1    1.13472535  0.00000000  1.16565460  1.41553584
2    0.60661935  1.16565460  0.00000000  0.40296817
4    0.74821017  1.41553584  0.40296817  0.00000000

--------------------------------------------------------------------------------
n=4
(result of R-step: (0,4:1)0.39519542)
V=[0, 2, 3, 4]
total successes of this branch: 0
Matrix on 4 elements:

0    0.00000000  0.72365168  1.29778545  0.38640553
2    0.72365168  0.00000000  1.54570260  0.15819587
3    1.29778545  1.54570260  0.00000000  1.31094761
4    0.38640553  0.15819587  1.31094761  0.00000000
reason of abort: no pseudometric

--------------------------------------------------------------------------------
n=4
(result of R-step: (0,4:3)0.48397316)
V=[0, 1, 2, 4]
total successes of this branch: 0
Matrix on 4 elements:

0    0.00000000  1.15068850  0.73961483  0.39258586
1    1.15068850  0.00000000  1.28268692  1.04394838
2    0.73961483  1.28268692  0.00000000  0.14841304
4    0.39258586  1.04394838  0.14841304  0.00000000
reason of abort: no pseudometric

--------------------------------------------------------------------------------
n=4
(result of R-step: (2,3:1)0.16272620)
V=[0, 2, 3, 4]
total successes of this branch: 0
Matrix on 4 elements:

0    0.00000000  1.49176465  1.03534534  1.69497945
2    1.49176465  0.00000000  0.15783691  0.34134419
3    1.03534534  0.15783691  0.00000000  0.46354286
4    1.69497945  0.34134419  0.46354286  0.00000000
reason of abort: no pseudometric

--------------------------------------------------------------------------------
n=4
(result of R-step: (3,4:1)0.79006522)
V=[0, 2, 3, 4]
total successes of this branch: 0
Matrix on 4 elements:

0    0.00000000  1.67042096  1.04004167  1.35764229
2    1.67042096  0.00000000  0.34118954  0.18266334
3    1.04004167  0.34118954  0.00000000  0.13090202
4    1.35764229  0.18266334  0.13090202  0.00000000
reason of abort: no pseudometric
