n=6
V=[0, 1, 2, 3, 4, 5]
total successes of this branch: 2
Matrix on 6 elements:

0    0.00000000  2.11347926  1.95728955  1.91037246  1.38210424  1.35526609
1    2.11347926  0.00000000  1.91806398  0.91473886  1.97207859  1.93640805
2    1.95728955  1.91806398  0.00000000  1.77635498  1.41461792  1.38685213
3    1.91037246  0.91473886  1.77635498  0.00000000  1.80197111  1.76315511
4    1.38210424  1.97207859  1.41461792  1.80197111  0.00000000  0.57520960
5    1.35526609  1.93640805  1.38685213  1.76315511  0.57520960  0.00000000

--------------------------------------------------------------------------------
n=5
(result of R-step: (3,4:5)0.00557035)
V=[0, 1, 2, 3, 4]
total successes of this branch: 2
Matrix on 5 elements:

0    0.00000000  2.11347926  1.95728955  1.82039633  1.08296152
1    2.11347926  0.00000000  1.91806398  0.82476273  1.67293587
2    1.95728955  1.91806398  0.00000000  1.68637885  1.11547520
3    1.82039633  0.82476273  1.68637885  0.00000000  1.41285226
4    1.08296152  1.67293587  1.11547520  1.41285226  0.00000000

--------------------------------------------------------------------------------
n=4
(result of R-step: (0,1:3)0.04513427)
V=[0, 1, 2, 4]
total successes of this branch: 1
Matrix on 4 elements:

0    0.00000000  1.21312584  1.56110541  0.68677738
1    1.21312584  0.00000000  1.41389470  1.16876659
2    1.56110541  1.41389470  0.00000000  1.11547520
4    0.68677738  1.16876659  1.11547520  0.00000000

--------------------------------------------------------------------------------
n=4
(result of R-step: (0,2:4)0.46253254)
V=[0, 1, 2, 3]
total successes of this branch: 1
Matrix on 4 elements:

0    0.00000000  1.71729512  1.05346619  1.42421219
1    1.71729512  0.00000000  1.41042476  0.82476273
2    1.05346619  1.41042476  0.00000000  1.17873963
3    1.42421219  0.82476273  1.17873963  0.00000000

--------------------------------------------------------------------------------
n=4
(result of R-step: (1,4:3)0.73062751)
V=[0, 1, 2, 4]
total successes of this branch: 0
Matrix on 4 elements:

0    0.00000000  1.84685255  1.95728955  0.70050025
1    1.84685255  0.00000000  1.65143728  1.02384790
2    1.95728955  1.65143728  0.00000000  0.73301394
4    0.70050025  1.02384790  0.73301394  0.00000000
reason of abort: no pseudometric
