n=6
V=[0, 1, 2, 3, 4, 5]
total successes of this branch: 2
Matrix on 6 elements:

0    0.00000000  2.21408382  1.63560159  1.83241600  1.87083842  1.84932098
1    2.21408382  0.00000000  1.40778420  2.05624910  1.15585662  2.00483810
2    1.63560159  1.40778420  0.00000000  1.42469310  1.05623472  1.41199006
3    1.83241600  2.05624910  1.42469310  0.00000000  1.71156688  0.58947399
4    1.87083842  1.15585662  1.05623472  1.71156688  0.00000000  1.65554979
5    1.84932098  2.00483810  1.41199006  0.58947399  1.65554979  0.00000000

--------------------------------------------------------------------------------
n=5
(result of R-step: (0,1:2)0.56660168)
V=[0, 1, 3, 4, 5]
total successes of this branch: 0
Matrix on 5 elements:

0    0.00000000  0.41299210  0.79045547  0.82887790  0.80736046
1    0.41299210  0.00000000  1.29711790  0.39672541  1.24570690
3    0.79045547  1.29711790  0.00000000  1.71156688  0.58947399
4    0.82887790  0.39672541  1.71156688  0.00000000  1.65554979
5    0.80736046  1.24570690  0.58947399  1.65554979  0.00000000
reason of abort: no pseudometric

--------------------------------------------------------------------------------
n=5
(result of R-step: (3,4:5)0.92723167)
V=[0, 1, 2, 3, 4]
total successes of this branch: 2
Matrix on 5 elements:

0    0.00000000  2.21408382  1.63560159  1.58931759  1.49690020
1    2.21408382  0.00000000  1.40778420  1.81315070  0.78191840
2    1.63560159  1.40778420  0.00000000  1.18159470  0.68229650
3    1.58931759  1.81315070  1.18159470  0.00000000  1.09453025
4    1.49690020  0.78191840  0.68229650  1.09453025  0.00000000

--------------------------------------------------------------------------------
n=4
(result of R-step: (0,1:2)0.56660168)
V=[0, 1, 3, 4]
total successes of this branch: 0
Matrix on 4 elements:

0    0.00000000  0.41299210  0.54735707  0.45493967
1    0.41299210  0.00000000  1.05401949  0.02278719
3    0.54735707  1.05401949  0.00000000  1.09453025
4    0.45493967  0.02278719  1.09453025  0.00000000
reason of abort: no pseudometric

--------------------------------------------------------------------------------
n=4
(result of R-step: (0,4:2)0.57479620)
V=[0, 1, 3, 4]
total successes of this branch: 0
Matrix on 4 elements:

0    0.00000000  1.17332244  0.54855621  0.43353625
1    1.17332244  0.00000000  1.81315070  0.75931584
3    0.54855621  1.81315070  0.00000000  1.07192769
4    0.43353625  0.75931584  1.07192769  0.00000000
reason of abort: no pseudometric

--------------------------------------------------------------------------------
n=4
(result of R-step: (1,2:4)0.97292785)
V=[0, 1, 2, 3]
total successes of this branch: 1
Matrix on 4 elements:

0    0.00000000  1.47131060  1.37431998  1.58931759
1    1.47131060  0.00000000  0.40372937  1.07037747
2    1.37431998  0.40372937  0.00000000  0.92031309
3    1.58931759  1.07037747  0.92031309  0.00000000

--------------------------------------------------------------------------------
n=4
(result of R-step: (1,3:2)0.48914921)
V=[0, 1, 3, 4]
total successes of this branch: 0
Matrix on 4 elements:

0    0.00000000  1.45679481  1.04707180  1.49690020
1    1.45679481  0.00000000  0.51361589  0.02462938
3    1.04707180  0.51361589  0.00000000  0.55228446
4    1.49690020  0.02462938  0.55228446  0.00000000
reason of abort: no pseudometric

--------------------------------------------------------------------------------
n=4
(result of R-step: (3,4:2)0.51891423)
V=[0, 1, 3, 4]
total successes of this branch: 1
Matrix on 4 elements:

0    0.00000000  2.21408382  1.04559857  1.47238847
1    2.21408382  0.00000000  1.26943167  0.75740667
3    1.04559857  1.26943167  0.00000000  0.52629950
4    1.47238847  0.75740667  0.52629950  0.00000000
