n=6
V=[0, 1, 2, 3, 4, 5]
total successes of this branch: 2
Matrix on 6 elements:

0    0.00000000  1.69322883  1.65535412  1.64231868  2.12762294  1.76894470
1    1.69322883  0.00000000  1.18487909  0.89170700  0.71661425  0.88491730
2    1.65535412  1.18487909  0.00000000  1.09917827  1.61545929  0.58404945
3    1.64231868  0.89170700  1.09917827  0.00000000  1.31530684  1.12645531
4    2.12762294  0.71661425  1.61545929  1.31530684  0.00000000  1.39950870
5    1.76894470  0.88491730  0.58404945  1.12645531  1.39950870  0.00000000

--------------------------------------------------------------------------------
n=5
(result of R-step: (1,2:5)0.35180338)
V=[0, 1, 2, 3, 4]
total successes of this branch: 2
Matrix on 5 elements:

0    0.00000000  1.66961260  1.60371943  1.64231868  2.12762294
1    1.66961260  0.00000000  1.10962817  0.86809076  0.69299801
2    1.60371943  1.10962817  0.00000000  1.04754359  1.56382461
3    1.64231868  0.86809076  1.04754359  0.00000000  1.31530684
4    2.12762294  0.69299801  1.56382461  1.31530684  0.00000000

--------------------------------------------------------------------------------
n=4
(result of R-step: (0,3:2)0.64667291)
V=[0, 1, 3, 4]
total successes of this branch: 1
Matrix on 4 elements:

0    0.00000000  0.66429075  0.26583135  1.12230110
1    0.66429075  0.00000000  0.49692528  0.69299801
3    0.26583135  0.49692528  0.00000000  0.94414136
4    1.12230110  0.69299801  0.94414136  0.00000000

--------------------------------------------------------------------------------
n=4
(result of R-step: (0,4:1)0.02431190)
V=[0, 2, 3, 4]
total successes of this branch: 1
Matrix on 4 elements:

0    0.00000000  0.59839759  0.63699683  0.56042184
2    0.59839759  0.00000000  1.04754359  1.00194534
3    0.63699683  1.04754359  0.00000000  0.75342758
4    0.56042184  1.00194534  0.75342758  0.00000000

--------------------------------------------------------------------------------
n=4
(result of R-step: (2,4:1)0.04214202)
V=[0, 2, 3, 4]
total successes of this branch: 0
Matrix on 4 elements:

0    0.00000000  1.03850824  1.64231868  1.57272477
2    1.03850824  0.00000000  0.48233239  0.44371524
3    1.64231868  0.48233239  0.00000000  0.76040867
4    1.57272477  0.44371524  0.76040867  0.00000000
reason of abort: no pseudometric
