n=6
V=[0, 1, 2, 3, 4, 5]
total successes of this branch: 2
Matrix on 6 elements:

0    0.00000000  1.85863025  1.48147829  1.36317194  1.37422797  0.87558278
1    1.85863025  0.00000000  1.50783156  1.82331249  0.76819968  1.20678330
2    1.48147829  1.50783156  0.00000000  1.42521558  0.98768551  1.40402489
3    1.36317194  1.82331249  1.42521558  0.00000000  1.33129158  1.49512889
4    1.37422797  0.76819968  0.98768551  1.33129158  0.00000000  0.99149306
5    0.87558278  1.20678330  1.40402489  1.49512889  0.99149306  0.00000000

--------------------------------------------------------------------------------
n=5
(result of R-step: (0,1:5)0.51725108)
V=[0, 1, 2, 3, 4]
total successes of this branch: 2
Matrix on 5 elements:

0    0.00000000  1.44483640  1.41525664  1.29695029  1.30800632
1    1.44483640  0.00000000  1.16025936  1.47574030  0.42062749
2    1.41525664  1.16025936  0.00000000  1.42521558  0.98768551
3    1.29695029  1.47574030  1.42521558  0.00000000  1.33129158
4    1.30800632  0.42062749  0.98768551  1.33129158  0.00000000

--------------------------------------------------------------------------------
n=4
(result of R-step: (0,1:2)0.57925416)
V=[0, 1, 3, 4]
total successes of this branch: 0
Matrix on 4 elements:

0    0.00000000  0.47252849  0.64584785  0.65690388
1    0.47252849  0.00000000  1.15453483  0.09942202
3    0.64584785  1.15453483  0.00000000  1.33129158
4    0.65690388  0.09942202  1.33129158  0.00000000
reason of abort: no pseudometric

--------------------------------------------------------------------------------
n=4
(result of R-step: (0,4:2)0.60999268)
V=[0, 1, 3, 4]
total successes of this branch: 0
Matrix on 4 elements:

0    0.00000000  0.79708054  0.64919443  0.56417625
1    0.79708054  0.00000000  1.47574030  0.32455327
3    0.64919443  1.47574030  0.00000000  1.23521737
4    0.56417625  0.32455327  1.23521737  0.00000000
reason of abort: no pseudometric

--------------------------------------------------------------------------------
n=4
(result of R-step: (1,2:4)0.63625454)
V=[0, 1, 2, 3]
total successes of this branch: 1
Matrix on 4 elements:

0    0.00000000  1.34687326  0.89904979  1.29695029
1    1.34687326  0.00000000  0.54608936  1.37777715
2    0.89904979  0.54608936  0.00000000  0.90900873
3    1.29695029  1.37777715  0.90900873  0.00000000

--------------------------------------------------------------------------------
n=4
(result of R-step: (1,3:2)0.43636326)
V=[0, 1, 3, 4]
total successes of this branch: 0
Matrix on 4 elements:

0    0.00000000  1.13007155  0.65160339  1.30800632
1    1.13007155  0.00000000  0.51562854  0.10586264
3    0.65160339  0.51562854  0.00000000  0.68594468
4    1.30800632  0.10586264  0.68594468  0.00000000
reason of abort: no pseudometric

--------------------------------------------------------------------------------
n=4
(result of R-step: (3,4:2)0.59313453)
V=[0, 1, 3, 4]
total successes of this branch: 1
Matrix on 4 elements:

0    0.00000000  1.44483640  0.64806632  1.20448013
1    1.44483640  0.00000000  0.82685633  0.31710130
3    0.64806632  0.82685633  0.00000000  0.57888142
4    1.20448013  0.31710130  0.57888142  0.00000000
