n=6
V=[0, 1, 2, 3, 4, 5]
total successes of this branch: 1
Matrix on 6 elements:

0    0.00000000  1.24041472  0.86597104  1.37221625  1.48815097  1.39423063
1    1.24041472  0.00000000  0.91331172  0.67670820  0.43448988  0.69150250
2    0.86597104  0.91331172  0.00000000  1.03058388  1.15919767  1.05285385
3    1.37221625  0.67670820  1.03058388  0.00000000  0.93326453  0.18852057
4    1.48815097  0.43448988  1.15919767  0.93326453  0.00000000  0.93616290
5    1.39423063  0.69150250  1.05285385  0.18852057  0.93616290  0.00000000

--------------------------------------------------------------------------------
n=5
(result of R-step: (3,4:5)0.97984081)
V=[0, 1, 2, 3, 4]
total successes of this branch: 1
Matrix on 5 elements:

0    0.00000000  1.24041472  0.86597104  1.29565816  1.43767754
1    1.24041472  0.00000000  0.91331172  0.60015011  0.38401645
2    0.86597104  0.91331172  0.00000000  0.95402579  1.10872424
3    1.29565816  0.60015011  0.95402579  0.00000000  0.80623301
4    1.43767754  0.38401645  1.10872424  0.80623301  0.00000000

--------------------------------------------------------------------------------
n=4
(result of R-step: (0,1:3)0.34650488)
V=[0, 1, 2, 4]
total successes of this branch: 0
Matrix on 4 elements:

0    0.00000000  0.53628366  0.24846841  0.82017491
1    0.53628366  0.00000000  0.82668329  0.29738803
2    0.24846841  0.82668329  0.00000000  1.10872424
4    0.82017491  0.29738803  1.10872424  0.00000000
reason of abort: no pseudometric

--------------------------------------------------------------------------------
n=4
(result of R-step: (0,4:3)0.33738035)
V=[0, 1, 2, 4]
total successes of this branch: 0
Matrix on 4 elements:

0    0.00000000  0.62416208  0.24971840  0.52412980
1    0.62416208  0.00000000  0.91331172  0.08672136
2    0.24971840  0.91331172  0.00000000  0.81142914
4    0.52412980  0.08672136  0.81142914  0.00000000
reason of abort: no pseudometric

--------------------------------------------------------------------------------
n=4
(result of R-step: (1,2:3)0.66613053)
V=[0, 1, 2, 4]
total successes of this branch: 1
Matrix on 4 elements:

0    0.00000000  1.15412198  0.61829608  1.43767754
1    1.15412198  0.00000000  0.57934401  0.29772371
2    0.61829608  0.57934401  0.00000000  0.86104928
4    1.43767754  0.29772371  0.86104928  0.00000000

--------------------------------------------------------------------------------
n=4
(result of R-step: (2,4:3)0.32529743)
V=[0, 1, 2, 4]
total successes of this branch: 0
Matrix on 4 elements:

0    0.00000000  1.24041472  0.61695060  1.14005559
1    1.24041472  0.00000000  0.66429127  0.08639450
2    0.61695060  0.66429127  0.00000000  0.56208184
4    1.14005559  0.08639450  0.56208184  0.00000000
reason of abort: no pseudometric
