n=6
V=[0, 1, 2, 3, 4, 5]
total successes of this branch: 2
Matrix on 6 elements:

0    0.00000000  1.81428638  0.96699655  1.05610013  1.00697582  1.09016412
1    1.81428638  0.00000000  1.47066290  1.45069651  1.06703908  1.22907031
2    0.96699655  1.47066290  0.00000000  0.83805615  0.70182403  1.11833262
3    1.05610013  1.45069651  0.83805615  0.00000000  0.62483186  1.13137050
4    1.00697582  1.06703908  0.70182403  0.62483186  0.00000000  0.84894187
5    1.09016412  1.22907031  1.11833262  1.13137050  0.84894187  0.00000000

--------------------------------------------------------------------------------
n=5
(result of R-step: (0,1:5)0.30259727)
V=[0, 1, 2, 3, 4]
total successes of this branch: 2
Matrix on 5 elements:

0    0.00000000  1.14240265  0.92602119  1.01512476  0.96600046
1    1.14240265  0.00000000  0.83975454  0.81978815  0.43613071
2    0.92602119  0.83975454  0.00000000  0.83805615  0.70182403
3    1.01512476  0.81978815  0.83805615  0.00000000  0.62483186
4    0.96600046  0.43613071  0.70182403  0.62483186  0.00000000

--------------------------------------------------------------------------------
n=4
(result of R-step: (0,1:3)0.42921147)
V=[0, 1, 2, 4]
total successes of this branch: 0
Matrix on 4 elements:

0    0.00000000  0.35183946  0.45797749  0.49795675
1    0.35183946  0.00000000  0.51723505  0.11361122
2    0.45797749  0.51723505  0.00000000  0.70182403
4    0.49795675  0.11361122  0.70182403  0.00000000
reason of abort: no pseudometric

--------------------------------------------------------------------------------
n=4
(result of R-step: (0,4:3)0.51325089)
V=[0, 1, 2, 4]
total successes of this branch: 1
Matrix on 4 elements:

0    0.00000000  0.63216275  0.41578129  0.34495549
1    0.63216275  0.00000000  0.83975454  0.32532565
2    0.41578129  0.83975454  0.00000000  0.59101896
4    0.34495549  0.32532565  0.59101896  0.00000000

--------------------------------------------------------------------------------
n=4
(result of R-step: (1,2:3)0.34454352)
V=[0, 1, 2, 4]
total successes of this branch: 0
Matrix on 4 elements:

0    0.00000000  0.77261649  0.51853920  0.96600046
1    0.77261649  0.00000000  0.06248638  0.06634455
2    0.51853920  0.06248638  0.00000000  0.29434203
4    0.96600046  0.06634455  0.29434203  0.00000000
reason of abort: no pseudometric

--------------------------------------------------------------------------------
n=4
(result of R-step: (2,3:0)0.32536323)
V=[1, 2, 3, 4]
total successes of this branch: 1
Matrix on 4 elements:

1    0.00000000  0.77133943  0.50381521  0.43613071
2    0.77133943  0.00000000  0.45366811  0.63340892
3    0.50381521  0.45366811  0.00000000  0.30885892
4    0.43613071  0.63340892  0.30885892  0.00000000

--------------------------------------------------------------------------------
n=4
(result of R-step: (2,4:3)0.75412713)
V=[0, 1, 2, 4]
total successes of this branch: 0
Matrix on 4 elements:

0    0.00000000  1.14240265  0.53734474  0.93286633
1    1.14240265  0.00000000  0.45107809  0.40299659
2    0.53734474  0.45107809  0.00000000  0.28001345
4    0.93286633  0.40299659  0.28001345  0.00000000
reason of abort: no pseudometric
