n=6
V=[0, 1, 2, 3, 4, 5]
total successes of this branch: 1
Matrix on 6 elements:

0    0.00000000  1.82451931  1.66931830  1.34632537  0.63128912  0.60014204
1    1.82451931  0.00000000  1.83840053  1.64881842  1.26856210  1.85933615
2    1.66931830  1.83840053  0.00000000  1.65539400  1.48244981  1.75782629
3    1.34632537  1.64881842  1.65539400  0.00000000  1.21568601  1.04159659
4    0.63128912  1.26856210  1.48244981  1.21568601  0.00000000  0.91837066
5    0.60014204  1.85933615  1.75782629  1.04159659  0.91837066  0.00000000

--------------------------------------------------------------------------------
n=5
(result of R-step: (0,3:5)0.66811547)
V=[0, 1, 2, 3, 4]
total successes of this branch: 1
Matrix on 5 elements:

0    0.00000000  1.77947603  1.62427502  1.22751166  0.58624584
1    1.77947603  0.00000000  1.83840053  1.57504798  1.26856210
2    1.62427502  1.83840053  0.00000000  1.58162356  1.48244981
3    1.22751166  1.57504798  1.58162356  0.00000000  1.14191558
4    0.58624584  1.26856210  1.48244981  1.14191558  0.00000000

--------------------------------------------------------------------------------
n=4
(result of R-step: (0,1:4)0.57852646)
V=[0, 1, 2, 3]
total successes of this branch: 1
Matrix on 4 elements:

0    0.00000000  1.16148624  1.56523086  1.16846749
1    1.16148624  0.00000000  1.27945491  1.01610236
2    1.56523086  1.27945491  0.00000000  1.58162356
3    1.16846749  1.01610236  1.58162356  0.00000000
