n=6
V=[0, 1, 2, 3, 4, 5]
total successes of this branch: 2
Matrix on 6 elements:

0    0.00000000  2.38088153  2.39318628  3.17450017  1.40640156  2.71062875
1    2.38088153  0.00000000  1.48092330  1.49646394  1.51612202  0.96586963
2    2.39318628  1.48092330  0.00000000  2.21214008  1.38397593  1.75427489
3    3.17450017  1.49646394  2.21214008  0.00000000  2.27215544  0.69840475
4    1.40640156  1.51612202  1.38397593  2.27215544  0.00000000  1.81190162
5    2.71062875  0.96586963  1.75427489  0.69840475  1.81190162  0.00000000

--------------------------------------------------------------------------------
n=5
(result of R-step: (1,3:5)0.09625068)
V=[0, 1, 2, 3, 4]
total successes of this branch: 2
Matrix on 5 elements:

0    0.00000000  2.37606886  2.39318628  2.65341864  1.40640156
1    2.37606886  0.00000000  1.47611064  0.97056974  1.51130935
2    2.39318628  1.47611064  0.00000000  1.69105855  1.38397593
3    2.65341864  0.97056974  1.69105855  0.00000000  1.75107390
4    1.40640156  1.51130935  1.38397593  1.75107390  0.00000000

--------------------------------------------------------------------------------
n=4
(result of R-step: (1,2:3)0.73980614)
V=[0, 1, 2, 4]
total successes of this branch: 1
Matrix on 4 elements:

0    0.00000000  2.16412220  1.76648642  1.40640156
1    2.16412220  0.00000000  0.63746411  1.29936269
2    1.76648642  0.63746411  0.00000000  0.75727607
4    1.40640156  1.29936269  0.75727607  0.00000000

--------------------------------------------------------------------------------
n=4
(result of R-step: (1,4:0)0.12246259)
V=[1, 2, 3, 4]
total successes of this branch: 1
Matrix on 4 elements:

1    0.00000000  1.26416397  0.75862308  1.17207728
2    1.26416397  0.00000000  1.69105855  1.25669052
3    0.75862308  1.69105855  0.00000000  1.62378850
4    1.17207728  1.25669052  1.62378850  0.00000000

--------------------------------------------------------------------------------
n=4
(result of R-step: (3,4:0)0.17037868)
V=[1, 2, 3, 4]
total successes of this branch: 0
Matrix on 4 elements:

1    0.00000000  1.47611064  0.25510352  1.42020400
2    1.47611064  0.00000000  0.97559233  1.29287058
3    0.25510352  0.97559233  0.00000000  0.94450233
4    1.42020400  1.29287058  0.94450233  0.00000000
reason of abort: no pseudometric
