n=6
V=[0, 1, 2, 3, 4, 5]
total successes of this branch: 2
Matrix on 6 elements:

0    0.00000000  2.67587271  2.09420499  1.61131265  2.11986670  2.20815508
1    2.67587271  0.00000000  2.22772347  2.51044272  0.99117033  1.55402884
2    2.09420499  2.22772347  0.00000000  2.15344306  1.50187919  1.41221533
3    1.61131265  2.51044272  2.15344306  0.00000000  2.04534125  2.18392231
4    2.11986670  0.99117033  1.50187919  2.04534125  0.00000000  0.75151809
5    2.20815508  1.55402884  1.41221533  2.18392231  0.75151809  0.00000000

--------------------------------------------------------------------------------
n=5
(result of R-step: (2,4:5)0.37598205)
V=[0, 1, 2, 3, 4]
total successes of this branch: 2
Matrix on 5 elements:

0    0.00000000  2.67587271  1.59274617  1.61131265  2.04863338
1    2.67587271  0.00000000  1.72626465  2.51044272  0.91993701
2    1.59274617  1.72626465  0.00000000  1.65198424  0.92918705
3    1.61131265  2.51044272  1.65198424  0.00000000  1.97410793
4    2.04863338  0.91993701  0.92918705  1.97410793  0.00000000

--------------------------------------------------------------------------------
n=4
(result of R-step: (1,2:4)0.59538289)
V=[0, 1, 2, 3]
total successes of this branch: 1
Matrix on 4 elements:

0    0.00000000  2.33117974  1.48105242  1.61131265
1    2.33117974  0.00000000  1.26987793  2.16574975
2    1.48105242  1.26987793  0.00000000  1.54029048
3    1.61131265  2.16574975  1.54029048  0.00000000

--------------------------------------------------------------------------------
n=4
(result of R-step: (2,3:0)0.34863679)
V=[1, 2, 3, 4]
total successes of this branch: 1
Matrix on 4 elements:

1    0.00000000  1.61457090  2.05252090  0.91993701
2    1.61457090  0.00000000  1.08236865  0.81749329
3    2.05252090  1.08236865  0.00000000  1.51618610
4    0.91993701  0.81749329  1.51618610  0.00000000
