n=6
V=[0, 1, 2, 3, 4, 5]
total successes of this branch: 2
Matrix on 6 elements:

0    0.00000000  0.81316447  0.61855977  1.07939644  0.36909274  0.41737061
1    0.81316447  0.00000000  0.71353488  1.47661829  0.90273833  0.96927392
2    0.61855977  0.71353488  0.00000000  1.31146543  0.70326584  0.77022159
3    1.07939644  1.47661829  1.31146543  0.00000000  1.17657059  1.24245019
4    0.36909274  0.90273833  0.70326584  1.17657059  0.00000000  0.30879137
5    0.41737061  0.96927392  0.77022159  1.24245019  0.30879137  0.00000000

--------------------------------------------------------------------------------
n=5
(result of R-step: (0,4:5)0.08631252)
V=[0, 1, 2, 3, 4]
total successes of this branch: 2
Matrix on 5 elements:

0    0.00000000  0.77917026  0.58456556  1.04540223  0.22419239
1    0.77917026  0.00000000  0.71353488  1.47661829  0.79183218
2    0.58456556  0.71353488  0.00000000  1.31146543  0.59235970
3    1.04540223  1.47661829  1.31146543  0.00000000  1.06566445
4    0.22419239  0.79183218  0.59235970  1.06566445  0.00000000

--------------------------------------------------------------------------------
n=4
(result of R-step: (0,1:2)0.25156643)
V=[0, 1, 3, 4]
total successes of this branch: 0
Matrix on 4 elements:

0    0.00000000  0.28013212  0.92996204  0.10875220
1    0.28013212  0.00000000  1.09302034  0.40823423
3    0.92996204  1.09302034  0.00000000  1.06566445
4    0.10875220  0.40823423  1.06566445  0.00000000
reason of abort: no pseudometric

--------------------------------------------------------------------------------
n=4
(result of R-step: (0,1:3)0.73881946)
V=[0, 1, 2, 4]
total successes of this branch: 1
Matrix on 4 elements:

0    0.00000000  0.28086094  0.48394387  0.12357070
1    0.28086094  0.00000000  0.31584724  0.39414455
2    0.48394387  0.31584724  0.00000000  0.59235970
4    0.12357070  0.39414455  0.59235970  0.00000000

--------------------------------------------------------------------------------
n=4
(result of R-step: (0,2:3)0.66799645)
V=[0, 1, 2, 4]
total successes of this branch: 0
Matrix on 4 elements:

0    0.00000000  0.68030358  0.18187908  0.12532571
1    0.68030358  0.00000000  0.40971508  0.79183218
2    0.18187908  0.40971508  0.00000000  0.28853990
4    0.12532571  0.79183218  0.28853990  0.00000000
reason of abort: no pseudometric

--------------------------------------------------------------------------------
n=4
(result of R-step: (1,4:2)0.79550745)
V=[0, 1, 3, 4]
total successes of this branch: 1
Matrix on 4 elements:

0    0.00000000  0.38148262  1.04540223  0.11766735
1    0.38148262  0.00000000  1.07893065  0.28761952
3    1.04540223  1.07893065  0.00000000  0.95913941
4    0.11766735  0.28761952  0.95913941  0.00000000

--------------------------------------------------------------------------------
n=4
(result of R-step: (1,4:3)0.23536992)
V=[0, 1, 2, 4]
total successes of this branch: 0
Matrix on 4 elements:

0    0.00000000  0.39557231  0.58456556  0.10079531
1    0.39557231  0.00000000  0.32993693  0.28483716
2    0.58456556  0.32993693  0.00000000  0.46896262
4    0.10079531  0.28483716  0.46896262  0.00000000
reason of abort: no pseudometric

--------------------------------------------------------------------------------
n=4
(result of R-step: (2,4:3)0.31099366)
V=[0, 1, 2, 4]
total successes of this branch: 0
Matrix on 4 elements:

0    0.00000000  0.77917026  0.27235698  0.09915125
1    0.77917026  0.00000000  0.40132630  0.66679105
2    0.27235698  0.40132630  0.00000000  0.15510998
4    0.09915125  0.66679105  0.15510998  0.00000000
reason of abort: no pseudometric
