n=6
V=[0, 1, 2, 3, 4, 5]
total successes of this branch: 1
Matrix on 6 elements:

0    0.00000000  1.11589365  1.09738446  1.19430550  1.58771823  0.83070795
1    1.11589365  0.00000000  0.74747867  0.74113785  2.11012421  1.05389830
2    1.09738446  0.74747867  0.00000000  0.68756593  1.95396387  0.92920259
3    1.19430550  0.74113785  0.68756593  0.00000000  2.14650315  0.85750762
4    1.58771823  2.11012421  1.95396387  2.14650315  0.00000000  1.36530209
5    0.83070795  1.05389830  0.92920259  0.85750762  1.36530209  0.00000000

--------------------------------------------------------------------------------
n=5
(result of R-step: (3,4:5)0.30670738)
V=[0, 1, 2, 3, 4]
total successes of this branch: 1
Matrix on 5 elements:

0    0.00000000  1.11589365  1.09738446  1.18501241  0.61893436
1    1.11589365  0.00000000  0.74747867  0.73184476  1.14134034
2    1.09738446  0.74747867  0.00000000  0.67827284  0.98518000
3    1.18501241  0.73184476  0.67827284  0.00000000  1.16842619
4    0.61893436  1.14134034  0.98518000  1.16842619  0.00000000

--------------------------------------------------------------------------------
n=4
(result of R-step: (0,2:4)0.69612851)
V=[0, 1, 2, 3]
total successes of this branch: 1
Matrix on 4 elements:

0    0.00000000  1.00953900  0.85304071  1.07865775
1    1.00953900  0.00000000  0.60948958  0.73184476
2    0.85304071  0.60948958  0.00000000  0.54028375
3    1.07865775  0.73184476  0.54028375  0.00000000

--------------------------------------------------------------------------------
n=4
(result of R-step: (1,4:0)0.48078336)
V=[1, 2, 3, 4]
total successes of this branch: 0
reason of abort: negative delta/dxy
