n=6
V=[0, 1, 2, 3, 4, 5]
total successes of this branch: 1
Matrix on 6 elements:

0    0.00000000  2.18198935  1.57231400  1.71967728  1.88766961  1.56307831
1    2.18198935  0.00000000  2.20081278  2.48182196  0.90572500  2.60728920
2    1.57231400  2.20081278  0.00000000  1.08933209  1.82577420  1.38213790
3    1.71967728  2.48182196  1.08933209  0.00000000  1.96041968  0.60717347
4    1.88766961  0.90572500  1.82577420  1.96041968  0.00000000  2.13442928
5    1.56307831  2.60728920  1.38213790  0.60717347  2.13442928  0.00000000

--------------------------------------------------------------------------------
n=5
(result of R-step: (0,3:5)0.21376528)
V=[0, 1, 2, 3, 4]
total successes of this branch: 1
Matrix on 5 elements:

0    0.00000000  2.13182384  1.52214849  1.63771138  1.83750410
1    2.13182384  0.00000000  2.20081278  2.45002158  0.90572500
2    1.52214849  2.20081278  0.00000000  1.05753171  1.82577420
3    1.63771138  2.45002158  1.05753171  0.00000000  1.92861929
4    1.83750410  0.90572500  1.82577420  1.92861929  0.00000000

--------------------------------------------------------------------------------
n=4
(result of R-step: (1,2:4)0.70991526)
V=[0, 1, 2, 3]
total successes of this branch: 0
Matrix on 4 elements:

0    0.00000000  1.86083021  0.86570952  1.63771138
1    1.86083021  0.00000000  1.27338018  2.17902795
2    0.86570952  1.27338018  0.00000000  0.40109274
3    1.63771138  2.17902795  0.40109274  0.00000000
reason of abort: no pseudometric

--------------------------------------------------------------------------------
n=4
(result of R-step: (1,3:4)0.87565814)
V=[0, 1, 2, 3]
total successes of this branch: 1
Matrix on 4 elements:

0    0.00000000  1.65563022  1.52214849  1.57289477
1    1.65563022  0.00000000  1.72461916  1.90901135
2    1.52214849  1.72461916  0.00000000  0.99271509
3    1.57289477  1.90901135  0.99271509  0.00000000
