n=6
V=[0, 1, 2, 3, 4, 5]
total successes of this branch: 2
Matrix on 6 elements:

0    0.00000000  1.52656844  1.12351449  0.74768105  1.01434705  1.11410397
1    1.52656844  0.00000000  0.94079857  1.32155658  0.84882050  0.84330683
2    1.12351449  0.94079857  0.00000000  0.90937113  0.63019417  0.15166066
3    0.74768105  1.32155658  0.90937113  0.00000000  0.86399020  0.90232749
4    1.01434705  0.84882050  0.63019417  0.86399020  0.00000000  0.57298022
5    1.11410397  0.84330683  0.15166066  0.90232749  0.57298022  0.00000000

--------------------------------------------------------------------------------
n=5
(result of R-step: (1,2:5)0.25919884)
V=[0, 1, 2, 3, 4]
total successes of this branch: 2
Matrix on 5 elements:

0    0.00000000  1.02455271  1.10887602  0.74768105  1.01434705
1    1.02455271  0.00000000  0.42414438  0.81954086  0.34680477
2    1.10887602  0.42414438  0.00000000  0.89473266  0.61555570
3    0.74768105  0.81954086  0.89473266  0.00000000  0.86399020
4    1.01434705  0.34680477  0.61555570  0.86399020  0.00000000

--------------------------------------------------------------------------------
n=4
(result of R-step: (0,1:2)0.26177790)
V=[0, 1, 3, 4]
total successes of this branch: 0
Matrix on 4 elements:

0    0.00000000  0.48881549  0.25389327  0.52055926
1    0.48881549  0.00000000  0.77759141  0.30485533
3    0.25389327  0.77759141  0.00000000  0.86399020
4    0.52055926  0.30485533  0.86399020  0.00000000
reason of abort: no pseudometric

--------------------------------------------------------------------------------
n=4
(result of R-step: (0,2:3)0.72891667)
V=[0, 1, 2, 4]
total successes of this branch: 1
Matrix on 4 elements:

0    0.00000000  0.68889404  0.53582613  0.67868837
1    0.68889404  0.00000000  0.18675316  0.34680477
2    0.53582613  0.18675316  0.00000000  0.37816448
4    0.67868837  0.34680477  0.37816448  0.00000000

--------------------------------------------------------------------------------
n=4
(result of R-step: (0,4:2)0.05868236)
V=[0, 1, 3, 4]
total successes of this branch: 0
reason of abort: negative delta/dxy

--------------------------------------------------------------------------------
n=4
(result of R-step: (1,3:2)0.76774011)
V=[0, 1, 3, 4]
total successes of this branch: 1
Matrix on 4 elements:

0    0.00000000  0.96908576  0.49600441  1.01434705
1    0.96908576  0.00000000  0.51239726  0.29133782
3    0.49600441  0.51239726  0.00000000  0.61231355
4    1.01434705  0.29133782  0.61231355  0.00000000
