n=6
V=[0, 1, 2, 3, 4, 5]
total successes of this branch: 2
Matrix on 6 elements:

0    0.00000000  1.49466694  1.06043642  1.98886728  0.91689778  1.19956838
1    1.49466694  0.00000000  1.07369087  1.15221627  1.50422355  0.53271891
2    1.06043642  1.07369087  0.00000000  1.61613036  1.21507837  1.16620869
3    1.98886728  1.15221627  1.61613036  0.00000000  2.02596569  1.48632906
4    0.91689778  1.50422355  1.21507837  2.02596569  0.00000000  1.43355530
5    1.19956838  0.53271891  1.16620869  1.48632906  1.43355530  0.00000000

--------------------------------------------------------------------------------
n=5
(result of R-step: (0,1:5)0.28426099)
V=[0, 1, 2, 3, 4]
total successes of this branch: 2
Matrix on 5 elements:

0    0.00000000  1.42768326  1.00152683  1.92995769  0.85798819
1    1.42768326  0.00000000  1.06561678  1.14414219  1.49614947
2    1.00152683  1.06561678  0.00000000  1.61613036  1.21507837
3    1.92995769  1.14414219  1.61613036  0.00000000  2.02596569
4    0.85798819  1.49614947  1.21507837  2.02596569  0.00000000

--------------------------------------------------------------------------------
n=4
(result of R-step: (0,1:3)0.03605364)
V=[0, 1, 2, 4]
total successes of this branch: 1
Matrix on 4 elements:

0    0.00000000  1.13485998  0.98872159  0.84518296
1    1.13485998  0.00000000  0.78559874  1.21613143
2    0.98872159  0.78559874  0.00000000  1.21507837
4    0.84518296  1.21613143  1.21507837  0.00000000

--------------------------------------------------------------------------------
n=4
(result of R-step: (0,1:4)0.86169809)
V=[0, 1, 2, 3]
total successes of this branch: 1
Matrix on 4 elements:

0    0.00000000  0.94181439  0.73702056  1.66545143
1    0.94181439  0.00000000  0.84425417  0.92277957
2    0.73702056  0.84425417  0.00000000  1.61613036
3    1.66545143  0.92277957  1.61613036  0.00000000

--------------------------------------------------------------------------------
n=4
(result of R-step: (0,2:4)0.42905731)
V=[0, 1, 2, 3]
total successes of this branch: 0
Matrix on 4 elements:

0    0.00000000  1.41487803  0.54193371  1.91715246
1    1.41487803  0.00000000  0.61882890  1.14414219
2    0.54193371  0.61882890  0.00000000  1.16934248
3    1.91715246  1.14414219  1.16934248  0.00000000
reason of abort: no pseudometric

--------------------------------------------------------------------------------
n=4
(result of R-step: (0,3:4)0.83846105)
V=[0, 1, 2, 3]
total successes of this branch: 0
Matrix on 4 elements:

0    0.00000000  1.17009485  0.74393841  0.76391282
1    1.17009485  0.00000000  1.06561678  0.23568574
2    0.74393841  1.06561678  0.00000000  0.70767391
3    0.76391282  0.23568574  0.70767391  0.00000000
reason of abort: no pseudometric

--------------------------------------------------------------------------------
n=4
(result of R-step: (1,2:3)0.81016833)
V=[0, 1, 2, 4]
total successes of this branch: 0
Matrix on 4 elements:

0    0.00000000  1.20632065  0.55473894  0.85798819
1    1.20632065  0.00000000  0.39746628  1.27478686
2    0.55473894  0.39746628  0.00000000  0.76829049
4    0.85798819  1.27478686  0.76829049  0.00000000
reason of abort: no pseudometric

--------------------------------------------------------------------------------
n=4
(result of R-step: (1,4:3)0.93292261)
V=[0, 1, 2, 4]
total successes of this branch: 0
Matrix on 4 elements:

0    0.00000000  1.15794155  1.00152683  0.18946237
1    1.15794155  0.00000000  0.79587507  0.55788194
2    1.00152683  0.79587507  0.00000000  0.54655256
4    0.18946237  0.55788194  0.54655256  0.00000000
reason of abort: no pseudometric
