n=6
V=[0, 1, 2, 3, 4, 5]
total successes of this branch: 2
Matrix on 6 elements:

0    0.00000000  1.42335965  1.03073265  0.73414358  0.99701805  0.37060794
1    1.42335965  0.00000000  0.87585336  0.86469933  0.53253060  1.44616540
2    1.03073265  0.87585336  0.00000000  0.48306567  0.55612276  1.13734476
3    0.73414358  0.86469933  0.48306567  0.00000000  0.43544044  0.87229700
4    0.99701805  0.53253060  0.55612276  0.43544044  0.00000000  1.06941767
5    0.37060794  1.44616540  1.13734476  0.87229700  1.06941767  0.00000000

--------------------------------------------------------------------------------
n=5
(result of R-step: (0,1:5)0.88949744)
V=[0, 1, 2, 3, 4]
total successes of this branch: 2
Matrix on 5 elements:

0    0.00000000  1.11796150  0.98036916  0.68378010  0.94665456
1    1.11796150  0.00000000  0.62081870  0.60966467  0.27749594
2    0.98036916  0.62081870  0.00000000  0.48306567  0.55612276
3    0.68378010  0.60966467  0.48306567  0.00000000  0.43544044
4    0.94665456  0.27749594  0.55612276  0.43544044  0.00000000

--------------------------------------------------------------------------------
n=4
(result of R-step: (0,1:4)0.38372407)
V=[0, 1, 2, 3]
total successes of this branch: 0
Matrix on 4 elements:

0    0.00000000  0.47660521  0.38052941  0.08394035
1    0.47660521  0.00000000  0.57930215  0.56814812
2    0.38052941  0.57930215  0.00000000  0.48306567
3    0.08394035  0.56814812  0.48306567  0.00000000
reason of abort: no pseudometric

--------------------------------------------------------------------------------
n=4
(result of R-step: (1,3:4)0.64034818)
V=[0, 1, 2, 3]
total successes of this branch: 1
Matrix on 4 elements:

0    0.00000000  1.06066319  0.98036916  0.60009417
1    1.06066319  0.00000000  0.56352039  0.46868044
2    0.98036916  0.56352039  0.00000000  0.39937975
3    0.60009417  0.46868044  0.39937975  0.00000000

--------------------------------------------------------------------------------
n=4
(result of R-step: (2,3:0)0.02663500)
V=[1, 2, 3, 4]
total successes of this branch: 1
Matrix on 4 elements:

1    0.00000000  0.58007920  0.52597875  0.27749594
2    0.58007920  0.00000000  0.35864024  0.51538326
3    0.52597875  0.35864024  0.00000000  0.35175452
4    0.27749594  0.51538326  0.35175452  0.00000000
