n=6
V=[0, 1, 2, 3, 4, 5]
total successes of this branch: 2
Matrix on 6 elements:

0    0.00000000  0.85761344  1.66062014  1.60602960  0.98743577  0.99835216
1    0.85761344  0.00000000  1.42061228  1.18485633  0.74457860  0.43241924
2    1.66062014  1.42061228  0.00000000  2.01370646  1.00592974  1.08026998
3    1.60602960  1.18485633  2.01370646  0.00000000  1.33713336  1.33240698
4    0.98743577  0.74457860  1.00592974  1.33713336  0.00000000  0.74254521
5    0.99835216  0.43241924  1.08026998  1.33240698  0.74254521  0.00000000

--------------------------------------------------------------------------------
n=5
(result of R-step: (1,2:5)0.73641532)
V=[0, 1, 2, 3, 4]
total successes of this branch: 2
Matrix on 5 elements:

0    0.00000000  0.77010226  1.46138457  1.60602960  0.98743577
1    0.77010226  0.00000000  1.13386553  1.09734514  0.65706742
2    1.46138457  1.13386553  0.00000000  1.81447089  0.80669417
3    1.60602960  1.09734514  1.81447089  0.00000000  1.33713336
4    0.98743577  0.65706742  0.80669417  1.33713336  0.00000000

--------------------------------------------------------------------------------
n=4
(result of R-step: (0,3:1)0.15917884)
V=[0, 2, 3, 4]
total successes of this branch: 1
Matrix on 4 elements:

0    0.00000000  1.32279809  0.59561641  0.84884929
2    1.32279809  0.00000000  0.94264417  0.80669417
3    0.59561641  0.94264417  0.00000000  0.46530664
4    0.84884929  0.80669417  0.46530664  0.00000000

--------------------------------------------------------------------------------
n=4
(result of R-step: (1,2:0)0.68578604)
V=[1, 2, 3, 4]
total successes of this branch: 1
Matrix on 4 elements:

1    0.00000000  0.40152729  1.00221902  0.56194129
2    0.40152729  0.00000000  1.17725878  0.16948206
3    1.00221902  1.17725878  0.00000000  1.33713336
4    0.56194129  0.16948206  1.33713336  0.00000000

--------------------------------------------------------------------------------
n=4
(result of R-step: (1,4:0)0.68046149)
V=[1, 2, 3, 4]
total successes of this branch: 0
Matrix on 4 elements:

1    0.00000000  1.03975217  1.00323179  0.39354755
2    1.03975217  0.00000000  1.81447089  0.63728766
3    1.00323179  1.81447089  0.00000000  1.16772685
4    0.39354755  0.63728766  1.16772685  0.00000000
reason of abort: no pseudometric

--------------------------------------------------------------------------------
n=4
(result of R-step: (2,3:0)0.03960548)
V=[1, 2, 3, 4]
total successes of this branch: 0
Matrix on 4 elements:

1    0.00000000  0.53463068  0.12750626  0.65706742
2    0.53463068  0.00000000  0.24539715  0.20745933
3    0.12750626  0.24539715  0.00000000  0.36729447
4    0.65706742  0.20745933  0.36729447  0.00000000
reason of abort: no pseudometric

--------------------------------------------------------------------------------
n=4
(result of R-step: (3,4:0)0.95446084)
V=[1, 2, 3, 4]
total successes of this branch: 0
Matrix on 4 elements:

1    0.00000000  1.13386553  0.12699068  0.45518239
2    1.13386553  0.00000000  0.84411642  0.60480915
3    0.12699068  0.84411642  0.00000000  0.16489387
4    0.45518239  0.60480915  0.16489387  0.00000000
reason of abort: no pseudometric
