n=7
V=[0, 1, 2, 3, 4, 5, 6]
total successes of this branch: 1
Matrix on 7 elements:

0    0.00000000  1.31527603  0.92042104  1.02042129  0.96898063  0.95101771  0.94006502
1    1.31527603  0.00000000  1.08170616  0.95908274  1.02216087  1.04418757  1.05761811
2    0.92042104  1.08170616  0.00000000  0.72014608  0.58370385  0.46156059  0.36345035
3    1.02042129  0.95908274  0.72014608  0.00000000  0.59134565  0.63899087  0.66804201
4    0.96898063  1.02216087  0.58370385  0.59134565  0.00000000  0.37565440  0.45012989
5    0.95101771  1.04418757  0.46156059  0.63899087  0.37565440  0.00000000  0.28559703
6    0.94006502  1.05761811  0.36345035  0.66804201  0.45012989  0.28559703  0.00000000

--------------------------------------------------------------------------------
n=6
(result of R-step: (0,3:1)0.39047777)
V=[0, 2, 3, 4, 5, 6]
total successes of this branch: 1
Matrix on 6 elements:

0    0.00000000  0.39548794  0.26803648  0.44404753  0.42608461  0.41513191
2    0.39548794  0.00000000  0.49269437  0.58370385  0.46156059  0.36345035
3    0.26803648  0.49269437  0.00000000  0.36389394  0.41153916  0.44059030
4    0.44404753  0.58370385  0.36389394  0.00000000  0.37565440  0.45012989
5    0.42608461  0.46156059  0.41153916  0.37565440  0.00000000  0.28559703
6    0.41513191  0.36345035  0.44059030  0.45012989  0.28559703  0.00000000

--------------------------------------------------------------------------------
n=5
(result of R-step: (2,5:6)0.35797016)
V=[0, 2, 3, 4, 5]
total successes of this branch: 1
Matrix on 5 elements:

0    0.00000000  0.30174455  0.26803648  0.44404753  0.33234121
2    0.30174455  0.00000000  0.39895097  0.48996045  0.27407380
3    0.26803648  0.39895097  0.00000000  0.36389394  0.31779576
4    0.44404753  0.48996045  0.36389394  0.00000000  0.28191100
5    0.33234121  0.27407380  0.31779576  0.28191100  0.00000000

--------------------------------------------------------------------------------
n=4
(result of R-step: (0,3:5)0.24184841)
V=[0, 2, 3, 4]
total successes of this branch: 0
reason of abort: negative delta/dxy

--------------------------------------------------------------------------------
n=4
(result of R-step: (0,5:2)0.59885205)
V=[0, 3, 4, 5]
total successes of this branch: 0
reason of abort: negative delta/dxy

--------------------------------------------------------------------------------
n=4
(result of R-step: (2,4:5)0.36991507)
V=[0, 2, 3, 4]
total successes of this branch: 1
Matrix on 4 elements:

0    0.00000000  0.26873237  0.26803648  0.31729196
2    0.26873237  0.00000000  0.36593880  0.33019271
3    0.26803648  0.36593880  0.00000000  0.23713837
4    0.31729196  0.33019271  0.23713837  0.00000000

--------------------------------------------------------------------------------
n=4
(result of R-step: (3,4:2)0.63458441)
V=[0, 3, 4, 5]
total successes of this branch: 0
reason of abort: negative delta/dxy
