n=7
V=[0, 1, 2, 3, 4, 5, 6]
total successes of this branch: 1
Matrix on 7 elements:

0    0.00000000  1.57094550  1.39154410  1.09474152  1.15243351  1.51556993  1.11522464
1    1.57094550  0.00000000  1.51417571  1.56800461  1.21368910  0.72002469  1.56428974
2    1.39154410  1.51417571  0.00000000  1.37532858  1.44801833  1.15959988  1.29450003
3    1.09474152  1.56800461  1.37532858  0.00000000  1.31268836  1.50853158  0.28494301
4    1.15243351  1.21368910  1.44801833  1.31268836  0.00000000  1.28601916  1.32202784
5    1.51556993  0.72002469  1.15959988  1.50853158  1.28601916  0.00000000  1.48445089
6    1.11522464  1.56428974  1.29450003  0.28494301  1.32202784  1.48445089  0.00000000

--------------------------------------------------------------------------------
n=6
(result of R-step: (2,3:6)0.06901262)
V=[0, 1, 2, 3, 4, 5]
total successes of this branch: 1
Matrix on 6 elements:

0    0.00000000  1.57094550  1.28948687  0.99268429  1.15243351  1.51556993
1    1.57094550  0.00000000  1.41211848  1.46594738  1.21368910  0.72002469
2    1.28948687  1.41211848  0.00000000  1.17121412  1.34596110  1.05754265
3    0.99268429  1.46594738  1.17121412  0.00000000  1.21063113  1.40647435
4    1.15243351  1.21368910  1.34596110  1.21063113  0.00000000  1.28601916
5    1.51556993  0.72002469  1.05754265  1.40647435  1.28601916  0.00000000

--------------------------------------------------------------------------------
n=5
(result of R-step: (1,2:5)0.69133147)
V=[0, 1, 2, 3, 4]
total successes of this branch: 1
Matrix on 5 elements:

0    0.00000000  1.38822107  1.20881966  0.99268429  1.15243351
1    1.38822107  0.00000000  1.14872684  1.28322295  1.03096467
2    1.20881966  1.14872684  0.00000000  1.09054691  1.26529390
3    0.99268429  1.28322295  1.09054691  0.00000000  1.21063113
4    1.15243351  1.03096467  1.26529390  1.21063113  0.00000000

--------------------------------------------------------------------------------
n=4
(result of R-step: (0,4:2)0.41349974)
V=[0, 1, 3, 4]
total successes of this branch: 0
reason of abort: negative delta/dxy

--------------------------------------------------------------------------------
n=4
(result of R-step: (1,3:2)0.28072269)
V=[0, 1, 3, 4]
total successes of this branch: 1
Matrix on 4 elements:

0    0.00000000  1.17335694  0.55806896  1.15243351
1    1.17335694  0.00000000  0.63374349  0.81610054
3    0.55806896  0.63374349  0.00000000  0.77601580
4    1.15243351  0.81610054  0.77601580  0.00000000

--------------------------------------------------------------------------------
n=4
(result of R-step: (2,4:1)0.92477700)
V=[0, 2, 3, 4]
total successes of this branch: 0
reason of abort: negative delta/dxy

--------------------------------------------------------------------------------
n=4
(result of R-step: (3,4:2)0.14896821)
V=[0, 1, 3, 4]
total successes of this branch: 0
reason of abort: negative delta/dxy
