n=7
V=[0, 1, 2, 3, 4, 5, 6]
total successes of this branch: 2
Matrix on 7 elements:

0    0.00000000  1.13363880  1.00298146  0.94835132  0.98790809  0.99167612  1.01278525
1    1.13363880  0.00000000  1.12481670  1.12672289  1.12534265  1.12521117  1.05207088
2    1.00298146  1.12481670  0.00000000  0.80477519  0.49195972  0.43652593  0.22806222
3    0.94835132  1.12672289  0.80477519  0.00000000  0.68557478  0.71537242  0.82893233
4    0.98790809  1.12534265  0.49195972  0.68557478  0.00000000  0.32564001  0.53948520
5    0.99167612  1.12521117  0.43652593  0.71537242  0.32564001  0.00000000  0.48820098
6    1.01278525  1.05207088  0.22806222  0.82893233  0.53948520  0.48820098  0.00000000

--------------------------------------------------------------------------------
n=6
(result of R-step: (1,2:6)0.07503435)
V=[0, 1, 2, 3, 4, 5]
total successes of this branch: 2
Matrix on 6 elements:

0    0.00000000  1.05598061  0.92532326  0.94835132  0.98790809  0.99167612
1    1.05598061  0.00000000  0.96950031  1.04906469  1.04768445  1.04755298
2    0.92532326  0.96950031  0.00000000  0.72711700  0.41430153  0.35886774
3    0.94835132  1.04906469  0.72711700  0.00000000  0.68557478  0.71537242
4    0.98790809  1.04768445  0.41430153  0.68557478  0.00000000  0.32564001
5    0.99167612  1.04755298  0.35886774  0.71537242  0.32564001  0.00000000

--------------------------------------------------------------------------------
n=5
(result of R-step: (1,3:0)0.86970858)
V=[1, 2, 3, 4, 5]
total successes of this branch: 2
Matrix on 5 elements:

1    0.00000000  0.43375013  0.32693485  0.51193427  0.51180280
2    0.43375013  0.00000000  0.54073734  0.41430153  0.35886774
3    0.32693485  0.54073734  0.00000000  0.49919513  0.52899276
4    0.51193427  0.41430153  0.49919513  0.00000000  0.32564001
5    0.51180280  0.35886774  0.52899276  0.32564001  0.00000000

--------------------------------------------------------------------------------
n=4
(result of R-step: (1,2:4)0.02267149)
V=[1, 2, 3, 5]
total successes of this branch: 0
reason of abort: negative delta/dxy

--------------------------------------------------------------------------------
n=4
(result of R-step: (1,5:4)0.30776101)
V=[1, 2, 3, 5]
total successes of this branch: 0
Matrix on 4 elements:

1    0.00000000  0.23025373  0.12343846  0.21026284
2    0.23025373  0.00000000  0.54073734  0.26082418
3    0.12343846  0.54073734  0.00000000  0.43094920
5    0.21026284  0.26082418  0.43094920  0.00000000
reason of abort: no pseudometric

--------------------------------------------------------------------------------
n=4
(result of R-step: (2,3:1)0.35115115)
V=[2, 3, 4, 5]
total successes of this branch: 1
Matrix on 4 elements:

2    0.00000000  0.41046755  0.35685661  0.30142282
3    0.41046755  0.00000000  0.42637025  0.45616788
4    0.35685661  0.42637025  0.00000000  0.32564001
5    0.30142282  0.45616788  0.32564001  0.00000000

--------------------------------------------------------------------------------
n=4
(result of R-step: (3,5:4)0.15079534)
V=[1, 2, 3, 5]
total successes of this branch: 1
Matrix on 4 elements:

1    0.00000000  0.43375013  0.25410997  0.38352885
2    0.43375013  0.00000000  0.46791246  0.23059379
3    0.25410997  0.46791246  0.00000000  0.32789394
5    0.38352885  0.23059379  0.32789394  0.00000000
