n=7
V=[0, 1, 2, 3, 4, 5, 6]
total successes of this branch: 2
Matrix on 7 elements:

0    0.00000000  1.19204490  1.17960125  1.18728075  0.85776679  1.18203562  1.17562542
1    1.19204490  0.00000000  1.14364969  0.82769809  0.96583614  1.04349450  0.22486990
2    1.17960125  1.14364969  0.00000000  0.94764162  1.16509144  0.48282563  1.14470289
3    1.18728075  0.82769809  0.94764162  0.00000000  1.04215559  0.73191175  0.83823208
4    0.85776679  0.96583614  1.16509144  1.04215559  0.00000000  1.12612135  0.92756038
5    1.18203562  1.04349450  0.48282563  0.73191175  1.12612135  0.00000000  1.04755307
6    1.17562542  0.22486990  1.14470289  0.83823208  0.92756038  1.04755307  0.00000000

--------------------------------------------------------------------------------
n=6
(result of R-step: (1,4:6)0.95088078)
V=[0, 1, 2, 3, 4, 5]
total successes of this branch: 2
Matrix on 6 elements:

0    0.00000000  1.09874784  1.17960125  1.18728075  0.76446973  1.18203562
1    1.09874784  0.00000000  1.05035262  0.73440102  0.77924201  0.95019744
2    1.17960125  1.05035262  0.00000000  0.94764162  1.07179438  0.48282563
3    1.18728075  0.73440102  0.94764162  0.00000000  0.94885852  0.73191175
4    0.76446973  0.77924201  1.07179438  0.94885852  0.00000000  1.03282428
5    1.18203562  0.95019744  0.48282563  0.73191175  1.03282428  0.00000000

--------------------------------------------------------------------------------
n=5
(result of R-step: (2,3:5)0.68300465)
V=[0, 1, 2, 3, 4]
total successes of this branch: 2
Matrix on 5 elements:

0    0.00000000  1.09874784  1.04605337  1.05373287  0.76446973
1    1.09874784  0.00000000  0.91680474  0.60085315  0.77924201
2    1.04605337  0.91680474  0.00000000  0.68054586  0.93824650
3    1.05373287  0.60085315  0.68054586  0.00000000  0.81531064
4    0.76446973  0.77924201  0.93824650  0.81531064  0.00000000

--------------------------------------------------------------------------------
n=4
(result of R-step: (0,4:3)0.37464415)
V=[0, 1, 2, 4]
total successes of this branch: 0
reason of abort: negative delta/dxy

--------------------------------------------------------------------------------
n=4
(result of R-step: (1,2:3)0.61698629)
V=[0, 1, 2, 4]
total successes of this branch: 1
Matrix on 4 elements:

0    0.00000000  0.87626589  0.86365498  0.76446973
1    0.87626589  0.00000000  0.51192440  0.55676006
2    0.86365498  0.51192440  0.00000000  0.75584810
4    0.76446973  0.55676006  0.75584810  0.00000000

--------------------------------------------------------------------------------
n=4
(result of R-step: (2,4:0)0.29774296)
V=[1, 2, 3, 4]
total successes of this branch: 1
Matrix on 4 elements:

1    0.00000000  0.73440635  0.60085315  0.63216912
2    0.73440635  0.00000000  0.49814747  0.60877521
3    0.60085315  0.49814747  0.00000000  0.66823775
4    0.63216912  0.60877521  0.66823775  0.00000000
