n=7
V=[0, 1, 2, 3, 4, 5, 6]
total successes of this branch: 2
Matrix on 7 elements:

0    0.00000000  1.45095108  1.44752116  1.44850665  1.22086318  1.44867869  1.44830310
1    1.45095108  0.00000000  1.44367093  1.39945773  1.44995570  1.34428274  1.40858969
2    1.44752116  1.44367093  0.00000000  1.33400309  1.41162324  1.34172141  1.17024479
3    1.44850665  1.39945773  1.33400309  0.00000000  1.43285116  0.67066415  0.70491106
4    1.22086318  1.44995570  1.41162324  1.43285116  0.00000000  1.43405497  1.42846667
5    1.44867869  1.34428274  1.34172141  0.67066415  1.43405497  0.00000000  0.80926685
6    1.44830310  1.40858969  1.17024479  0.70491106  1.42846667  0.80926685  0.00000000

--------------------------------------------------------------------------------
n=6
(result of R-step: (2,3:6)0.20654378)
V=[0, 1, 2, 3, 4, 5]
total successes of this branch: 2
Matrix on 6 elements:

0    0.00000000  1.45095108  1.17694479  1.17793027  1.22086318  1.44867869
1    1.45095108  0.00000000  1.17309455  1.12888136  1.44995570  1.34428274
2    1.17694479  1.17309455  0.00000000  0.79285034  1.14104686  1.07114504
3    1.17793027  1.12888136  0.79285034  0.00000000  1.16227479  0.40008777
4    1.22086318  1.44995570  1.14104686  1.16227479  0.00000000  1.43405497
5    1.44867869  1.34428274  1.07114504  0.40008777  1.43405497  0.00000000

--------------------------------------------------------------------------------
n=5
(result of R-step: (1,3:5)0.07037909)
V=[0, 1, 2, 3, 4]
total successes of this branch: 2
Matrix on 5 elements:

0    0.00000000  1.14320650  1.17694479  1.14076207  1.22086318
1    1.14320650  0.00000000  0.86534998  0.78396858  1.14221113
2    1.17694479  0.86534998  0.00000000  0.75568214  1.14104686
3    1.14076207  0.78396858  0.75568214  0.00000000  1.12510659
4    1.22086318  1.14221113  1.14104686  1.12510659  0.00000000

--------------------------------------------------------------------------------
n=4
(result of R-step: (0,2:1)0.08884837)
V=[0, 2, 3, 4]
total successes of this branch: 0
Matrix on 4 elements:

0    0.00000000  0.32424512  0.70879788  0.78889900
2    0.32424512  0.00000000  0.33494666  0.72031138
3    0.70879788  0.33494666  0.00000000  1.12510659
4    0.78889900  0.72031138  1.12510659  0.00000000
reason of abort: no pseudometric

--------------------------------------------------------------------------------
n=4
(result of R-step: (0,3:1)0.28436737)
V=[0, 2, 3, 4]
total successes of this branch: 1
Matrix on 4 elements:

0    0.00000000  0.58446216  0.22010926  0.62838055
2    0.58446216  0.00000000  0.42751196  1.14104686
3    0.22010926  0.42751196  0.00000000  0.79693640
4    0.62838055  1.14104686  0.79693640  0.00000000

--------------------------------------------------------------------------------
n=4
(result of R-step: (1,2:3)0.57997027)
V=[0, 1, 2, 4]
total successes of this branch: 1
Matrix on 4 elements:

0    0.00000000  0.76636704  0.85503853  1.22086318
1    0.76636704  0.00000000  0.16660426  0.76537166
2    0.85503853  0.16660426  0.00000000  0.81914061
4    1.22086318  0.76537166  0.81914061  0.00000000

--------------------------------------------------------------------------------
n=4
(result of R-step: (2,4:1)0.80945140)
V=[0, 2, 3, 4]
total successes of this branch: 0
Matrix on 4 elements:

0    0.00000000  0.75071045  1.14076207  0.53679618
2    0.75071045  0.00000000  0.32944780  0.03074552
3    1.14076207  0.32944780  0.00000000  0.44103958
4    0.53679618  0.03074552  0.44103958  0.00000000
reason of abort: no pseudometric

--------------------------------------------------------------------------------
n=4
(result of R-step: (3,4:1)0.64875143)
V=[0, 2, 3, 4]
total successes of this branch: 0
Matrix on 4 elements:

0    0.00000000  1.17694479  0.82132735  0.59739077
2    1.17694479  0.00000000  0.43624741  0.51757444
3    0.82132735  0.43624741  0.00000000  0.18219945
4    0.59739077  0.51757444  0.18219945  0.00000000
reason of abort: no pseudometric
