n=7
V=[0, 1, 2, 3, 4, 5, 6]
total successes of this branch: 2
Matrix on 7 elements:

0    0.00000000  2.20491130  1.99971335  2.04983798  2.03781712  1.76749579  0.59481051
1    2.20491130  0.00000000  2.01752427  1.94883380  1.96530711  2.05793243  2.08617460
2    1.99971335  2.01752427  0.00000000  1.80501279  1.65258596  1.15505534  2.00093661
3    2.04983798  1.94883380  1.80501279  0.00000000  1.32184972  1.85780692  2.04290100
4    2.03781712  1.96530711  1.65258596  1.32184972  0.00000000  1.73565725  2.03283712
5    1.76749579  2.05793243  1.15505534  1.85780692  1.73565725  0.00000000  1.78744300
6    0.59481051  2.08617460  2.00093661  2.04290100  2.03283712  1.78744300  0.00000000

--------------------------------------------------------------------------------
n=6
(result of R-step: (0,1:6)0.93131992)
V=[0, 1, 2, 3, 4, 5]
total successes of this branch: 2
Matrix on 6 elements:

0    0.00000000  1.72883749  1.76167645  1.81180108  1.79978021  1.52945889
1    1.72883749  0.00000000  1.77948737  1.71079690  1.72727021  1.81989553
2    1.76167645  1.77948737  0.00000000  1.80501279  1.65258596  1.15505534
3    1.81180108  1.71079690  1.80501279  0.00000000  1.32184972  1.85780692
4    1.79978021  1.72727021  1.65258596  1.32184972  0.00000000  1.73565725
5    1.52945889  1.81989553  1.15505534  1.85780692  1.73565725  0.00000000

--------------------------------------------------------------------------------
n=5
(result of R-step: (0,2:5)0.21564010)
V=[0, 1, 2, 3, 4]
total successes of this branch: 2
Matrix on 5 elements:

0    0.00000000  1.50545550  1.07687557  1.58841909  1.57639823
1    1.50545550  0.00000000  1.31806848  1.71079690  1.72727021
2    1.07687557  1.31806848  0.00000000  1.34359390  1.19116707
3    1.58841909  1.71079690  1.34359390  0.00000000  1.32184972
4    1.57639823  1.72727021  1.19116707  1.32184972  0.00000000

--------------------------------------------------------------------------------
n=4
(result of R-step: (1,4:3)0.70967970)
V=[0, 1, 2, 4]
total successes of this branch: 1
Matrix on 4 elements:

0    0.00000000  0.69736714  1.07687557  1.51840429
1    0.69736714  0.00000000  0.50998011  0.86118790
2    1.07687557  0.50998011  0.00000000  1.13317313
4    1.51840429  0.86118790  1.13317313  0.00000000

--------------------------------------------------------------------------------
n=4
(result of R-step: (2,3:4)0.23981946)
V=[0, 1, 2, 3]
total successes of this branch: 1
Matrix on 4 elements:

0    0.00000000  1.50545550  0.95358301  1.00370764
1    1.50545550  0.00000000  1.19477593  1.12608545
2    0.95358301  1.19477593  0.00000000  0.63558990
3    1.00370764  1.12608545  0.63558990  0.00000000
