n=7
V=[0, 1, 2, 3, 4, 5, 6]
total successes of this branch: 1
Matrix on 7 elements:

0    0.00000000  2.69303432  1.78873949  2.47531577  2.60903163  1.46674372  2.66379086
1    2.69303432  0.00000000  1.93478307  1.07628009  0.89903325  1.29632254  0.35289408
2    1.78873949  1.93478307  0.00000000  1.66254525  1.82974513  1.86650564  1.89821671
3    2.47531577  1.07628009  1.66254525  0.00000000  0.96493047  1.73034900  1.03751647
4    2.60903163  0.89903325  1.82974513  0.96493047  0.00000000  1.69848161  0.60737467
5    1.46674372  1.29632254  1.86650564  1.73034900  1.69848161  0.00000000  1.43632428
6    2.66379086  0.35289408  1.89821671  1.03751647  0.60737467  1.43632428  0.00000000

--------------------------------------------------------------------------------
n=6
(result of R-step: (1,4:6)0.65187472)
V=[0, 1, 2, 3, 4, 5]
total successes of this branch: 1
Matrix on 6 elements:

0    0.00000000  2.66241657  1.78873949  2.47531577  2.57841388  1.46674372
1    2.66241657  0.00000000  1.90416532  1.04566234  0.83779774  1.26570479
2    1.78873949  1.90416532  0.00000000  1.66254525  1.79912738  1.86650564
3    2.47531577  1.04566234  1.66254525  0.00000000  0.93431272  1.73034900
4    2.57841388  0.83779774  1.79912738  0.93431272  0.00000000  1.66786385
5    1.46674372  1.26570479  1.86650564  1.73034900  1.66786385  0.00000000

--------------------------------------------------------------------------------
n=5
(result of R-step: (0,1:5)0.46751410)
V=[0, 1, 2, 3, 4]
total successes of this branch: 1
Matrix on 5 elements:

0    0.00000000  2.62300239  1.75372353  2.44029980  2.54339791
1    2.62300239  0.00000000  1.89976711  1.04126412  0.83339953
2    1.75372353  1.89976711  0.00000000  1.66254525  1.79912738
3    2.44029980  1.04126412  1.66254525  0.00000000  0.93431272
4    2.54339791  0.83339953  1.79912738  0.93431272  0.00000000

--------------------------------------------------------------------------------
n=4
(result of R-step: (0,3:2)0.23080030)
V=[0, 1, 3, 4]
total successes of this branch: 0
reason of abort: negative delta/dxy

--------------------------------------------------------------------------------
n=4
(result of R-step: (1,3:4)0.61416845)
V=[0, 1, 2, 3]
total successes of this branch: 1
Matrix on 4 elements:

0    0.00000000  2.26417654  1.75372353  2.04645799
1    2.26417654  0.00000000  1.54094126  0.28859647
2    1.75372353  1.54094126  0.00000000  1.26870344
3    2.04645799  0.28859647  1.26870344  0.00000000
