n=7
V=[0, 1, 2, 3, 4, 5, 6]
total successes of this branch: 2
Matrix on 7 elements:

0    0.00000000  0.99994880  0.99771558  0.97972089  0.90412629  0.97543500  0.91588599
1    0.99994880  0.00000000  0.93335014  0.94944946  0.97031540  0.95063247  0.45364552
2    0.99771558  0.93335014  0.00000000  0.94127097  0.96459345  0.94259326  0.94193363
3    0.97972089  0.94944946  0.94127097  0.00000000  0.87236290  0.50486158  0.95348633
4    0.90412629  0.97031540  0.96459345  0.87236290  0.00000000  0.85027485  0.96148871
5    0.97543500  0.95063247  0.94259326  0.50486158  0.85027485  0.00000000  0.95394003
6    0.91588599  0.45364552  0.94193363  0.95348633  0.96148871  0.95394003  0.00000000

--------------------------------------------------------------------------------
n=6
(result of R-step: (0,1:6)0.13335553)
V=[0, 1, 2, 3, 4, 5]
total successes of this branch: 2
Matrix on 6 elements:

0    0.00000000  0.63036608  0.81292423  0.79492953  0.71933493  0.79064364
1    0.63036608  0.00000000  0.74855878  0.76465810  0.78552404  0.76584111
2    0.81292423  0.74855878  0.00000000  0.94127097  0.96459345  0.94259326
3    0.79492953  0.76465810  0.94127097  0.00000000  0.87236290  0.50486158
4    0.71933493  0.78552404  0.96459345  0.87236290  0.00000000  0.85027485
5    0.79064364  0.76584111  0.94259326  0.50486158  0.85027485  0.00000000

--------------------------------------------------------------------------------
n=5
(result of R-step: (0,2:1)0.02483437)
V=[0, 2, 3, 4, 5]
total successes of this branch: 2
Matrix on 5 elements:

0    0.00000000  0.13717974  0.58133674  0.50574214  0.57705085
2    0.13717974  0.00000000  0.47911928  0.50244176  0.48044157
3    0.58133674  0.47911928  0.00000000  0.87236290  0.50486158
4    0.50574214  0.50244176  0.87236290  0.00000000  0.85027485
5    0.57705085  0.48044157  0.50486158  0.85027485  0.00000000

--------------------------------------------------------------------------------
n=4
(result of R-step: (0,3:2)0.78735923)
V=[0, 3, 4, 5]
total successes of this branch: 1
Matrix on 4 elements:

0    0.00000000  0.27973429  0.44552645  0.51683516
3    0.27973429  0.00000000  0.63097613  0.26347481
4    0.44552645  0.63097613  0.00000000  0.85027485
5    0.51683516  0.26347481  0.85027485  0.00000000

--------------------------------------------------------------------------------
n=4
(result of R-step: (0,3:4)0.77775510)
V=[0, 2, 3, 5]
total successes of this branch: 0
Matrix on 4 elements:

0    0.00000000  0.08107255  0.23060504  0.52094365
2    0.08107255  0.00000000  0.18449478  0.48044157
3    0.23060504  0.18449478  0.00000000  0.21023708
5    0.52094365  0.48044157  0.21023708  0.00000000
reason of abort: no pseudometric

--------------------------------------------------------------------------------
n=4
(result of R-step: (0,5:2)0.76504696)
V=[0, 3, 4, 5]
total successes of this branch: 0
Matrix on 4 elements:

0    0.00000000  0.52522954  0.44963494  0.25872114
3    0.52522954  0.00000000  0.87236290  0.24263907
4    0.44963494  0.87236290  0.00000000  0.58805233
5    0.25872114  0.24263907  0.58805233  0.00000000
reason of abort: no pseudometric

--------------------------------------------------------------------------------
n=4
(result of R-step: (0,5:4)0.82313720)
V=[0, 2, 3, 5]
total successes of this branch: 1
Matrix on 4 elements:

0    0.00000000  0.07696406  0.52112105  0.31687491
2    0.07696406  0.00000000  0.47911928  0.28048131
3    0.52112105  0.47911928  0.00000000  0.30490133
5    0.31687491  0.28048131  0.30490133  0.00000000

--------------------------------------------------------------------------------
n=4
(result of R-step: (3,4:2)0.00301868)
V=[0, 3, 4, 5]
total successes of this branch: 0
reason of abort: negative delta/dxy

--------------------------------------------------------------------------------
n=4
(result of R-step: (4,5:2)0.94375421)
V=[0, 3, 4, 5]
total successes of this branch: 0
reason of abort: negative delta/dxy
