n=7
V=[0, 1, 2, 3, 4, 5, 6]
total successes of this branch: 1
Matrix on 7 elements:

0    0.00000000  1.78681317  1.68698942  1.74179205  0.66178457  1.73885403  1.73983862
1    1.78681317  0.00000000  1.58880224  1.39798319  1.78528898  1.40821317  1.40478489
2    1.68698942  1.58880224  0.00000000  1.43204175  1.67903671  1.38644468  1.40172522
3    1.74179205  1.39798319  1.43204175  0.00000000  1.73940775  0.62712035  0.60266852
4    0.66178457  1.78528898  1.67903671  1.73940775  0.00000000  1.73617120  1.73725584
5    1.73885403  1.40821317  1.38644468  0.62712035  1.73617120  0.00000000  0.57860803
6    1.73983862  1.40478489  1.40172522  0.60266852  1.73725584  0.57860803  0.00000000

--------------------------------------------------------------------------------
n=6
(result of R-step: (1,4:0)0.02216814)
V=[1, 2, 3, 4, 5, 6]
total successes of this branch: 1
Matrix on 6 elements:

1    0.00000000  0.88626977  0.69545072  0.76968888  0.70568070  0.70225242
2    0.88626977  0.00000000  1.43204175  1.36596908  1.38644468  1.40172522
3    0.69545072  1.43204175  0.00000000  1.42634013  0.62712035  0.60266852
4    0.76968888  1.36596908  1.42634013  0.00000000  1.42310358  1.42418822
5    0.70568070  1.38644468  0.62712035  1.42310358  0.00000000  0.57860803
6    0.70225242  1.40172522  0.60266852  1.42418822  0.57860803  0.00000000

--------------------------------------------------------------------------------
n=5
(result of R-step: (3,5:6)0.33512118)
V=[1, 2, 3, 4, 5]
total successes of this branch: 1
Matrix on 5 elements:

1    0.00000000  0.88626977  0.41837262  0.76968888  0.42860260
2    0.88626977  0.00000000  1.15496365  1.36596908  1.10936658
3    0.41837262  1.15496365  0.00000000  1.14926203  0.07296415
4    0.76968888  1.36596908  1.14926203  0.00000000  1.14602548
5    0.42860260  1.10936658  0.07296415  1.14602548  0.00000000

--------------------------------------------------------------------------------
n=4
(result of R-step: (2,3:1)0.89693271)
V=[2, 3, 4, 5]
total successes of this branch: 0
reason of abort: negative delta/dxy

--------------------------------------------------------------------------------
n=4
(result of R-step: (2,5:1)0.83723697)
V=[2, 3, 4, 5]
total successes of this branch: 0
Matrix on 4 elements:

2    0.00000000  0.39879338  0.60979881  0.16801482
3    0.39879338  0.00000000  1.14926203 -0.11221734
4    0.60979881  1.14926203  0.00000000  0.96084399
5    0.16801482 -0.11221734  0.96084399  0.00000000
reason of abort: no pseudometric

--------------------------------------------------------------------------------
n=4
(result of R-step: (3,4:1)0.27576352)
V=[2, 3, 4, 5]
total successes of this branch: 1
Matrix on 4 elements:

2    0.00000000  1.14128011  0.76238443  1.10936658
3    1.14128011  0.00000000  0.53199383  0.05928061
4    0.76238443  0.53199383  0.00000000  0.54244082
5    1.10936658  0.05928061  0.54244082  0.00000000

--------------------------------------------------------------------------------
n=4
(result of R-step: (3,4:2)0.21231844)
V=[1, 3, 4, 5]
total successes of this branch: 0
Matrix on 4 elements:

1    0.00000000  0.28051522  0.17884875  0.42860260
3    0.28051522  0.00000000  0.42056450 -0.06489325
4    0.17884875  0.42056450  0.00000000  0.55518535
5    0.42860260 -0.06489325  0.55518535  0.00000000
reason of abort: no pseudometric

--------------------------------------------------------------------------------
n=4
(result of R-step: (4,5:1)0.69355677)
V=[2, 3, 4, 5]
total successes of this branch: 0
Matrix on 4 elements:

2    0.00000000  1.15496365  0.77512895  1.05253047
3    1.15496365  0.00000000  0.55842189  0.01612804
4    0.77512895  0.55842189  0.00000000  0.49834924
5    1.05253047  0.01612804  0.49834924  0.00000000
reason of abort: no pseudometric

--------------------------------------------------------------------------------
n=4
(result of R-step: (4,5:2)0.84918728)
V=[1, 3, 4, 5]
total successes of this branch: 0
reason of abort: negative delta/dxy
