n=7
V=[0, 1, 2, 3, 4, 5, 6]
total successes of this branch: 2
Matrix on 7 elements:

0    0.00000000  2.33221616  2.30805406  2.25520640  2.11137849  2.32511061  2.32620141
1    2.33221616  0.00000000  2.25318336  2.28171775  2.19385048  2.02708644  1.95766764
2    2.30805406  2.25318336  0.00000000  2.21452753  2.28691778  2.15899409  2.17345349
3    2.25520640  2.28171775  2.21452753  0.00000000  2.26541862  2.26195855  2.26499187
4    2.11137849  2.19385048  2.28691778  2.26541862  0.00000000  2.22121957  2.21701802
5    2.32511061  2.02708644  2.15899409  2.26195855  2.22121957  0.00000000  1.64430776
6    2.32620141  1.95766764  2.17345349  2.26499187  2.21701802  1.64430776  0.00000000

--------------------------------------------------------------------------------
n=6
(result of R-step: (3,4:0)0.73150638)
V=[1, 2, 3, 4, 5, 6]
total successes of this branch: 2
Matrix on 6 elements:

1    0.00000000  2.25318336  1.20663092  1.48597499  2.02708644  1.95766764
2    2.25318336  0.00000000  1.13944070  1.57904229  2.15899409  2.17345349
3    1.20663092  1.13944070  0.00000000  0.48245630  1.18687173  1.18990505
4    1.48597499  1.57904229  0.48245630  0.00000000  1.51334408  1.50914253
5    2.02708644  2.15899409  1.18687173  1.51334408  0.00000000  1.64430776
6    1.95766764  2.17345349  1.18990505  1.50914253  1.64430776  0.00000000

--------------------------------------------------------------------------------
n=5
(result of R-step: (2,4:3)0.38770092)
V=[1, 2, 4, 5, 6]
total successes of this branch: 2
Matrix on 5 elements:

1    0.00000000  1.28673478  1.12091515  2.02708644  1.95766764
2    1.28673478  0.00000000  0.24753387  1.19254550  1.20700491
4    1.12091515  0.24753387  0.00000000  1.14828424  1.14408269
5    2.02708644  1.19254550  1.14828424  0.00000000  1.64430776
6    1.95766764  1.20700491  1.14408269  1.64430776  0.00000000

--------------------------------------------------------------------------------
n=4
(result of R-step: (1,2:4)0.22247677)
V=[1, 2, 5, 6]
total successes of this branch: 1
Matrix on 4 elements:

1    0.00000000  0.37634059  1.23964196  1.17022316
2    0.37634059  0.00000000  1.06959579  1.08405520
5    1.23964196  1.06959579  0.00000000  1.64430776
6    1.17022316  1.08405520  1.64430776  0.00000000

--------------------------------------------------------------------------------
n=4
(result of R-step: (4,5:2)0.74652453)
V=[1, 4, 5, 6]
total successes of this branch: 1
Matrix on 4 elements:

1    0.00000000  1.10728897  1.23964196  1.95766764
4    1.10728897  0.00000000  0.34721358  1.13045651
5    1.23964196  0.34721358  0.00000000  0.85686328
6    1.95766764  1.13045651  0.85686328  0.00000000

--------------------------------------------------------------------------------
n=4
(result of R-step: (4,6:2)0.64324031)
V=[1, 4, 5, 6]
total successes of this branch: 0
reason of abort: negative delta/dxy
