n=7
V=[0, 1, 2, 3, 4, 5, 6]
total successes of this branch: 1
Matrix on 7 elements:

0    0.00000000  1.70840766  1.10861793  0.96332513  1.65876074  1.70787969  1.68274614
1    1.70840766  0.00000000  1.69873937  1.70076360  0.47291078  0.26038873  0.36913359
2    1.10861793  1.69873937  0.00000000  0.55994978  1.58811608  1.69756297  1.64156037
3    0.96332513  1.70076360  0.55994978  0.00000000  1.60633402  1.69975940  1.65195481
4    1.65876074  0.47291078  1.58811608  1.60633402  0.00000000  0.47062646  0.31750464
5    1.70787969  0.26038873  1.69756297  1.69975940  0.47062646  0.00000000  0.32449953
6    1.68274614  0.36913359  1.64156037  1.65195481  0.31750464  0.32449953  0.00000000

--------------------------------------------------------------------------------
n=6
(result of R-step: (0,2:3)0.26557365)
V=[0, 1, 2, 4, 5, 6]
total successes of this branch: 1
Matrix on 6 elements:

0    0.00000000  1.42662079  0.64568733  1.37697388  1.42609283  1.40095928
1    1.42662079  0.00000000  1.51759563  0.47291078  0.26038873  0.36913359
2    0.64568733  1.51759563  0.00000000  1.40697233  1.51641922  1.46041663
4    1.37697388  0.47291078  1.40697233  0.00000000  0.47062646  0.31750464
5    1.42609283  0.26038873  1.51641922  0.47062646  0.00000000  0.32449953
6    1.40095928  0.36913359  1.46041663  0.31750464  0.32449953  0.00000000

--------------------------------------------------------------------------------
n=5
(result of R-step: (1,2:0)0.18737190)
V=[1, 2, 4, 5, 6]
total successes of this branch: 1
Matrix on 5 elements:

1    0.00000000  1.25544803  0.34385858  0.13133653  0.24008139
2    1.25544803  0.00000000  1.27387694  1.38332383  1.32732123
4    0.34385858  1.27387694  0.00000000  0.47062646  0.31750464
5    0.13133653  1.38332383  0.47062646  0.00000000  0.32449953
6    0.24008139  1.32732123  0.31750464  0.32449953  0.00000000

--------------------------------------------------------------------------------
n=4
(result of R-step: (1,2:6)0.31820461)
V=[1, 2, 4, 5]
total successes of this branch: 0
Matrix on 4 elements:

1    0.00000000  0.02066311  0.27384250  0.06132045
2    0.02066311  0.00000000  0.10910810  0.21855498
4    0.27384250  0.10910810  0.00000000  0.47062646
5    0.06132045  0.21855498  0.47062646  0.00000000
reason of abort: no pseudometric

--------------------------------------------------------------------------------
n=4
(result of R-step: (1,4:6)0.62198651)
V=[1, 2, 4, 5]
total successes of this branch: 0
Matrix on 4 elements:

1    0.00000000  1.21911977  0.25631202  0.09500827
2    1.21911977  0.00000000  1.22265865  1.38332383
4    0.25631202  1.22265865  0.00000000  0.41940816
5    0.09500827  1.38332383  0.41940816  0.00000000
reason of abort: no pseudometric

--------------------------------------------------------------------------------
n=4
(result of R-step: (1,6:5)0.98872086)
V=[1, 2, 4, 6]
total successes of this branch: 0
reason of abort: negative delta/dxy

--------------------------------------------------------------------------------
n=4
(result of R-step: (2,5:6)0.81613740)
V=[1, 2, 4, 5]
total successes of this branch: 0
Matrix on 4 elements:

1    0.00000000  0.10266156  0.34385858  0.11991008
2    0.10266156  0.00000000  0.12109048  0.21911091
4    0.34385858  0.12109048  0.00000000  0.45920001
5    0.11991008  0.21911091  0.45920001  0.00000000
reason of abort: no pseudometric

--------------------------------------------------------------------------------
n=4
(result of R-step: (4,5:6)0.51168741)
V=[1, 2, 4, 5]
total successes of this branch: 1
Matrix on 4 elements:

1    0.00000000  1.25544803  0.25816973  0.04564767
2    1.25544803  0.00000000  1.18818809  1.29763498
4    0.25816973  1.18818809  0.00000000  0.29924876
5    0.04564767  1.29763498  0.29924876  0.00000000
