n=7
V=[0, 1, 2, 3, 4, 5, 6]
total successes of this branch: 2
Matrix on 7 elements:

0    0.00000000  1.27147507  1.14718366  1.15888127  1.22220008  1.18877569  1.15241679
1    1.27147507  0.00000000  1.21446955  1.20220749  0.91111498  1.04627794  1.19330760
2    1.14718366  1.21446955  0.00000000  1.17281159  1.01520922  0.87724532  0.15518092
3    1.15888127  1.20220749  1.17281159  0.00000000  1.19055356  1.18264843  1.17404927
4    1.22220008  0.91111498  1.01520922  1.19055356  0.00000000  0.84353222  0.99360875
5    1.18877569  1.04627794  0.87724532  1.18264843  0.84353222  0.00000000  0.77331878
6    1.15241679  1.19330760  0.15518092  1.17404927  0.99360875  0.77331878  0.00000000

--------------------------------------------------------------------------------
n=6
(result of R-step: (0,1:3)0.84862887)
V=[0, 1, 2, 4, 5, 6]
total successes of this branch: 2
Matrix on 6 elements:

0    0.00000000  0.35524754  0.58688345  0.66189987  0.62847548  0.59211658
1    0.35524754  0.00000000  0.85854222  0.55518765  0.69035061  0.83738028
2    0.58688345  0.85854222  0.00000000  1.01520922  0.87724532  0.15518092
4    0.66189987  0.55518765  1.01520922  0.00000000  0.84353222  0.99360875
5    0.62847548  0.69035061  0.87724532  0.84353222  0.00000000  0.77331878
6    0.59211658  0.83738028  0.15518092  0.99360875  0.77331878  0.00000000

--------------------------------------------------------------------------------
n=5
(result of R-step: (2,5:6)0.87417956)
V=[0, 1, 2, 4, 5]
total successes of this branch: 2
Matrix on 5 elements:

0    0.00000000  0.35524754  0.56125626  0.66189987  0.60284829
1    0.35524754  0.00000000  0.83291503  0.55518765  0.66472342
2    0.56125626  0.83291503  0.00000000  0.98958203  0.82599095
4    0.66189987  0.55518765  0.98958203  0.00000000  0.81790504
5    0.60284829  0.66472342  0.82599095  0.81790504  0.00000000

--------------------------------------------------------------------------------
n=4
(result of R-step: (1,2:0)0.38275077)
V=[1, 2, 4, 5]
total successes of this branch: 1
Matrix on 4 elements:

1    0.00000000  0.50242853  0.55185813  0.66139390
2    0.50242853  0.00000000  0.66242506  0.49883397
4    0.55185813  0.66242506  0.00000000  0.81790504
5    0.66139390  0.49883397  0.81790504  0.00000000

--------------------------------------------------------------------------------
n=4
(result of R-step: (1,5:4)0.41072420)
V=[0, 1, 2, 5]
total successes of this branch: 1
Matrix on 4 elements:

0    0.00000000  0.35191801  0.56125626  0.27690597
1    0.35191801  0.00000000  0.82958551  0.33545158
2    0.56125626  0.82958551  0.00000000  0.50004862
5    0.27690597  0.33545158  0.50004862  0.00000000

--------------------------------------------------------------------------------
n=4
(result of R-step: (2,4:0)0.05606195)
V=[1, 2, 4, 5]
total successes of this branch: 0
reason of abort: negative delta/dxy

--------------------------------------------------------------------------------
n=4
(result of R-step: (4,5:0)0.16381108)
V=[1, 2, 4, 5]
total successes of this branch: 0
reason of abort: negative delta/dxy
