n=7
V=[0, 1, 2, 3, 4, 5, 6]
total successes of this branch: 5
Matrix on 7 elements:

0    0.00000000  2.36881206  2.33100580  2.34925800  2.35804830  2.34701685  2.35089949
1    2.36881206  0.00000000  2.27135006  1.96913553  1.59776963  2.00624375  1.89978721
2    2.33100580  2.27135006  0.00000000  1.94757968  2.09312693  1.82268222  1.97475896
3    2.34925800  1.96913553  1.94757968  0.00000000  1.51439667  1.05529484  0.57591506
4    2.35804830  1.59776963  2.09312693  1.51439667  0.00000000  1.58545762  1.29890550
5    2.34701685  2.00624375  1.82268222  1.05529484  1.58545762  0.00000000  1.15429666
6    2.35089949  1.89978721  1.97475896  0.57591506  1.29890550  1.15429666  0.00000000

--------------------------------------------------------------------------------
n=6
(result of R-step: (3,4:6)0.81326147)
V=[0, 1, 2, 3, 4, 5]
total successes of this branch: 5
Matrix on 6 elements:

0    0.00000000  2.36881206  2.33100580  2.16904605  2.17783636  2.34701685
1    2.36881206  0.00000000  2.27135006  1.78892359  1.41755768  2.00624375
2    2.33100580  2.27135006  0.00000000  1.76736774  1.91291499  1.82268222
3    2.16904605  1.78892359  1.76736774  0.00000000  1.15397279  0.87508290
4    2.17783636  1.41755768  1.91291499  1.15397279  0.00000000  1.40524568
5    2.34701685  2.00624375  1.82268222  0.87508290  1.40524568  0.00000000

--------------------------------------------------------------------------------
n=5
(result of R-step: (0,4:1)0.46318904)
V=[0, 2, 3, 4, 5]
total successes of this branch: 5
Matrix on 5 elements:

0    0.00000000  1.21381006  1.05185031  0.83334667  1.22982111
2    1.21381006  0.00000000  1.76736774  1.68562104  1.82268222
3    1.05185031  1.76736774  0.00000000  0.92667884  0.87508290
4    0.83334667  1.68562104  0.92667884  0.00000000  1.17795173
5    1.22982111  1.82268222  0.87508290  1.17795173  0.00000000

--------------------------------------------------------------------------------
n=4
(result of R-step: (0,3:2)0.42104348)
V=[0, 3, 4, 5]
total successes of this branch: 0
reason of abort: negative delta/dxy

--------------------------------------------------------------------------------
n=4
(result of R-step: (0,3:4)0.42344740)
V=[0, 2, 3, 5]
total successes of this branch: 1
Matrix on 4 elements:

0    0.00000000  1.12614419  0.67919770  1.14215524
2    1.12614419  0.00000000  1.48238099  1.82268222
3    0.67919770  1.48238099  0.00000000  0.59009615
5    1.14215524  1.82268222  0.59009615  0.00000000

--------------------------------------------------------------------------------
n=4
(result of R-step: (0,3:5)0.42578782)
V=[0, 2, 3, 4]
total successes of this branch: 0
Matrix on 4 elements:

0    0.00000000  0.82062919  0.54006759  0.44016580
2    0.82062919  0.00000000  1.64876589  1.68562104
3    0.54006759  1.64876589  0.00000000  0.80807699
4    0.44016580  1.68562104  0.80807699  0.00000000
reason of abort: no pseudometric

--------------------------------------------------------------------------------
n=4
(result of R-step: (0,5:2)0.73769818)
V=[0, 3, 4, 5]
total successes of this branch: 1
Matrix on 4 elements:

0    0.00000000  0.96418444  0.74568080  0.84943600
3    0.96418444  0.00000000  0.92667884  0.58236365
4    0.74568080  0.92667884  0.00000000  0.88523249
5    0.84943600  0.58236365  0.88523249  0.00000000

--------------------------------------------------------------------------------
n=4
(result of R-step: (0,5:4)0.24013189)
V=[0, 2, 3, 5]
total successes of this branch: 0
reason of abort: negative delta/dxy

--------------------------------------------------------------------------------
n=4
(result of R-step: (2,3:4)0.66362808)
V=[0, 2, 3, 5]
total successes of this branch: 0
Matrix on 4 elements:

0    0.00000000  0.14610897  0.93324846  1.22982111
2    0.14610897  0.00000000  0.58106480  0.75498113
3    0.93324846  0.58106480  0.00000000  0.75648105
5    1.22982111  0.75498113  0.75648105  0.00000000
reason of abort: no pseudometric

--------------------------------------------------------------------------------
n=4
(result of R-step: (2,3:5)0.12278769)
V=[0, 2, 3, 4]
total successes of this branch: 1
Matrix on 4 elements:

0    0.00000000  0.74861137  0.76686357  0.83334667
2    0.74861137  0.00000000  1.01718231  1.22042236
3    0.76686357  1.01718231  0.00000000  0.64169209
4    0.83334667  1.22042236  0.64169209  0.00000000

--------------------------------------------------------------------------------
n=4
(result of R-step: (2,4:0)0.37406965)
V=[2, 3, 4, 5]
total successes of this branch: 1
Matrix on 4 elements:

2    0.00000000  1.30216905  0.90719923  1.35748353
3    1.30216905  0.00000000  0.61345571  0.87508290
4    0.90719923  0.61345571  0.00000000  0.86472861
5    1.35748353  0.87508290  0.86472861  0.00000000

--------------------------------------------------------------------------------
n=4
(result of R-step: (2,5:4)0.49330883)
V=[0, 2, 3, 5]
total successes of this branch: 0
reason of abort: negative delta/dxy

--------------------------------------------------------------------------------
n=4
(result of R-step: (4,5:3)0.47282207)
V=[0, 2, 4, 5]
total successes of this branch: 1
Matrix on 4 elements:

0    0.00000000  1.21381006  0.52012354  0.93710187
2    1.21381006  0.00000000  1.37239792  1.52996298
4    0.52012354  1.37239792  0.00000000  0.57200936
5    0.93710187  1.52996298  0.57200936  0.00000000
