n=7
V=[0, 1, 2, 3, 4, 5, 6]
total successes of this branch: 1
Matrix on 7 elements:

0    0.00000000  1.30904213  0.98247864  0.93087601  1.09725963  0.48921960  0.90569588
1    1.30904213  0.00000000  0.82461943  0.69687609  0.48880700  0.99869358  0.71408360
2    0.98247864  0.82461943  0.00000000  0.88489921  0.85837761  0.93300900  0.88764209
3    0.93087601  0.69687609  0.88489921  0.00000000  0.43203399  0.47673590  0.05735100
4    1.09725963  0.48880700  0.85837761  0.43203399  0.00000000  0.76001156  0.45073295
5    0.48921960  0.99869358  0.93300900  0.47673590  0.76001156  0.00000000  0.45137991
6    0.90569588  0.71408360  0.88764209  0.05735100  0.45073295  0.45137991  0.00000000

--------------------------------------------------------------------------------
n=6
(result of R-step: (3,5:6)0.94298706)
V=[0, 1, 2, 3, 4, 5]
total successes of this branch: 1
Matrix on 6 elements:

0    0.00000000  1.30904213  0.98247864  0.91487850  1.09725963  0.47322209
1    1.30904213  0.00000000  0.82461943  0.68087859  0.48880700  0.98269607
2    0.98247864  0.82461943  0.00000000  0.86890170  0.85837761  0.91701149
3    0.91487850  0.68087859  0.86890170  0.00000000  0.41603648  0.44474088
4    1.09725963  0.48880700  0.85837761  0.41603648  0.00000000  0.74401406
5    0.47322209  0.98269607  0.91701149  0.44474088  0.74401406  0.00000000

--------------------------------------------------------------------------------
n=5
(result of R-step: (0,3:5)0.49303207)
V=[0, 1, 2, 3, 4]
total successes of this branch: 1
Matrix on 5 elements:

0    0.00000000  1.29150238  0.96493890  0.89579653  1.07971989
1    1.29150238  0.00000000  0.82461943  0.67933635  0.48880700
2    0.96493890  0.82461943  0.00000000  0.86735947  0.85837761
3    0.89579653  0.67933635  0.86735947  0.00000000  0.41449424
4    1.07971989  0.48880700  0.85837761  0.41449424  0.00000000

--------------------------------------------------------------------------------
n=4
(result of R-step: (0,1:2)0.48483423)
V=[0, 1, 3, 4]
total successes of this branch: 1
Matrix on 4 elements:

0    0.00000000  0.95622168  0.67249828  0.85642164
1    0.95622168  0.00000000  0.56735391  0.37682456
3    0.67249828  0.56735391  0.00000000  0.41449424
4    0.85642164  0.37682456  0.41449424  0.00000000

--------------------------------------------------------------------------------
n=4
(result of R-step: (2,3:0)0.17769446)
V=[1, 2, 3, 4]
total successes of this branch: 0
reason of abort: negative delta/dxy
