n=7
V=[0, 1, 2, 3, 4, 5, 6]
total successes of this branch: 2
Matrix on 7 elements:

0    0.00000000  2.84407727  2.81785705  1.91737672  2.61911340  1.00951337  2.22523489
1    2.84407727  0.00000000  2.41147494  2.70971058  2.47729808  2.41281304  2.60774913
2    2.81785705  2.41147494  0.00000000  2.41215586  1.42784536  2.74050870  1.98033003
3    1.91737672  2.70971058  2.41215586  0.00000000  2.13338255  2.06818483  0.94861262
4    2.61911340  2.47729808  1.42784536  2.13338255  0.00000000  2.59212112  1.20735818
5    1.00951337  2.41281304  2.74050870  2.06818483  2.59212112  0.00000000  2.29804037
6    2.22523489  2.60774913  1.98033003  0.94861262  1.20735818  2.29804037  0.00000000

--------------------------------------------------------------------------------
n=6
(result of R-step: (0,1:5)0.80966596)
V=[0, 1, 2, 3, 4, 6]
total successes of this branch: 2
Matrix on 6 elements:

0    0.00000000  2.26582813  2.52873248  1.62825215  2.32998883  1.93611032
1    2.26582813  0.00000000  2.12235037  2.42058602  2.18817351  2.31862457
2    2.52873248  2.12235037  0.00000000  2.41215586  1.42784536  1.98033003
3    1.62825215  2.42058602  2.41215586  0.00000000  2.13338255  0.94861262
4    2.32998883  2.18817351  1.42784536  2.13338255  0.00000000  1.20735818
6    1.93611032  2.31862457  1.98033003  0.94861262  1.20735818  0.00000000

--------------------------------------------------------------------------------
n=5
(result of R-step: (0,2:1)0.44595311)
V=[0, 2, 3, 4, 6]
total successes of this branch: 2
Matrix on 5 elements:

0    0.00000000  1.38600071  1.06005641  1.76179309  1.36791458
2    1.38600071  0.00000000  1.83761984  0.85330934  1.40579400
3    1.06005641  1.83761984  0.00000000  2.13338255  0.94861262
4    1.76179309  0.85330934  2.13338255  0.00000000  1.20735818
6    1.36791458  1.40579400  0.94861262  1.20735818  0.00000000

--------------------------------------------------------------------------------
n=4
(result of R-step: (0,2:6)0.73726054)
V=[0, 2, 3, 4]
total successes of this branch: 0
reason of abort: negative delta/dxy

--------------------------------------------------------------------------------
n=4
(result of R-step: (0,4:2)0.40052316)
V=[0, 3, 4, 6]
total successes of this branch: 1
Matrix on 4 elements:

0    0.00000000  0.81572934  1.50617191  1.12358752
3    0.81572934  0.00000000  2.12208843  0.94861262
4    1.50617191  2.12208843  0.00000000  1.19606405
6    1.12358752  0.94861262  1.19606405  0.00000000

--------------------------------------------------------------------------------
n=4
(result of R-step: (2,3:6)0.76828710)
V=[0, 2, 3, 4]
total successes of this branch: 0
reason of abort: negative delta/dxy

--------------------------------------------------------------------------------
n=4
(result of R-step: (3,4:6)0.56129104)
V=[0, 2, 3, 4]
total successes of this branch: 1
Matrix on 4 elements:

0    0.00000000  1.38600071  1.04876229  1.75049897
2    1.38600071  0.00000000  1.82632571  0.84201522
3    1.04876229  1.82632571  0.00000000  2.11079431
4    1.75049897  0.84201522  2.11079431  0.00000000
