n=7
V=[0, 1, 2, 3, 4, 5, 6]
total successes of this branch: 2
Matrix on 7 elements:

0    0.00000000  3.38575989  2.55388995  3.05099380  1.83412855  3.27535350  3.32736741
1    3.38575989  0.00000000  3.26486827  2.61778240  3.32065481  1.35508700  0.77251574
2    2.55388995  3.26486827  0.00000000  2.82909935  1.71390022  3.12115099  3.18885809
3    3.05099380  2.61778240  2.82909935  0.00000000  2.93149457  1.99641574  2.28914974
4    1.83412855  3.32065481  1.71390022  2.93149457  0.00000000  3.19230915  3.25277448
5    3.27535350  1.35508700  3.12115099  1.99641574  3.19230915  0.00000000  0.70107367
6    3.32736741  0.77251574  3.18885809  2.28914974  3.25277448  0.70107367  0.00000000

--------------------------------------------------------------------------------
n=6
(result of R-step: (0,2:4)0.46145913)
V=[0, 1, 2, 3, 5, 6]
total successes of this branch: 2
Matrix on 6 elements:

0    0.00000000  2.88869048  1.55975112  2.55392439  2.77828409  2.83029799
1    2.88869048  0.00000000  2.76779886  2.61778240  1.35508700  0.77251574
2    1.55975112  2.76779886  0.00000000  2.33202994  2.62408158  2.69178868
3    2.55392439  2.61778240  2.33202994  0.00000000  1.99641574  2.28914974
5    2.77828409  1.35508700  2.62408158  1.99641574  0.00000000  0.70107367
6    2.83029799  0.77251574  2.69178868  2.28914974  0.70107367  0.00000000

--------------------------------------------------------------------------------
n=5
(result of R-step: (0,3:2)0.93480727)
V=[0, 1, 3, 5, 6]
total successes of this branch: 2
Matrix on 5 elements:

0    0.00000000  2.08826656  1.38664030  1.97786017  2.02987407
1    2.08826656  0.00000000  2.25092223  1.35508700  0.77251574
3    1.38664030  2.25092223  0.00000000  1.62955557  1.92228957
5    1.97786017  1.35508700  1.62955557  0.00000000  0.70107367
6    2.02987407  0.77251574  1.92228957  0.70107367  0.00000000

--------------------------------------------------------------------------------
n=4
(result of R-step: (1,3:0)0.27501274)
V=[1, 3, 5, 6]
total successes of this branch: 1
Matrix on 4 elements:

1    0.00000000  1.95454889  1.29583579  0.71326453
3    1.95454889  0.00000000  1.39243344  1.68516744
5    1.29583579  1.39243344  0.00000000  0.70107367
6    0.71326453  1.68516744  0.70107367  0.00000000

--------------------------------------------------------------------------------
n=4
(result of R-step: (1,5:6)0.47111315)
V=[0, 1, 3, 5]
total successes of this branch: 1
Matrix on 4 elements:

0    0.00000000  2.02901535  1.38664030  1.91860896
1    2.02901535  0.00000000  2.19167102  1.23658458
3    1.38664030  2.19167102  0.00000000  1.57030436
5    1.91860896  1.23658458  1.57030436  0.00000000

--------------------------------------------------------------------------------
n=4
(result of R-step: (3,6:0)0.07085393)
V=[1, 3, 5, 6]
total successes of this branch: 0
reason of abort: negative delta/dxy
