n=7
V=[0, 1, 2, 3, 4, 5, 6]
total successes of this branch: 1
Matrix on 7 elements:

0    0.00000000  1.43077461  1.21321955  1.26384585  1.25021041  1.28749523  1.06442575
1    1.43077461  0.00000000  1.30664821  1.25583329  1.26951954  1.15693313  1.32648604
2    1.21321955  1.30664821  0.00000000  1.13909755  1.11074956  1.16283503  0.43100233
3    1.26384585  1.25583329  1.13909755  0.00000000  1.06219383  0.65664806  1.15903477
4    1.25021041  1.26951954  1.11074956  1.06219383  0.00000000  1.09156638  1.13303814
5    1.28749523  1.15693313  1.16283503  0.65664806  1.09156638  0.00000000  1.18275817
6    1.06442575  1.32648604  0.43100233  1.15903477  1.13303814  1.18275817  0.00000000

--------------------------------------------------------------------------------
n=6
(result of R-step: (1,3:5)0.14167345)
V=[0, 1, 2, 3, 4, 6]
total successes of this branch: 1
Matrix on 6 elements:

0    0.00000000  1.15190066  1.21321955  0.98497190  1.25021041  1.06442575
1    1.15190066  0.00000000  1.02777426  0.69808539  0.99064559  1.04761209
2    1.21321955  1.02777426  0.00000000  0.86022360  1.11074956  0.43100233
3    0.98497190  0.69808539  0.86022360  0.00000000  0.78331988  0.88016082
4    1.25021041  0.99064559  1.11074956  0.78331988  0.00000000  1.13303814
6    1.06442575  1.04761209  0.43100233  0.88016082  1.13303814  0.00000000

--------------------------------------------------------------------------------
n=5
(result of R-step: (1,4:3)0.95944473)
V=[0, 1, 2, 4, 6]
total successes of this branch: 1
Matrix on 5 elements:

0    0.00000000  0.71997102  1.21321955  1.20378076  1.06442575
1    0.71997102  0.00000000  0.59584462  0.51228630  0.61568245
2    1.21321955  0.59584462  0.00000000  1.06431992  0.43100233
4    1.20378076  0.51228630  1.06431992  0.00000000  1.08660849
6    1.06442575  0.61568245  0.43100233  1.08660849  0.00000000

--------------------------------------------------------------------------------
n=4
(result of R-step: (1,2:0)0.67049459)
V=[1, 2, 4, 6]
total successes of this branch: 0
Matrix on 4 elements:

1    0.00000000  0.12390605  0.50181597  0.60521212
2    0.12390605  0.00000000  0.60285169 -0.03046590
4    0.50181597  0.60285169  0.00000000  1.08660849
6    0.60521212 -0.03046590  1.08660849  0.00000000
reason of abort: no pseudometric

--------------------------------------------------------------------------------
n=4
(result of R-step: (1,2:4)0.98099550)
V=[0, 1, 2, 6]
total successes of this branch: 1
Matrix on 4 elements:

0    0.00000000  0.70645069  1.07211528  1.06442575
1    0.70645069  0.00000000  0.44122001  0.60216211
2    1.07211528  0.44122001  0.00000000  0.28989807
6    1.06442575  0.60216211  0.28989807  0.00000000

--------------------------------------------------------------------------------
n=4
(result of R-step: (1,6:0)0.89972525)
V=[1, 2, 4, 6]
total successes of this branch: 0
reason of abort: negative delta/dxy

--------------------------------------------------------------------------------
n=4
(result of R-step: (1,6:4)0.96989098)
V=[0, 1, 2, 6]
total successes of this branch: 0
Matrix on 4 elements:

0    0.00000000  0.70950069  1.21321955  0.79830785
1    0.70950069  0.00000000  0.58537428  0.33909421
2    1.21321955  0.58537428  0.00000000  0.16488443
6    0.79830785  0.33909421  0.16488443  0.00000000
reason of abort: no pseudometric

--------------------------------------------------------------------------------
n=4
(result of R-step: (2,4:0)0.31098284)
V=[1, 2, 4, 6]
total successes of this branch: 0
Matrix on 4 elements:

1    0.00000000  0.11642051  0.01077774  0.61568245
2    0.11642051  0.00000000  0.08338725 -0.04842177
4    0.01077774  0.08338725  0.00000000  0.58509993
6    0.61568245 -0.04842177  0.58509993  0.00000000
reason of abort: no pseudometric

--------------------------------------------------------------------------------
n=4
(result of R-step: (4,6:0)0.92020633)
V=[1, 2, 4, 6]
total successes of this branch: 0
reason of abort: negative delta/dxy
