n=7
V=[0, 1, 2, 3, 4, 5, 6]
total successes of this branch: 2
Matrix on 7 elements:

0    0.00000000  2.88609815  2.86488347  1.97493101  1.87662886  1.47204799  2.73256319
1    2.88609815  0.00000000  2.22195538  2.76224061  2.78105118  2.84726680  2.30228629
2    2.86488347  2.22195538  0.00000000  2.66086657  2.69185114  2.80092086  0.99604777
3    1.97493101  2.76224061  2.66086657  0.00000000  1.42596598  1.77200226  2.37010636
4    1.87662886  2.78105118  2.69185114  1.42596598  0.00000000  1.63936735  2.50363628
5    1.47204799  2.84726680  2.80092086  1.77200226  1.63936735  0.00000000  2.64793876
6    2.73256319  2.30228629  0.99604777  2.37010636  2.50363628  2.64793876  0.00000000

--------------------------------------------------------------------------------
n=6
(result of R-step: (2,3:6)0.85131759)
V=[0, 1, 2, 3, 4, 5]
total successes of this branch: 2
Matrix on 6 elements:

0    0.00000000  2.88609815  2.51223968  1.62228723  1.87662886  1.47204799
1    2.88609815  0.00000000  1.86931160  2.40959683  2.78105118  2.84726680
2    2.51223968  1.86931160  0.00000000  1.95557901  2.33920736  2.44827708
3    1.62228723  2.40959683  1.95557901  0.00000000  1.07332220  1.41935848
4    1.87662886  2.78105118  2.33920736  1.07332220  0.00000000  1.63936735
5    1.47204799  2.84726680  2.44827708  1.41935848  1.63936735  0.00000000

--------------------------------------------------------------------------------
n=5
(result of R-step: (1,3:2)0.84685157)
V=[0, 1, 3, 4, 5]
total successes of this branch: 2
Matrix on 5 elements:

0    0.00000000  1.89383841  1.31109909  1.87662886  1.47204799
1    1.89383841  0.00000000  1.10614896  1.78879144  1.85500706
3    1.31109909  1.10614896  0.00000000  0.76213406  1.10817034
4    1.87662886  1.78879144  0.76213406  0.00000000  1.63936735
5    1.47204799  1.85500706  1.10817034  1.63936735  0.00000000

--------------------------------------------------------------------------------
n=4
(result of R-step: (1,4:3)0.17302189)
V=[0, 1, 4, 5]
total successes of this branch: 1
Matrix on 4 elements:

0    0.00000000  1.32927112  1.25923562  1.47204799
1    1.32927112  0.00000000  0.60683091  1.29043978
4    1.25923562  0.60683091  0.00000000  1.02197411
5    1.47204799  1.29043978  1.02197411  0.00000000

--------------------------------------------------------------------------------
n=4
(result of R-step: (1,5:0)0.22670049)
V=[1, 3, 4, 5]
total successes of this branch: 1
Matrix on 4 elements:

1    0.00000000  0.54158167  1.22422415  0.74205589
3    0.54158167  0.00000000  0.76213406  0.55978645
4    1.22422415  0.76213406  0.00000000  1.09098347
5    0.74205589  0.55978645  1.09098347  0.00000000
