n=7
V=[0, 1, 2, 3, 4, 5, 6]
total successes of this branch: 2
Matrix on 7 elements:

0    0.00000000  1.16779980  1.16646979  1.09338175  1.16493745  1.14448657  1.09839070
1    1.16779980  0.00000000  1.13834570  0.99593366  0.89148291  0.92133531  0.98862203
2    1.16646979  1.13834570  0.00000000  1.14684377  1.13867256  1.14100792  1.14627178
3    1.09338175  0.99593366  1.14684377  0.00000000  0.99175544  0.94597077  0.20265007
4    1.16493745  0.89148291  1.13867256  0.99175544  0.00000000  0.87734381  0.98054158
5    1.14448657  0.92133531  1.14100792  0.94597077  0.87734381  0.00000000  0.86519872
6    1.09839070  0.98862203  1.14627178  0.20265007  0.98054158  0.86519872  0.00000000

--------------------------------------------------------------------------------
n=6
(result of R-step: (3,5:6)0.90198670)
V=[0, 1, 2, 3, 4, 5]
total successes of this branch: 2
Matrix on 6 elements:

0    0.00000000  1.16779980  1.16646979  1.03244274  1.16493745  1.08354756
1    1.16779980  0.00000000  1.13834570  0.93499465  0.89148291  0.86039629
2    1.16646979  1.13834570  0.00000000  1.08590476  1.13867256  1.08006891
3    1.03244274  0.93499465  1.08590476  0.00000000  0.93081643  0.82409275
4    1.16493745  0.89148291  1.13867256  0.93081643  0.00000000  0.81640480
5    1.08354756  0.86039629  1.08006891  0.82409275  0.81640480  0.00000000

--------------------------------------------------------------------------------
n=5
(result of R-step: (3,4:5)0.28580356)
V=[0, 1, 2, 3, 4]
total successes of this branch: 2
Matrix on 5 elements:

0    0.00000000  1.16779980  1.16646979  0.67760218  0.74915788
1    1.16779980  0.00000000  1.13834570  0.58015409  0.47570334
2    1.16646979  1.13834570  0.00000000  0.73106420  0.72289299
3    0.67760218  0.58015409  0.73106420  0.00000000  0.16019630
4    0.74915788  0.47570334  0.72289299  0.16019630  0.00000000

--------------------------------------------------------------------------------
n=4
(result of R-step: (0,1:3)0.37408509)
V=[0, 1, 2, 4]
total successes of this branch: 0
Matrix on 4 elements:

0    0.00000000  0.23243929  0.67933306  0.26202115
1    0.23243929  0.00000000  0.69012192  0.02747956
2    0.67933306  0.69012192  0.00000000  0.72289299
4    0.26202115  0.02747956  0.72289299  0.00000000
reason of abort: no pseudometric

--------------------------------------------------------------------------------
n=4
(result of R-step: (0,4:3)0.38741216)
V=[0, 1, 2, 4]
total successes of this branch: 1
Matrix on 4 elements:

0    0.00000000  0.67432921  0.67299920  0.22823060
1    0.67432921  0.00000000  1.13834570  0.44824665
2    0.67299920  1.13834570  0.00000000  0.69543630
4    0.22823060  0.44824665  0.69543630  0.00000000

--------------------------------------------------------------------------------
n=4
(result of R-step: (1,2:3)0.29707542)
V=[0, 1, 2, 4]
total successes of this branch: 0
Matrix on 4 elements:

0    0.00000000  0.71463939  0.53898256  0.74915788
1    0.71463939  0.00000000  0.05769806  0.02254293
2    0.53898256  0.05769806  0.00000000  0.09540577
4    0.74915788  0.02254293  0.09540577  0.00000000
reason of abort: no pseudometric

--------------------------------------------------------------------------------
n=4
(result of R-step: (2,3:0)0.29208382)
V=[1, 2, 3, 4]
total successes of this branch: 1
Matrix on 4 elements:

1    0.00000000  0.75432813  0.55228131  0.47570334
2    0.75432813  0.00000000  0.31917385  0.33887543
3    0.55228131  0.31917385  0.00000000  0.13232352
4    0.47570334  0.33887543  0.13232352  0.00000000

--------------------------------------------------------------------------------
n=4
(result of R-step: (2,4:3)0.71742600)
V=[0, 1, 2, 4]
total successes of this branch: 0
Matrix on 4 elements:

0    0.00000000  1.16779980  0.54080279  0.72700406
1    1.16779980  0.00000000  0.51267870  0.45354953
2    0.54080279  0.51267870  0.00000000  0.07507218
4    0.72700406  0.45354953  0.07507218  0.00000000
reason of abort: no pseudometric
