n=7
V=[0, 1, 2, 3, 4, 5, 6]
total successes of this branch: 2
Matrix on 7 elements:

0    0.00000000  2.13432670  1.96964058  1.93530364  2.03872873  2.08549107  2.06172674
1    2.13432670  0.00000000  1.89545435  1.91906612  1.42312686  0.96215532  1.19641828
2    1.96964058  1.89545435  0.00000000  1.65660224  1.24189006  1.56158509  1.39911800
3    1.93530364  1.91906612  1.65660224  0.00000000  1.76670954  1.84123571  1.80336196
4    2.03872873  1.42312686  1.24189006  1.76670954  0.00000000  0.94171735  0.56685450
5    2.08549107  0.96215532  1.56158509  1.84123571  0.94171735  0.00000000  0.57894285
6    2.06172674  1.19641828  1.39911800  1.80336196  0.56685450  0.57894285  0.00000000

--------------------------------------------------------------------------------
n=6
(result of R-step: (0,2:3)0.89827592)
V=[0, 1, 2, 4, 5, 6]
total successes of this branch: 2
Matrix on 6 elements:

0    0.00000000  1.06232575  0.51285834  0.96672778  1.01349012  0.98972578
1    1.06232575  0.00000000  1.51067306  1.42312686  0.96215532  1.19641828
2    0.51285834  1.51067306  0.00000000  0.85710877  1.17680380  1.01433672
4    0.96672778  1.42312686  0.85710877  0.00000000  0.94171735  0.56685450
5    1.01349012  0.96215532  1.17680380  0.94171735  0.00000000  0.57894285
6    0.98972578  1.19641828  1.01433672  0.56685450  0.57894285  0.00000000

--------------------------------------------------------------------------------
n=5
(result of R-step: (1,2:0)0.34961493)
V=[1, 2, 4, 5, 6]
total successes of this branch: 2
Matrix on 5 elements:

1    0.00000000  1.21419966  1.18275396  0.72178242  0.95604538
2    1.21419966  0.00000000  0.80100827  1.12070330  0.95823622
4    1.18275396  0.80100827  0.00000000  0.94171735  0.56685450
5    0.72178242  1.12070330  0.94171735  0.00000000  0.57894285
6    0.95604538  0.95823622  0.56685450  0.57894285  0.00000000

--------------------------------------------------------------------------------
n=4
(result of R-step: (1,4:2)0.34868949)
V=[1, 4, 5, 6]
total successes of this branch: 1
Matrix on 4 elements:

1    0.00000000  0.81086840  0.45193686  0.68619981
4    0.81086840  0.00000000  0.83967735  0.46481450
5    0.45193686  0.83967735  0.00000000  0.57894285
6    0.68619981  0.46481450  0.57894285  0.00000000

--------------------------------------------------------------------------------
n=4
(result of R-step: (2,6:4)0.47977064)
V=[1, 2, 5, 6]
total successes of this branch: 1
Matrix on 4 elements:

1    0.00000000  1.00612949  0.72178242  0.95194415
2    1.00612949  0.00000000  0.91263313  0.74606482
5    0.72178242  0.91263313  0.00000000  0.57484162
6    0.95194415  0.74606482  0.57484162  0.00000000

--------------------------------------------------------------------------------
n=4
(result of R-step: (4,5:2)0.23913224)
V=[1, 4, 5, 6]
total successes of this branch: 0
reason of abort: negative delta/dxy
