n=7
V=[0, 1, 2, 3, 4, 5, 6]
total successes of this branch: 1
Matrix on 7 elements:

0    0.00000000  1.35248592  1.27977797  1.27864950  1.33967615  0.64208770  1.31516444
1    1.35248592  0.00000000  1.30532379  1.30639120  1.15602100  1.35102515  1.21711912
2    1.27977797  1.30532379  0.00000000  1.23104685  1.27339403  1.27823365  0.97634866
3    1.27864950  1.30639120  1.23104685  0.00000000  1.29311695  1.25781631  1.26771644
4    1.33967615  1.15602100  1.27339403  1.29311695  0.00000000  1.33820066  0.84456268
5    0.64208770  1.35102515  1.27823365  1.25781631  1.33820066  0.00000000  1.31366079
6    1.31516444  1.21711912  0.97634866  1.26771644  0.84456268  1.31366079  0.00000000

--------------------------------------------------------------------------------
n=6
(result of R-step: (0,3:5)0.96830948)
V=[0, 1, 2, 3, 4, 6]
total successes of this branch: 1
Matrix on 6 elements:

0    0.00000000  1.04185866  0.96915071  0.65739499  1.02904889  1.00453719
1    1.04185866  0.00000000  1.30532379  0.99576395  1.15602100  1.21711912
2    0.96915071  1.30532379  0.00000000  0.92041959  1.27339403  0.97634866
3    0.65739499  0.99576395  0.92041959  0.00000000  0.98248969  0.95708919
4    1.02904889  1.15602100  1.27339403  0.98248969  0.00000000  0.84456268
6    1.00453719  1.21711912  0.97634866  0.95708919  0.84456268  0.00000000

--------------------------------------------------------------------------------
n=5
(result of R-step: (2,4:6)0.40922289)
V=[0, 1, 2, 3, 4]
total successes of this branch: 1
Matrix on 5 elements:

0    0.00000000  1.04185866  0.69539206  0.65739499  0.75529024
1    1.04185866  0.00000000  1.03156513  0.99576395  0.88226235
2    0.69539206  1.03156513  0.00000000  0.64666094  0.72587671
3    0.65739499  0.99576395  0.64666094  0.00000000  0.70873104
4    0.75529024  0.88226235  0.72587671  0.70873104  0.00000000

--------------------------------------------------------------------------------
n=4
(result of R-step: (0,1:2)0.91163791)
V=[0, 1, 3, 4]
total successes of this branch: 0
reason of abort: negative delta/dxy

--------------------------------------------------------------------------------
n=4
(result of R-step: (0,2:3)0.97570683)
V=[0, 1, 2, 4]
total successes of this branch: 1
Matrix on 4 elements:

0    0.00000000  0.69014115  0.05538758  0.40357272
1    0.69014115  0.00000000  0.74327817  0.88226235
2    0.05538758  0.74327817  0.00000000  0.43758975
4    0.40357272  0.88226235  0.43758975  0.00000000

--------------------------------------------------------------------------------
n=4
(result of R-step: (1,3:2)0.09885343)
V=[0, 1, 3, 4]
total successes of this branch: 0
Matrix on 4 elements:

0    0.00000000  0.36285160  0.35320766  0.75529024
1    0.36285160  0.00000000  0.01256956  0.20325529
3    0.35320766  0.01256956  0.00000000  0.40454370
4    0.75529024  0.20325529  0.40454370  0.00000000
reason of abort: no pseudometric

--------------------------------------------------------------------------------
n=4
(result of R-step: (1,4:3)0.97695996)
V=[0, 1, 2, 4]
total successes of this branch: 0
reason of abort: negative delta/dxy

--------------------------------------------------------------------------------
n=4
(result of R-step: (3,4:2)0.98961252)
V=[0, 1, 3, 4]
total successes of this branch: 0
reason of abort: negative delta/dxy
