n=7
V=[0, 1, 2, 3, 4, 5, 6]
total successes of this branch: 2
Matrix on 7 elements:

0    0.00000000  1.94005364  1.87673559  1.78145625  1.88524916  1.91795946  1.88456731
1    1.94005364  0.00000000  1.75242429  1.77777536  1.64948204  0.92749951  1.65772661
2    1.87673559  1.75242429  0.00000000  1.26682971  1.08975342  1.48527150  1.02423574
3    1.78145625  1.77777536  1.26682971  0.00000000  1.33553007  1.59948615  1.33002791
4    1.88524916  1.64948204  1.08975342  1.33553007  0.00000000  1.16181874  0.33721288
5    1.91795946  0.92749951  1.48527150  1.59948615  1.16181874  0.00000000  1.18772383
6    1.88456731  1.65772661  1.02423574  1.33002791  0.33721288  1.18772383  0.00000000

--------------------------------------------------------------------------------
n=6
(result of R-step: (2,4:6)0.08008926)
V=[0, 1, 2, 3, 4, 5]
total successes of this branch: 2
Matrix on 6 elements:

0    0.00000000  1.94005364  1.74088799  1.78145625  1.74940156  1.91795946
1    1.94005364  0.00000000  1.61657669  1.77777536  1.51363444  0.92749951
2    1.74088799  1.61657669  0.00000000  1.13098211  0.81805822  1.34942390
3    1.78145625  1.77777536  1.13098211  0.00000000  1.19968247  1.59948615
4    1.74940156  1.51363444  0.81805822  1.19968247  0.00000000  1.02597114
5    1.91795946  0.92749951  1.34942390  1.59948615  1.02597114  0.00000000

--------------------------------------------------------------------------------
n=5
(result of R-step: (1,4:5)0.59685448)
V=[0, 1, 2, 3, 4]
total successes of this branch: 2
Matrix on 5 elements:

0    0.00000000  1.72013554  1.74088799  1.78145625  1.66533106
1    1.72013554  0.00000000  1.39665859  1.55785726  1.20964584
2    1.74088799  1.39665859  0.00000000  1.13098211  0.73398772
3    1.78145625  1.55785726  1.13098211  0.00000000  1.11561197
4    1.66533106  1.20964584  0.73398772  1.11561197  0.00000000

--------------------------------------------------------------------------------
n=4
(result of R-step: (0,2:1)0.17368574)
V=[0, 2, 3, 4]
total successes of this branch: 0
reason of abort: negative delta/dxy

--------------------------------------------------------------------------------
n=4
(result of R-step: (0,4:1)0.64630321)
V=[0, 2, 3, 4]
total successes of this branch: 1
Matrix on 4 elements:

0    0.00000000  0.87503642  0.91560468  0.62782252
2    0.87503642  0.00000000  1.13098211  0.56233075
3    0.91560468  1.13098211  0.00000000  0.94395500
4    0.62782252  0.56233075  0.94395500  0.00000000

--------------------------------------------------------------------------------
n=4
(result of R-step: (1,3:0)0.35065177)
V=[1, 2, 3, 4]
total successes of this branch: 1
Matrix on 4 elements:

1    0.00000000  1.12317110  0.73116514  0.93615836
2    1.12317110  0.00000000  0.57777748  0.73398772
3    0.73116514  0.57777748  0.00000000  0.56240733
4    0.93615836  0.73398772  0.56240733  0.00000000
