n=7
V=[0, 1, 2, 3, 4, 5, 6]
total successes of this branch: 1
Matrix on 7 elements:

0    0.00000000  1.05293690  0.85426775  0.77155361  0.57617900  0.71243310  0.90947931
1    1.05293690  0.00000000  0.96732647  0.98162762  1.01313468  0.99116168  0.76773244
2    0.85426775  0.96732647  0.00000000  0.44183338  0.62406203  0.49697591  0.44871628
3    0.77155361  0.98162762  0.44183338  0.00000000  0.52474087  0.38517837  0.59184601
4    0.57617900  1.01313468  0.62406203  0.52474087  0.00000000  0.46418485  0.73218807
5    0.71243310  0.99116168  0.49697591  0.38517837  0.46418485  0.00000000  0.63431363
6    0.90947931  0.76773244  0.44871628  0.59184601  0.73218807  0.63431363  0.00000000

--------------------------------------------------------------------------------
n=6
(result of R-step: (1,2:6)0.27790707)
V=[0, 1, 2, 3, 4, 5]
total successes of this branch: 1
Matrix on 6 elements:

0    0.00000000  0.92837577  0.72970663  0.77155361  0.57617900  0.71243310
1    0.92837577  0.00000000  0.71820423  0.85706650  0.88857355  0.86660056
2    0.72970663  0.71820423  0.00000000  0.31727225  0.49950090  0.37241478
3    0.77155361  0.85706650  0.31727225  0.00000000  0.52474087  0.38517837
4    0.57617900  0.88857355  0.49950090  0.52474087  0.00000000  0.46418485
5    0.71243310  0.86660056  0.37241478  0.38517837  0.46418485  0.00000000

--------------------------------------------------------------------------------
n=5
(result of R-step: (3,4:5)0.69739924)
V=[0, 1, 2, 3, 4]
total successes of this branch: 1
Matrix on 5 elements:

0    0.00000000  0.92837577  0.72970663  0.60924243  0.41386782
1    0.92837577  0.00000000  0.71820423  0.69475532  0.72626237
2    0.72970663  0.71820423  0.00000000  0.15496107  0.33718972
3    0.60924243  0.69475532  0.15496107  0.00000000  0.20011850
4    0.41386782  0.72626237  0.33718972  0.20011850  0.00000000

--------------------------------------------------------------------------------
n=4
(result of R-step: (0,2:3)0.85114522)
V=[0, 1, 2, 4]
total successes of this branch: 0
reason of abort: negative delta/dxy

--------------------------------------------------------------------------------
n=4
(result of R-step: (0,2:4)0.15197785)
V=[0, 1, 2, 3]
total successes of this branch: 0
reason of abort: negative delta/dxy

--------------------------------------------------------------------------------
n=4
(result of R-step: (0,3:4)0.44183672)
V=[0, 1, 2, 3]
total successes of this branch: 1
Matrix on 4 elements:

0    0.00000000  0.76369264  0.56502350  0.44218735
1    0.76369264  0.00000000  0.71820423  0.69238337
2    0.56502350  0.71820423  0.00000000  0.15258912
3    0.44218735  0.69238337  0.15258912  0.00000000

--------------------------------------------------------------------------------
n=4
(result of R-step: (2,4:3)0.70047483)
V=[0, 1, 2, 4]
total successes of this branch: 0
reason of abort: negative delta/dxy
