n=7
V=[0, 1, 2, 3, 4, 5, 6]
total successes of this branch: 1
Matrix on 7 elements:

0    0.00000000  1.38177204  1.31764248  1.36046778  0.90346100  1.01614889  1.38037501
1    1.38177204  0.00000000  1.33568914  0.89658266  1.09591141  0.97603787  0.51118435
2    1.31764248  1.33568914  0.00000000  1.11724730  1.32439336  1.32705459  1.32136479
3    1.36046778  0.89658266  1.11724730  0.00000000  1.18693807  1.11853166  0.86953655
4    0.90346100  1.09591141  1.32439336  1.18693807  0.00000000  0.70697397  1.10188050
5    1.01614889  0.97603787  1.32705459  1.11853166  0.70697397  0.00000000  0.98538192
6    1.38037501  0.51118435  1.32136479  0.86953655  1.10188050  0.98538192  0.00000000

--------------------------------------------------------------------------------
n=6
(result of R-step: (1,3:6)0.93442484)
V=[0, 1, 2, 3, 4, 5]
total successes of this branch: 1
Matrix on 6 elements:

0    0.00000000  1.13970292  1.31764248  1.11839866  0.90346100  1.01614889
1    1.13970292  0.00000000  1.09362002  0.41244441  0.85384229  0.73396874
2    1.31764248  1.09362002  0.00000000  0.87517818  1.32439336  1.32705459
3    1.11839866  0.41244441  0.87517818  0.00000000  0.94486894  0.87646254
4    0.90346100  0.85384229  1.32439336  0.94486894  0.00000000  0.70697397
5    1.01614889  0.73396874  1.32705459  0.87646254  0.70697397  0.00000000

--------------------------------------------------------------------------------
n=5
(result of R-step: (0,3:2)0.39243445)
V=[0, 1, 3, 4, 5]
total successes of this branch: 1
Matrix on 5 elements:

0    0.00000000  0.83090274  0.77626405  0.59466081  0.70734871
1    0.83090274  0.00000000  0.37910998  0.85384229  0.73396874
3    0.77626405  0.37910998  0.00000000  0.91153452  0.84312811
4    0.59466081  0.85384229  0.91153452  0.00000000  0.70697397
5    0.70734871  0.73396874  0.84312811  0.70697397  0.00000000

--------------------------------------------------------------------------------
n=4
(result of R-step: (0,1:3)0.22130555)
V=[0, 1, 4, 5]
total successes of this branch: 1
Matrix on 4 elements:

0    0.00000000  0.74735248  0.56259164  0.67527954
1    0.74735248  0.00000000  0.80236120  0.68248766
4    0.56259164  0.80236120  0.00000000  0.70697397
5    0.67527954  0.68248766  0.70697397  0.00000000

--------------------------------------------------------------------------------
n=4
(result of R-step: (1,4:0)0.24247502)
V=[1, 3, 4, 5]
total successes of this branch: 0
Matrix on 4 elements:

1    0.00000000 -0.01323289  0.20157650  0.34162587
3   -0.01323289  0.00000000  0.65161160  0.84312811
4    0.20157650  0.65161160  0.00000000  0.44705105
5    0.34162587  0.84312811  0.44705105  0.00000000
reason of abort: no pseudometric

--------------------------------------------------------------------------------
n=4
(result of R-step: (1,4:3)0.21720294)
V=[0, 1, 4, 5]
total successes of this branch: 0
reason of abort: negative delta/dxy

--------------------------------------------------------------------------------
n=4
(result of R-step: (3,4:0)0.03816469)
V=[1, 3, 4, 5]
total successes of this branch: 0
reason of abort: negative delta/dxy
