n=7
V=[0, 1, 2, 3, 4, 5, 6]
total successes of this branch: 2
Matrix on 7 elements:

0    0.00000000  1.60446590  1.58378849  1.47253906  1.50318281  1.54435683  1.56095403
1    1.60446590  0.00000000  1.58901344  1.59511474  1.31947951  1.59117601  1.59026576
2    1.58378849  1.58901344  0.00000000  1.41328194  1.58764342  1.24754968  1.08280732
3    1.47253906  1.59511474  1.41328194  0.00000000  1.56297437  1.32228636  1.36058736
4    1.50318281  1.31947951  1.58764342  1.56297437  0.00000000  1.57889963  1.58257998
5    1.54435683  1.59117601  1.24754968  1.32228636  1.57889963  0.00000000  1.02089684
6    1.56095403  1.59026576  1.08280732  1.36058736  1.58257998  1.02089684  0.00000000

--------------------------------------------------------------------------------
n=6
(result of R-step: (0,1:4)0.26220837)
V=[0, 1, 2, 3, 5, 6]
total successes of this branch: 2
Matrix on 6 elements:

0    0.00000000  0.38626949  0.97469029  0.86344086  0.93525862  0.95185583
1    0.38626949  0.00000000  0.97991524  0.98601654  0.98207781  0.98116756
2    0.97469029  0.97991524  0.00000000  1.41328194  1.24754968  1.08280732
3    0.86344086  0.98601654  1.41328194  0.00000000  1.32228636  1.36058736
5    0.93525862  0.98207781  1.24754968  1.32228636  0.00000000  1.02089684
6    0.95185583  0.98116756  1.08280732  1.36058736  1.02089684  0.00000000

--------------------------------------------------------------------------------
n=5
(result of R-step: (1,3:0)0.55350944)
V=[1, 2, 3, 5, 6]
total successes of this branch: 2
Matrix on 5 elements:

1    0.00000000  0.84916633  0.27699058  0.85132890  0.85041865
2    0.84916633  0.00000000  0.83500489  1.24754968  1.08280732
3    0.27699058  0.83500489  0.00000000  0.74400931  0.78231031
5    0.85132890  1.24754968  0.74400931  0.00000000  1.02089684
6    0.85041865  1.08280732  0.78231031  1.02089684  0.00000000

--------------------------------------------------------------------------------
n=4
(result of R-step: (1,3:6)0.31221202)
V=[1, 2, 3, 5]
total successes of this branch: 0
reason of abort: negative delta/dxy

--------------------------------------------------------------------------------
n=4
(result of R-step: (1,6:2)0.51811566)
V=[1, 3, 5, 6]
total successes of this branch: 1
Matrix on 4 elements:

1    0.00000000  0.15650179  0.73084011  0.38992768
3    0.15650179  0.00000000  0.74400931  0.44230812
5    0.73084011  0.74400931  0.00000000  0.68089465
6    0.38992768  0.44230812  0.68089465  0.00000000

--------------------------------------------------------------------------------
n=4
(result of R-step: (2,5:6)0.42091052)
V=[1, 2, 3, 5]
total successes of this branch: 1
Matrix on 4 elements:

1    0.00000000  0.42108909  0.27699058  0.42325166
2    0.42108909  0.00000000  0.40692765  0.39139520
3    0.27699058  0.40692765  0.00000000  0.31593207
5    0.42325166  0.39139520  0.31593207  0.00000000

--------------------------------------------------------------------------------
n=4
(result of R-step: (3,5:2)0.19083458)
V=[1, 3, 5, 6]
total successes of this branch: 0
reason of abort: negative delta/dxy

--------------------------------------------------------------------------------
n=4
(result of R-step: (3,6:2)0.76854637)
V=[1, 3, 5, 6]
total successes of this branch: 0
Matrix on 4 elements:

1    0.00000000  0.13745275  0.85132890  0.75944614
3    0.13745275  0.00000000  0.60447148  0.55179997
5    0.85132890  0.60447148  0.00000000  0.92992433
6    0.75944614  0.55179997  0.92992433  0.00000000
reason of abort: no pseudometric
