n=7
V=[0, 1, 2, 3, 4, 5, 6]
total successes of this branch: 2
Matrix on 7 elements:

0    0.00000000  0.59392173  0.47834132  0.40152917  0.43877657  0.28185410  0.42003658
1    0.59392173  0.00000000  0.50744087  0.56616986  0.50725319  0.55878311  0.53689547
2    0.47834132  0.50744087  0.00000000  0.48200967  0.48693317  0.34386554  0.48445605
3    0.40152917  0.56616986  0.48200967  0.00000000  0.32076651  0.43422974  0.17943006
4    0.43877657  0.50725319  0.48693317  0.32076651  0.00000000  0.45834340  0.18118417
5    0.28185410  0.55878311  0.34386554  0.43422974  0.45834340  0.00000000  0.44621128
6    0.42003658  0.53689547  0.48445605  0.17943006  0.18118417  0.44621128  0.00000000

--------------------------------------------------------------------------------
n=6
(result of R-step: (0,2:5)0.59368333)
V=[0, 1, 2, 3, 4, 6]
total successes of this branch: 2
Matrix on 6 elements:

0    0.00000000  0.52023257  0.33096299  0.32784001  0.36508741  0.34634742
1    0.52023257  0.00000000  0.43375171  0.56616986  0.50725319  0.53689547
2    0.33096299  0.43375171  0.00000000  0.40832050  0.41324401  0.41076689
3    0.32784001  0.56616986  0.40832050  0.00000000  0.32076651  0.17943006
4    0.36508741  0.50725319  0.41324401  0.32076651  0.00000000  0.18118417
6    0.34634742  0.53689547  0.41076689  0.17943006  0.18118417  0.00000000

--------------------------------------------------------------------------------
n=5
(result of R-step: (3,4:6)0.50312208)
V=[0, 1, 2, 3, 4]
total successes of this branch: 2
Matrix on 5 elements:

0    0.00000000  0.52023257  0.33096299  0.30791615  0.34516355
1    0.52023257  0.00000000  0.43375171  0.54624601  0.48732933
2    0.33096299  0.43375171  0.00000000  0.38839665  0.39332015
3    0.30791615  0.54624601  0.38839665  0.00000000  0.28091879
4    0.34516355  0.48732933  0.39332015  0.28091879  0.00000000

--------------------------------------------------------------------------------
n=4
(result of R-step: (0,2:4)0.96462727)
V=[0, 1, 2, 3]
total successes of this branch: 0
reason of abort: negative delta/dxy

--------------------------------------------------------------------------------
n=4
(result of R-step: (1,3:4)0.19360104)
V=[0, 1, 2, 3]
total successes of this branch: 1
Matrix on 4 elements:

0    0.00000000  0.38930765  0.33096299  0.19691509
1    0.38930765  0.00000000  0.30282679  0.30432002
2    0.33096299  0.30282679  0.00000000  0.27739558
3    0.19691509  0.30432002  0.27739558  0.00000000

--------------------------------------------------------------------------------
n=4
(result of R-step: (2,3:4)0.70948251)
V=[0, 1, 2, 3]
total successes of this branch: 0
reason of abort: negative delta/dxy

--------------------------------------------------------------------------------
n=4
(result of R-step: (2,4:1)0.74177657)
V=[0, 2, 3, 4]
total successes of this branch: 1
Matrix on 4 elements:

0    0.00000000  0.23215658  0.30791615  0.32585662
2    0.23215658  0.00000000  0.28959023  0.27520681
3    0.30791615  0.28959023  0.00000000  0.26161187
4    0.32585662  0.27520681  0.26161187  0.00000000
