n=7
V=[0, 1, 2, 3, 4, 5, 6]
total successes of this branch: 3
Matrix on 7 elements:

0    0.00000000  2.62566164  2.43012137  2.54142970  2.50472976  1.97638075  1.30709778
1    2.62566164  0.00000000  2.50177267  2.38552580  2.42385405  2.55777202  2.62027639
2    2.43012137  2.50177267  0.00000000  2.41380353  2.36470624  1.88003868  2.38648689
3    2.54142970  2.38552580  2.41380353  0.00000000  2.31399222  2.47149215  2.53588201
4    2.50472976  2.42385405  2.36470624  2.31399222  0.00000000  2.42799861  2.49864317
5    1.97638075  2.55777202  1.88003868  2.47149215  2.42799861  0.00000000  1.91871678
6    1.30709778  2.62027639  2.38648689  2.53588201  2.49864317  1.91871678  0.00000000

--------------------------------------------------------------------------------
n=6
(result of R-step: (1,4:3)0.76837251)
V=[0, 1, 2, 4, 5, 6]
total successes of this branch: 3
Matrix on 6 elements:

0    0.00000000  1.40209147  2.43012137  1.40859436  1.97638075  1.30709778
1    1.40209147  0.00000000  1.27820251  0.10414849  1.33420186  1.39670623
2    2.43012137  1.27820251  0.00000000  1.26857085  1.88003868  2.38648689
4    1.40859436  0.10414849  1.26857085  0.00000000  1.33186322  1.40250778
5    1.97638075  1.33420186  1.88003868  1.33186322  0.00000000  1.91871678
6    1.30709778  1.39670623  2.38648689  1.40250778  1.91871678  0.00000000

--------------------------------------------------------------------------------
n=5
(result of R-step: (0,5:6)0.92067651)
V=[0, 1, 2, 4, 5]
total successes of this branch: 3
Matrix on 5 elements:

0    0.00000000  0.77737456  1.80540446  0.78387745  0.72694693
1    0.77737456  0.00000000  1.27820251  0.10414849  0.70948495
2    1.80540446  1.27820251  0.00000000  1.26857085  1.25532177
4    0.78387745  0.10414849  1.26857085  0.00000000  0.70714631
5    0.72694693  0.70948495  1.25532177  0.70714631  0.00000000

--------------------------------------------------------------------------------
n=4
(result of R-step: (0,1:2)0.93404254)
V=[0, 1, 4, 5]
total successes of this branch: 0
reason of abort: negative delta/dxy

--------------------------------------------------------------------------------
n=4
(result of R-step: (0,2:5)0.45201244)
V=[0, 1, 2, 4]
total successes of this branch: 1
Matrix on 4 elements:

0    0.00000000  0.68894243  1.00382330  0.69544533
1    0.68894243  0.00000000  0.56505347  0.10414849
2    1.00382330  0.56505347  0.00000000  0.55542181
4    0.69544533  0.10414849  0.55542181  0.00000000

--------------------------------------------------------------------------------
n=4
(result of R-step: (0,4:1)0.01410552)
V=[0, 2, 4, 5]
total successes of this branch: 1
Matrix on 4 elements:

0    0.00000000  1.71697233  0.64927804  0.63851481
2    1.71697233  0.00000000  1.22240356  1.25532177
4    0.64927804  1.22240356  0.00000000  0.66097902
5    0.63851481  1.25532177  0.66097902  0.00000000

--------------------------------------------------------------------------------
n=4
(result of R-step: (0,4:2)0.95784233)
V=[0, 1, 4, 5]
total successes of this branch: 0
reason of abort: negative delta/dxy

--------------------------------------------------------------------------------
n=4
(result of R-step: (1,2:4)0.98166392)
V=[0, 1, 2, 5]
total successes of this branch: 1
Matrix on 4 elements:

0    0.00000000  0.72997625  1.09225542  0.72694693
1    0.72997625  0.00000000  0.51765517  0.66208664
2    1.09225542  0.51765517  0.00000000  0.54217274
5    0.72694693  0.66208664  0.54217274  0.00000000

--------------------------------------------------------------------------------
n=4
(result of R-step: (1,5:0)0.75629935)
V=[1, 2, 4, 5]
total successes of this branch: 0
reason of abort: negative delta/dxy

--------------------------------------------------------------------------------
n=4
(result of R-step: (1,5:2)0.79126546)
V=[0, 1, 4, 5]
total successes of this branch: 0
reason of abort: negative delta/dxy

--------------------------------------------------------------------------------
n=4
(result of R-step: (4,5:0)0.77950914)
V=[1, 2, 4, 5]
total successes of this branch: 0
reason of abort: negative delta/dxy

--------------------------------------------------------------------------------
n=4
(result of R-step: (4,5:1)0.63063150)
V=[0, 2, 4, 5]
total successes of this branch: 0
reason of abort: negative delta/dxy

--------------------------------------------------------------------------------
n=4
(result of R-step: (4,5:2)0.76968955)
V=[0, 1, 4, 5]
total successes of this branch: 0
reason of abort: negative delta/dxy
