n=7
V=[0, 1, 2, 3, 4, 5, 6]
total successes of this branch: 1
Matrix on 7 elements:

0    0.00000000  1.62085544  1.57607336  1.61844269  1.61892436  1.52206071  1.61888344
1    1.62085544  0.00000000  1.52063371  1.27444800  1.06686070  1.52432187  1.08449700
2    1.57607336  1.52063371  0.00000000  1.50661450  1.50941323  0.16234979  1.50917546
3    1.61844269  1.27444800  1.50661450  0.00000000  0.44220409  1.51072977  0.40528662
4    1.61892436  1.06686070  1.50941323  0.44220409  0.00000000  1.51344324  0.04458609
5    1.52206071  1.52432187  0.16234979  1.51072977  1.51344324  0.00000000  1.51321271
6    1.61888344  1.08449700  1.50917546  0.40528662  0.04458609  1.51321271  0.00000000

--------------------------------------------------------------------------------
n=6
(result of R-step: (3,4:6)0.08495847)
V=[0, 1, 2, 3, 4, 5]
total successes of this branch: 1
Matrix on 6 elements:

0    0.00000000  1.62085544  1.57607336  1.61460838  1.61509005  1.52206071
1    1.62085544  0.00000000  1.52063371  1.27061369  1.06302639  1.52432187
2    1.57607336  1.52063371  0.00000000  1.50278019  1.50557892  0.16234979
3    1.61460838  1.27061369  1.50278019  0.00000000  0.43453547  1.50689546
4    1.61509005  1.06302639  1.50557892  0.43453547  0.00000000  1.50960893
5    1.52206071  1.52432187  0.16234979  1.50689546  1.50960893  0.00000000

--------------------------------------------------------------------------------
n=5
(result of R-step: (1,3:4)0.19963557)
V=[0, 1, 2, 3, 5]
total successes of this branch: 1
Matrix on 5 elements:

0    0.00000000  1.50354704  1.57607336  1.50113429  1.52206071
1    1.50354704  0.00000000  1.40332532  1.03983121  1.40701348
2    1.57607336  1.40332532  0.00000000  1.38930611  0.16234979
3    1.50113429  1.03983121  1.38930611  0.00000000  1.39342138
5    1.52206071  1.40701348  0.16234979  1.39342138  0.00000000

--------------------------------------------------------------------------------
n=4
(result of R-step: (1,2:0)0.78279439)
V=[1, 2, 3, 5]
total successes of this branch: 0
Matrix on 4 elements:

1    0.00000000  0.67165746  0.52031948  0.88750175
2    0.67165746  0.00000000  1.17714998 -0.04980634
3    0.52031948  1.17714998  0.00000000  1.39342138
5    0.88750175 -0.04980634  1.39342138  0.00000000
reason of abort: no pseudometric

--------------------------------------------------------------------------------
n=4
(result of R-step: (1,2:3)0.99151273)
V=[0, 1, 2, 5]
total successes of this branch: 1
Matrix on 4 elements:

0    0.00000000  0.98366007  1.52190479  1.52206071
1    0.98366007  0.00000000  0.82926978  0.88712650
2    1.52190479  0.82926978  0.00000000  0.10818122
5    1.52206071  0.88712650  0.10818122  0.00000000

--------------------------------------------------------------------------------
n=4
(result of R-step: (1,5:0)0.81903848)
V=[1, 2, 3, 5]
total successes of this branch: 0
reason of abort: negative delta/dxy

--------------------------------------------------------------------------------
n=4
(result of R-step: (1,5:3)0.99078478)
V=[0, 1, 2, 5]
total successes of this branch: 0
Matrix on 4 elements:

0    0.00000000  0.98403531  1.57607336  1.41586716
1    0.98403531  0.00000000  0.88381359  0.78130819
2    1.57607336  0.88381359  0.00000000  0.05615623
5    1.41586716  0.78130819  0.05615623  0.00000000
reason of abort: no pseudometric

--------------------------------------------------------------------------------
n=4
(result of R-step: (2,3:0)0.21013653)
V=[1, 2, 3, 5]
total successes of this branch: 0
Matrix on 4 elements:

1    0.00000000  1.18589816  0.51957808  1.40701348
2    1.18589816  0.00000000  0.65162582 -0.05507737
3    0.51957808  0.65162582  0.00000000  0.87316825
5    1.40701348 -0.05507737  0.87316825  0.00000000
reason of abort: no pseudometric

--------------------------------------------------------------------------------
n=4
(result of R-step: (3,5:0)0.82627070)
V=[1, 2, 3, 5]
total successes of this branch: 0
reason of abort: negative delta/dxy
