n=7
V=[0, 1, 2, 3, 4, 5, 6]
total successes of this branch: 2
Matrix on 7 elements:

0    0.00000000  2.76373100  2.66539920  2.32111109  1.87265589  2.24862802  2.47092262
1    2.76373100  0.00000000  2.23795224  2.44700935  2.64179806  2.47849273  2.35604145
2    2.66539920  2.23795224  0.00000000  2.14380250  2.46459254  2.19565127  1.48387348
3    2.32111109  2.44700935  2.14380250  0.00000000  2.04038919  1.38270026  1.28712118
4    1.87265589  2.64179806  2.46459254  2.04038919  0.00000000  1.91359438  2.22497457
5    2.24862802  2.47849273  2.19565127  1.38270026  1.91359438  0.00000000  1.73644305
6    2.47092262  2.35604145  1.48387348  1.28712118  2.22497457  1.73644305  0.00000000

--------------------------------------------------------------------------------
n=6
(result of R-step: (2,3:6)0.43513420)
V=[0, 1, 2, 3, 4, 5]
total successes of this branch: 2
Matrix on 6 elements:

0    0.00000000  2.76373100  2.35180312  2.00751502  1.87265589  2.24862802
1    2.76373100  0.00000000  1.92435616  2.13341327  2.64179806  2.47849273
2    2.35180312  1.92435616  0.00000000  1.51661035  2.15099646  1.88205519
3    2.00751502  2.13341327  1.51661035  0.00000000  1.72679311  1.06910419
4    1.87265589  2.64179806  2.15099646  1.72679311  0.00000000  1.91359438
5    2.24862802  2.47849273  1.88205519  1.06910419  1.91359438  0.00000000

--------------------------------------------------------------------------------
n=5
(result of R-step: (0,2:1)0.16379864)
V=[0, 2, 3, 4, 5]
total successes of this branch: 2
Matrix on 5 elements:

0    0.00000000  0.95625530  1.21154802  1.07668890  1.45266103
2    0.95625530  0.00000000  0.91702952  1.55141563  1.28247436
3    1.21154802  0.91702952  0.00000000  1.72679311  1.06910419
4    1.07668890  1.55141563  1.72679311  0.00000000  1.91359438
5    1.45266103  1.28247436  1.06910419  1.91359438  0.00000000

--------------------------------------------------------------------------------
n=4
(result of R-step: (0,3:4)0.61018043)
V=[0, 2, 3, 5]
total successes of this branch: 0
reason of abort: negative delta/dxy

--------------------------------------------------------------------------------
n=4
(result of R-step: (0,3:5)0.25915538)
V=[0, 2, 3, 4]
total successes of this branch: 0
Matrix on 4 elements:

0    0.00000000  0.57074734  0.55618205  0.69118094
2    0.57074734  0.00000000  0.64717150  1.55141563
3    0.55618205  0.64717150  0.00000000  1.45693509
4    0.69118094  1.55141563  1.45693509  0.00000000
reason of abort: no pseudometric

--------------------------------------------------------------------------------
n=4
(result of R-step: (0,5:4)0.82948245)
V=[0, 2, 3, 5]
total successes of this branch: 1
Matrix on 4 elements:

0    0.00000000  0.78177877  1.03707149  0.78233147
2    0.78177877  0.00000000  0.91702952  0.78662134
3    1.03707149  0.91702952  0.00000000  0.57325116
5    0.78233147  0.78662134  0.57325116  0.00000000

--------------------------------------------------------------------------------
n=4
(result of R-step: (3,4:5)0.83837165)
V=[0, 2, 3, 4]
total successes of this branch: 1
Matrix on 4 elements:

0    0.00000000  0.95625530  0.89719138  0.44873617
2    0.95625530  0.00000000  0.60267287  0.92346291
3    0.89719138  0.60267287  0.00000000  0.78448374
4    0.44873617  0.92346291  0.78448374  0.00000000
