n=7
V=[0, 1, 2, 3, 4, 5, 6]
total successes of this branch: 1
Matrix on 7 elements:

0    0.00000000  2.93406218  2.81099558  2.82409559  2.81543310  2.31153744  2.81274085
1    2.93406218  0.00000000  2.75410606  2.72345481  2.74372320  2.13461803  2.75002248
2    2.81099558  2.75410606  0.00000000  2.49680762  1.97509645  2.77901176  1.04316803
3    2.82409559  2.72345481  2.49680762  0.00000000  2.22955148  2.76751441  2.39169580
4    2.81543310  2.74372320  1.97509645  2.22955148  0.00000000  2.77511713  1.37096374
5    2.31153744  2.13461803  2.77901176  2.76751441  2.77511713  0.00000000  2.77748000
6    2.81274085  2.75002248  1.04316803  2.39169580  1.37096374  2.77748000  0.00000000

--------------------------------------------------------------------------------
n=6
(result of R-step: (0,1:5)0.43779069)
V=[0, 1, 2, 3, 4, 6]
total successes of this branch: 1
Matrix on 6 elements:

0    0.00000000  1.42196888  2.05494893  2.06804894  2.05938645  2.05669421
1    1.42196888  0.00000000  1.99805941  1.96740816  1.98767655  1.99397583
2    2.05494893  1.99805941  0.00000000  2.49680762  1.97509645  1.04316803
3    2.06804894  1.96740816  2.49680762  0.00000000  2.22955148  2.39169580
4    2.05938645  1.98767655  1.97509645  2.22955148  0.00000000  1.37096374
6    2.05669421  1.99397583  1.04316803  2.39169580  1.37096374  0.00000000

--------------------------------------------------------------------------------
n=5
(result of R-step: (0,3:1)0.94545189)
V=[0, 2, 3, 4, 6]
total successes of this branch: 1
Matrix on 5 elements:

0    0.00000000  1.31976991  0.47894977  1.32420743  1.32151518
2    1.31976991  0.00000000  1.64288747  1.97509645  1.04316803
3    0.47894977  1.64288747  0.00000000  1.37563132  1.53777565
4    1.32420743  1.97509645  1.37563132  0.00000000  1.37096374
6    1.32151518  1.04316803  1.53777565  1.37096374  0.00000000

--------------------------------------------------------------------------------
n=4
(result of R-step: (0,6:2)0.49306975)
V=[0, 3, 4, 6]
total successes of this branch: 0
reason of abort: negative delta/dxy

--------------------------------------------------------------------------------
n=4
(result of R-step: (2,3:0)0.15066327)
V=[2, 3, 4, 6]
total successes of this branch: 1
Matrix on 4 elements:

2    0.00000000  1.20368765  1.75557879  0.82365037
3    1.20368765  0.00000000  1.15594917  1.31809350
4    1.75557879  1.15594917  0.00000000  1.37096374
6    0.82365037  1.31809350  1.37096374  0.00000000

--------------------------------------------------------------------------------
n=4
(result of R-step: (3,6:0)0.54341178)
V=[2, 3, 4, 6]
total successes of this branch: 0
reason of abort: negative delta/dxy

--------------------------------------------------------------------------------
n=4
(result of R-step: (3,6:2)0.71512557)
V=[0, 3, 4, 6]
total successes of this branch: 0
reason of abort: negative delta/dxy
