n=7
V=[0, 1, 2, 3, 4, 5, 6]
total successes of this branch: 2
Matrix on 7 elements:

0    0.00000000  0.86171938  0.70991457  0.49373109  0.37587004  0.34429271  0.12893934
1    0.86171938  0.00000000  0.49342493  0.68388441  0.75732047  0.77020407  0.85633251
2    0.70991457  0.49342493  0.00000000  0.50806068  0.59141523  0.60603894  0.70380013
3    0.49373109  0.68388441  0.50806068  0.00000000  0.32617628  0.34685379  0.48508544
4    0.37587004  0.75732047  0.59141523  0.32617628  0.00000000  0.15156881  0.36266698
5    0.34429271  0.77020407  0.60603894  0.34685379  0.15156881  0.00000000  0.33082351
6    0.12893934  0.85633251  0.70380013  0.48508544  0.36266698  0.33082351  0.00000000

--------------------------------------------------------------------------------
n=6
(result of R-step: (0,5:6)0.94113694)
V=[0, 1, 2, 3, 4, 5]
total successes of this branch: 2
Matrix on 6 elements:

0    0.00000000  0.80398431  0.65217949  0.43599601  0.31813497  0.22882257
1    0.80398431  0.00000000  0.49342493  0.68388441  0.75732047  0.71246900
2    0.65217949  0.49342493  0.00000000  0.50806068  0.59141523  0.54830387
3    0.43599601  0.68388441  0.50806068  0.00000000  0.32617628  0.28911872
4    0.31813497  0.75732047  0.59141523  0.32617628  0.00000000  0.09383374
5    0.22882257  0.71246900  0.54830387  0.28911872  0.09383374  0.00000000

--------------------------------------------------------------------------------
n=5
(result of R-step: (0,4:5)0.12340749)
V=[0, 1, 2, 3, 4]
total successes of this branch: 2
Matrix on 5 elements:

0    0.00000000  0.80172364  0.64991883  0.43373535  0.25587856
1    0.80172364  0.00000000  0.49342493  0.68388441  0.69732473
2    0.64991883  0.49342493  0.00000000  0.50806068  0.53141949
3    0.43373535  0.68388441  0.50806068  0.00000000  0.26618054
4    0.25587856  0.69732473  0.53141949  0.26618054  0.00000000

--------------------------------------------------------------------------------
n=4
(result of R-step: (0,1:3)0.74552614)
V=[0, 1, 2, 4]
total successes of this branch: 0
Matrix on 4 elements:

0    0.00000000  0.20942017  0.42742349  0.03338323
1    0.20942017  0.00000000  0.12361679  0.32751659
2    0.42742349  0.12361679  0.00000000  0.53141949
4    0.03338323  0.32751659  0.53141949  0.00000000
reason of abort: no pseudometric

--------------------------------------------------------------------------------
n=4
(result of R-step: (0,2:3)0.78051985)
V=[0, 1, 2, 4]
total successes of this branch: 0
Matrix on 4 elements:

0    0.00000000  0.58310982  0.31521266  0.03726474
1    0.58310982  0.00000000  0.37733259  0.69732473
2    0.31521266  0.37733259  0.00000000  0.41532715
4    0.03726474  0.69732473  0.41532715  0.00000000
reason of abort: no pseudometric

--------------------------------------------------------------------------------
n=4
(result of R-step: (1,4:0)0.10764899)
V=[1, 2, 3, 4]
total successes of this branch: 1
Matrix on 4 elements:

1    0.00000000  0.22925242  0.41971190  0.40052893
2    0.22925242  0.00000000  0.50806068  0.49879620
3    0.41971190  0.50806068  0.00000000  0.23355725
4    0.40052893  0.49879620  0.23355725  0.00000000

--------------------------------------------------------------------------------
n=4
(result of R-step: (1,4:3)0.34464188)
V=[0, 1, 2, 4]
total successes of this branch: 0
Matrix on 4 elements:

0    0.00000000  0.45766901  0.64991883  0.22832300
1    0.45766901  0.00000000  0.14937029  0.32571453
2    0.64991883  0.14937029  0.00000000  0.50386393
4    0.22832300  0.32571453  0.50386393  0.00000000
reason of abort: no pseudometric

--------------------------------------------------------------------------------
n=4
(result of R-step: (2,4:0)0.14167505)
V=[1, 2, 3, 4]
total successes of this branch: 0
Matrix on 4 elements:

1    0.00000000  0.27990184  0.68388441  0.66976917
2    0.27990184  0.00000000  0.29453759  0.29034084
3    0.68388441  0.29453759  0.00000000  0.23862497
4    0.66976917  0.29034084  0.23862497  0.00000000
reason of abort: no pseudometric

--------------------------------------------------------------------------------
n=4
(result of R-step: (2,4:3)0.31992689)
V=[0, 1, 2, 4]
total successes of this branch: 1
Matrix on 4 elements:

0    0.00000000  0.80172364  0.50166016  0.22325527
1    0.80172364  0.00000000  0.34516626  0.66470144
2    0.50166016  0.34516626  0.00000000  0.35053753
4    0.22325527  0.66470144  0.35053753  0.00000000
