n=7
V=[0, 1, 2, 3, 4, 5, 6]
total successes of this branch: 1
Matrix on 7 elements:

0    0.00000000  3.94555157  3.78451755  3.76098727  3.81716075  2.85243326  2.73509999
1    3.94555157  0.00000000  3.92978604  3.93042738  3.54513850  2.62069770  3.93560131
2    3.78451755  3.92978604  0.00000000  3.22962422  2.41690705  3.86411297  3.41945120
3    3.76098727  3.93042738  3.22962422  0.00000000  3.37168400  3.85382680  1.78804904
4    3.81716075  3.54513850  2.41690705  3.37168400  0.00000000  3.66811448  3.52407997
5    2.85243326  2.62069770  3.86411297  3.85382680  3.66811448  0.00000000  3.51125372
6    2.73509999  3.93560131  3.41945120  1.78804904  3.52407997  3.51125372  0.00000000

--------------------------------------------------------------------------------
n=6
(result of R-step: (0,3:6)0.34209636)
V=[0, 1, 2, 3, 4, 5]
total successes of this branch: 1
Matrix on 6 elements:

0    0.00000000  3.56447070  3.40343668  2.99882553  3.43607988  2.47135239
1    3.56447070  0.00000000  3.92978604  3.54934651  3.54513850  2.62069770
2    3.40343668  3.92978604  0.00000000  2.84854334  2.41690705  3.86411297
3    2.99882553  3.54934651  2.84854334  0.00000000  2.99060313  3.47274592
4    3.43607988  3.54513850  2.41690705  2.99060313  0.00000000  3.66811448
5    2.47135239  2.62069770  3.86411297  3.47274592  3.66811448  0.00000000

--------------------------------------------------------------------------------
n=5
(result of R-step: (0,1:5)0.45208060)
V=[0, 1, 2, 3, 4]
total successes of this branch: 1
Matrix on 5 elements:

0    0.00000000  2.41797218  3.02072786  2.61611671  3.05337106
1    2.41797218  0.00000000  3.16599635  2.78555681  2.78134881
2    3.02072786  3.16599635  0.00000000  2.84854334  2.41690705
3    2.61611671  2.78555681  2.84854334  0.00000000  2.99060313
4    3.05337106  2.78134881  2.41690705  2.99060313  0.00000000

--------------------------------------------------------------------------------
n=4
(result of R-step: (1,2:4)0.20270996)
V=[0, 1, 2, 3]
total successes of this branch: 1
Matrix on 4 elements:

0    0.00000000  2.16563212  2.00459810  2.61611671
1    2.16563212  0.00000000  1.89752652  2.53321675
2    2.00459810  1.89752652  0.00000000  1.83241358
3    2.61611671  2.53321675  1.83241358  0.00000000

--------------------------------------------------------------------------------
n=4
(result of R-step: (3,4:2)0.94524648)
V=[0, 1, 3, 4]
total successes of this branch: 0
reason of abort: negative delta/dxy
