n=7
V=[0, 1, 2, 3, 4, 5, 6]
total successes of this branch: 2
Matrix on 7 elements:

0    0.00000000  1.85222431  1.61613329  1.35504639  1.42964751  1.83583957  1.14069179
1    1.85222431  0.00000000  1.80108758  1.59017624  1.49256678  0.63924434  1.82075281
2    1.61613329  1.80108758  0.00000000  1.67997056  1.69814406  1.79709611  0.85525492
3    1.35504639  1.59017624  1.67997056  0.00000000  1.03726909  1.56873815  1.55501711
4    1.42964751  1.49256678  1.69814406  1.03726909  0.00000000  1.45814595  1.59489052
5    1.83583957  0.63924434  1.79709611  1.56873815  1.45814595  0.00000000  1.81199537
6    1.14069179  1.82075281  0.85525492  1.55501711  1.59489052  1.81199537  0.00000000

--------------------------------------------------------------------------------
n=6
(result of R-step: (0,2:6)0.38456188)
V=[0, 1, 2, 3, 4, 5]
total successes of this branch: 2
Matrix on 6 elements:

0    0.00000000  1.66231760  1.23631987  1.16513968  1.23974080  1.64593286
1    1.66231760  0.00000000  1.61118087  1.59017624  1.49256678  0.63924434
2    1.23631987  1.61118087  0.00000000  1.49006385  1.50823735  1.60718940
3    1.16513968  1.59017624  1.49006385  0.00000000  1.03726909  1.56873815
4    1.23974080  1.49256678  1.50823735  1.03726909  0.00000000  1.45814595
5    1.64593286  0.63924434  1.60718940  1.56873815  1.45814595  0.00000000

--------------------------------------------------------------------------------
n=5
(result of R-step: (1,4:5)0.96122660)
V=[0, 1, 2, 3, 4]
total successes of this branch: 2
Matrix on 5 elements:

0    0.00000000  1.35990584  1.23631987  1.16513968  0.93732904
1    1.35990584  0.00000000  1.30876911  1.28776448  0.88774327
2    1.23631987  1.30876911  0.00000000  1.49006385  1.20582560
3    1.16513968  1.28776448  1.49006385  0.00000000  0.73485734
4    0.93732904  0.88774327  1.20582560  0.73485734  0.00000000

--------------------------------------------------------------------------------
n=4
(result of R-step: (0,3:1)0.73250588)
V=[0, 2, 3, 4]
total successes of this branch: 0
reason of abort: negative delta/dxy

--------------------------------------------------------------------------------
n=4
(result of R-step: (1,4:0)0.88848973)
V=[1, 2, 3, 4]
total successes of this branch: 0
reason of abort: negative delta/dxy

--------------------------------------------------------------------------------
n=4
(result of R-step: (2,3:0)0.28964640)
V=[1, 2, 3, 4]
total successes of this branch: 1
Matrix on 4 elements:

1    0.00000000  1.11579208  0.81793467  0.88774327
2    1.11579208  0.00000000  0.82725700  1.01284857
3    0.81793467  0.82725700  0.00000000  0.26502752
4    0.88774327  1.01284857  0.26502752  0.00000000

--------------------------------------------------------------------------------
n=4
(result of R-step: (2,4:1)0.28567704)
V=[0, 2, 3, 4]
total successes of this branch: 1
Matrix on 4 elements:

0    0.00000000  1.04334284  1.16513968  0.79306335
2    1.04334284  0.00000000  1.29708682  0.86858287
3    1.16513968  1.29708682  0.00000000  0.59059164
4    0.79306335  0.86858287  0.59059164  0.00000000
