n=7
V=[0, 1, 2, 3, 4, 5, 6]
total successes of this branch: 2
Matrix on 7 elements:

0    0.00000000  1.04011555  1.02954198  0.96260185  0.65950117  0.93037021  1.03555045
1    1.04011555  0.00000000  1.01818207  0.97911236  1.03732957  0.98383574  0.32105941
2    1.02954198  1.01818207  0.00000000  1.02453905  0.97570059  1.02492642  1.01855646
3    0.96260185  0.97911236  1.02453905  0.00000000  0.97046909  0.57855683  0.93793164
4    0.65950117  1.03732957  0.97570059  0.97046909  0.00000000  0.94639134  1.03339188
5    0.93037021  0.98383574  1.02492642  0.57855683  0.94639134  0.00000000  0.95996721
6    1.03555045  0.32105941  1.01855646  0.93793164  1.03339188  0.95996721  0.00000000

--------------------------------------------------------------------------------
n=6
(result of R-step: (1,3:6)0.94110592)
V=[0, 1, 2, 3, 4, 5]
total successes of this branch: 2
Matrix on 6 elements:

0    0.00000000  0.90017620  1.02954198  0.82266250  0.65950117  0.93037021
1    0.90017620  0.00000000  0.87824273  0.69923367  0.89739022  0.84389639
2    1.02954198  0.87824273  0.00000000  0.88459970  0.97570059  1.02492642
3    0.82266250  0.69923367  0.88459970  0.00000000  0.83052975  0.43861749
4    0.65950117  0.89739022  0.97570059  0.83052975  0.00000000  0.94639134
5    0.93037021  0.84389639  1.02492642  0.43861749  0.94639134  0.00000000

--------------------------------------------------------------------------------
n=5
(result of R-step: (1,4:2)0.84944997)
V=[0, 1, 3, 4, 5]
total successes of this branch: 2
Matrix on 5 elements:

0    0.00000000  0.56022611  0.82266250  0.50070649  0.93037021
1    0.56022611  0.00000000  0.35928357  0.39864544  0.50394630
3    0.82266250  0.35928357  0.00000000  0.67173506  0.43861749
4    0.50070649  0.39864544  0.67173506  0.00000000  0.78759665
5    0.93037021  0.50394630  0.43861749  0.78759665  0.00000000

--------------------------------------------------------------------------------
n=4
(result of R-step: (0,3:1)0.51060348)
V=[0, 3, 4, 5]
total successes of this branch: 0
Matrix on 4 elements:

0    0.00000000  0.35871436  0.16445753  0.59412125
3    0.35871436  0.00000000  0.54403588  0.31091830
4    0.16445753  0.54403588  0.00000000  0.78759665
5    0.59412125  0.31091830  0.78759665  0.00000000
reason of abort: no pseudometric

--------------------------------------------------------------------------------
n=4
(result of R-step: (0,5:1)0.46147125)
V=[0, 3, 4, 5]
total successes of this branch: 0
Matrix on 4 elements:

0    0.00000000  0.48054514  0.15858912  0.28077915
3    0.48054514  0.00000000  0.67173506  0.13114380
4    0.15858912  0.67173506  0.00000000  0.48012296
5    0.28077915  0.13114380  0.48012296  0.00000000
reason of abort: no pseudometric

--------------------------------------------------------------------------------
n=4
(result of R-step: (3,4:0)0.06074310)
V=[1, 3, 4, 5]
total successes of this branch: 0
Matrix on 4 elements:

1    0.00000000  0.13078781  0.24111048  0.50394630
3    0.13078781  0.00000000  0.28570435  0.21012172
4    0.24111048  0.28570435  0.00000000  0.63006170
5    0.50394630  0.21012172  0.63006170  0.00000000
reason of abort: no pseudometric

--------------------------------------------------------------------------------
n=4
(result of R-step: (3,4:1)0.51148007)
V=[0, 3, 4, 5]
total successes of this branch: 1
Matrix on 4 elements:

0    0.00000000  0.68943926  0.33672054  0.93037021
3    0.68943926  0.00000000  0.37452586  0.30539424
4    0.33672054  0.37452586  0.00000000  0.62361071
5    0.93037021  0.30539424  0.62361071  0.00000000

--------------------------------------------------------------------------------
n=4
(result of R-step: (4,5:0)0.96852055)
V=[1, 3, 4, 5]
total successes of this branch: 1
Matrix on 4 elements:

1    0.00000000  0.35928357  0.23465949  0.35621804
3    0.35928357  0.00000000  0.50774911  0.29088923
4    0.23465949  0.50774911  0.00000000  0.47588245
5    0.35621804  0.29088923  0.47588245  0.00000000

--------------------------------------------------------------------------------
n=4
(result of R-step: (4,5:1)0.43877247)
V=[0, 3, 4, 5]
total successes of this branch: 0
Matrix on 4 elements:

0    0.00000000  0.82266250  0.34317153  0.62747162
3    0.82266250  0.00000000  0.51420011  0.13571889
4    0.34317153  0.51420011  0.00000000  0.32716311
5    0.62747162  0.13571889  0.32716311  0.00000000
reason of abort: no pseudometric
