n=7
V=[0, 1, 2, 3, 4, 5, 6]
total successes of this branch: 2
Matrix on 7 elements:

0    0.00000000  0.67782742  0.66251761  0.67583793  0.38259189  0.67627092  0.47793445
1    0.67782742  0.00000000  0.63832647  0.28320223  0.50001617  0.23343094  0.64970616
2    0.66251761  0.63832647  0.00000000  0.58528595  0.65342452  0.59682980  0.20637979
3    0.67583793  0.28320223  0.58528595  0.00000000  0.52825200  0.10428949  0.61137276
4    0.38259189  0.50001617  0.65342452  0.52825200  0.00000000  0.52210669  0.57540126
5    0.67627092  0.23343094  0.59682980  0.10428949  0.52210669  0.00000000  0.61971573
6    0.47793445  0.64970616  0.20637979  0.61137276  0.57540126  0.61971573  0.00000000

--------------------------------------------------------------------------------
n=6
(result of R-step: (0,2:6)0.28808665)
V=[0, 1, 2, 3, 4, 5]
total successes of this branch: 2
Matrix on 6 elements:

0    0.00000000  0.66692910  0.64072098  0.66493961  0.37169358  0.66537261
1    0.66692910  0.00000000  0.62742815  0.28320223  0.50001617  0.23343094
2    0.64072098  0.62742815  0.00000000  0.57438763  0.64252620  0.58593148
3    0.66493961  0.28320223  0.57438763  0.00000000  0.52825200  0.10428949
4    0.37169358  0.50001617  0.64252620  0.52825200  0.00000000  0.52210669
5    0.66537261  0.23343094  0.58593148  0.10428949  0.52210669  0.00000000

--------------------------------------------------------------------------------
n=5
(result of R-step: (1,3:5)0.21764217)
V=[0, 1, 2, 3, 4]
total successes of this branch: 2
Matrix on 5 elements:

0    0.00000000  0.63967000  0.64072098  0.63768051  0.37169358
1    0.63967000  0.00000000  0.60016905  0.22868403  0.47275706
2    0.64072098  0.60016905  0.00000000  0.54712853  0.64252620
3    0.63768051  0.22868403  0.54712853  0.00000000  0.50099290
4    0.37169358  0.47275706  0.64252620  0.50099290  0.00000000

--------------------------------------------------------------------------------
n=4
(result of R-step: (1,2:3)0.82085314)
V=[0, 1, 2, 4]
total successes of this branch: 1
Matrix on 4 elements:

0    0.00000000  0.56453878  0.48259470  0.37169358
1    0.56453878  0.00000000  0.36691155  0.39762584
2    0.48259470  0.36691155  0.00000000  0.48439993
4    0.37169358  0.39762584  0.48439993  0.00000000

--------------------------------------------------------------------------------
n=4
(result of R-step: (2,4:0)0.37188341)
V=[1, 2, 3, 4]
total successes of this branch: 1
Matrix on 4 elements:

1    0.00000000  0.44204277  0.22868403  0.46223496
2    0.44204277  0.00000000  0.38900225  0.47387783
3    0.22868403  0.38900225  0.00000000  0.49047080
4    0.46223496  0.47387783  0.49047080  0.00000000
