n=7
V=[0, 1, 2, 3, 4, 5, 6]
total successes of this branch: 2
Matrix on 7 elements:

0    0.00000000  1.96636308  1.88294029  1.60580187  1.74884059  1.21217762  1.87576632
1    1.96636308  0.00000000  1.67514176  1.95076975  1.80625684  1.90313527  1.68215606
2    1.88294029  1.67514176  0.00000000  1.87432608  1.71918948  1.81827319  0.60839198
3    1.60580187  1.95076975  1.87432608  0.00000000  1.75342981  1.66410186  1.86785846
4    1.74884059  1.80625684  1.71918948  1.75342981  0.00000000  1.39858689  1.65640610
5    1.21217762  1.90313527  1.81827319  1.66410186  1.39858689  0.00000000  1.79582112
6    1.87576632  1.68215606  0.60839198  1.86785846  1.65640610  1.79582112  0.00000000

--------------------------------------------------------------------------------
n=6
(result of R-step: (2,4:6)0.94650273)
V=[0, 1, 2, 3, 4, 5]
total successes of this branch: 2
Matrix on 6 elements:

0    0.00000000  1.96636308  1.61013598  1.60580187  1.47603629  1.21217762
1    1.96636308  0.00000000  1.40233746  1.95076975  1.53345253  1.90313527
2    1.61013598  1.40233746  0.00000000  1.60152178  1.17358087  1.54546889
3    1.60580187  1.95076975  1.60152178  0.00000000  1.48062551  1.66410186
4    1.47603629  1.53345253  1.17358087  1.48062551  0.00000000  1.12578258
5    1.21217762  1.90313527  1.54546889  1.66410186  1.12578258  0.00000000

--------------------------------------------------------------------------------
n=5
(result of R-step: (2,3:1)0.98829541)
V=[0, 2, 3, 4, 5]
total successes of this branch: 2
Matrix on 5 elements:

0    0.00000000  1.09039540  1.10534451  1.47603629  1.21217762
2    1.09039540  0.00000000  0.58132383  0.65384028  1.02572830
3    1.10534451  0.58132383  0.00000000  0.98016814  1.16364450
4    1.47603629  0.65384028  0.98016814  0.00000000  1.12578258
5    1.21217762  1.02572830  1.16364450  1.12578258  0.00000000

--------------------------------------------------------------------------------
n=4
(result of R-step: (0,2:3)0.29636280)
V=[0, 2, 4, 5]
total successes of this branch: 1
Matrix on 4 elements:

0    0.00000000  0.53471601  1.04507433  0.78121566
2    0.53471601  0.00000000  0.52912286  0.90101087
4    1.04507433  0.52912286  0.00000000  1.12578258
5    0.78121566  0.90101087  1.12578258  0.00000000

--------------------------------------------------------------------------------
n=4
(result of R-step: (0,5:2)0.27016858)
V=[0, 3, 4, 5]
total successes of this branch: 0
reason of abort: negative delta/dxy

--------------------------------------------------------------------------------
n=4
(result of R-step: (2,5:3)0.11075313)
V=[0, 2, 4, 5]
total successes of this branch: 0
reason of abort: negative delta/dxy

--------------------------------------------------------------------------------
n=4
(result of R-step: (3,4:2)0.69901854)
V=[0, 3, 4, 5]
total successes of this branch: 1
Matrix on 4 elements:

0    0.00000000  0.81005059  1.31787863  1.21217762
3    0.81005059  0.00000000  0.52671657  0.86835058
4    1.31787863  0.52671657  0.00000000  0.96762493
5    1.21217762  0.86835058  0.96762493  0.00000000

--------------------------------------------------------------------------------
n=4
(result of R-step: (4,5:3)0.53098406)
V=[0, 2, 4, 5]
total successes of this branch: 0
reason of abort: negative delta/dxy
