n=7
V=[0, 1, 2, 3, 4, 5, 6]
total successes of this branch: 1
Matrix on 7 elements:

0    0.00000000  1.14407030  0.97103434  1.03607321  0.97357358  1.00833882  0.41628704
1    1.14407030  0.00000000  1.09701026  0.81268875  0.86692557  0.83675649  1.12589676
2    0.97103434  1.09701026  0.00000000  1.06604601  1.05049556  1.05914545  0.62202266
3    1.03607321  0.81268875  1.06604601  0.00000000  0.71670631  0.36548110  1.04764804
4    0.97357358  0.86692557  1.05049556  0.71670631  0.00000000  0.43651230  1.00327914
5    1.00833882  0.83675649  1.05914545  0.36548110  0.43651230  0.00000000  1.02795922
6    0.41628704  1.12589676  0.62202266  1.04764804  1.00327914  1.02795922  0.00000000

--------------------------------------------------------------------------------
n=6
(result of R-step: (0,2:6)0.61382217)
V=[0, 1, 2, 3, 4, 5]
total successes of this branch: 1
Matrix on 6 elements:

0    0.00000000  1.11043262  0.90375898  1.00243553  0.93993590  0.97470114
1    1.11043262  0.00000000  1.06337258  0.81268875  0.86692557  0.83675649
2    0.90375898  1.06337258  0.00000000  1.03240833  1.01685788  1.02550777
3    1.00243553  0.81268875  1.03240833  0.00000000  0.71670631  0.36548110
4    0.93993590  0.86692557  1.01685788  0.71670631  0.00000000  0.43651230
5    0.97470114  0.83675649  1.02550777  0.36548110  0.43651230  0.00000000

--------------------------------------------------------------------------------
n=5
(result of R-step: (0,1:2)0.59781895)
V=[0, 1, 3, 4, 5]
total successes of this branch: 1
Matrix on 5 elements:

0    0.00000000  0.45239289  0.70896987  0.64647024  0.68123549
1    0.45239289  0.00000000  0.44811468  0.50235150  0.47218242
3    0.70896987  0.44811468  0.00000000  0.71670631  0.36548110
4    0.64647024  0.50235150  0.71670631  0.00000000  0.43651230
5    0.68123549  0.47218242  0.36548110  0.43651230  0.00000000

--------------------------------------------------------------------------------
n=4
(result of R-step: (0,3:1)0.83177219)
V=[0, 3, 4, 5]
total successes of this branch: 1
Matrix on 4 elements:

0    0.00000000  0.37234027  0.35248419  0.38724943
3    0.37234027  0.00000000  0.67406276  0.32283755
4    0.35248419  0.67406276  0.00000000  0.43651230
5    0.38724943  0.32283755  0.43651230  0.00000000

--------------------------------------------------------------------------------
n=4
(result of R-step: (0,5:1)0.12577160)
V=[0, 3, 4, 5]
total successes of this branch: 0
reason of abort: negative delta/dxy

--------------------------------------------------------------------------------
n=4
(result of R-step: (1,5:3)0.85671946)
V=[0, 1, 4, 5]
total successes of this branch: 0
reason of abort: negative delta/dxy

--------------------------------------------------------------------------------
n=4
(result of R-step: (4,5:1)0.80695305)
V=[0, 3, 4, 5]
total successes of this branch: 0
reason of abort: negative delta/dxy
