n=7
V=[0, 1, 2, 3, 4, 5, 6]
total successes of this branch: 2
Matrix on 7 elements:

0    0.00000000  0.94721177  0.93614717  0.92264785  0.77783174  0.93785681  0.94676903
1    0.94721177  0.00000000  0.92707598  0.88275297  0.94262762  0.89247296  0.59402074
2    0.93614717  0.92707598  0.00000000  0.92957898  0.88948056  0.73773237  0.92712110
3    0.92264785  0.88275297  0.92957898  0.00000000  0.92422581  0.92234368  0.87745335
4    0.77783174  0.94262762  0.88948056  0.92422581  0.00000000  0.89769256  0.94229595
5    0.93785681  0.89247296  0.73773237  0.92234368  0.89769256  0.00000000  0.89301135
6    0.94676903  0.59402074  0.92712110  0.87745335  0.94229595  0.89301135  0.00000000

--------------------------------------------------------------------------------
n=6
(result of R-step: (1,3:6)0.98197603)
V=[0, 1, 2, 3, 4, 5]
total successes of this branch: 2
Matrix on 6 elements:

0    0.00000000  0.65285121  0.93614717  0.62828729  0.77783174  0.93785681
1    0.65285121  0.00000000  0.63271542  0.29403185  0.64826706  0.59811240
2    0.93614717  0.63271542  0.00000000  0.63521842  0.88948056  0.73773237
3    0.62828729  0.29403185  0.63521842  0.00000000  0.62986524  0.62798312
4    0.77783174  0.64826706  0.88948056  0.62986524  0.00000000  0.89769256
5    0.93785681  0.59811240  0.73773237  0.62798312  0.89769256  0.00000000

--------------------------------------------------------------------------------
n=5
(result of R-step: (3,4:0)0.42093789)
V=[1, 2, 3, 4, 5]
total successes of this branch: 2
Matrix on 5 elements:

1    0.00000000  0.63271542  0.16353633  0.33828095  0.59811240
2    0.63271542  0.00000000  0.50472290  0.57949445  0.73773237
3    0.16353633  0.50472290  0.00000000  0.18938362  0.49748760
4    0.33828095  0.57949445  0.18938362  0.00000000  0.58770645
5    0.59811240  0.73773237  0.49748760  0.58770645  0.00000000

--------------------------------------------------------------------------------
n=4
(result of R-step: (1,2:4)0.82014263)
V=[1, 2, 3, 5]
total successes of this branch: 0
Matrix on 4 elements:

1    0.00000000  0.20706359  0.00502728  0.43960336
2    0.20706359  0.00000000  0.23758012  0.47058959
3    0.00502728  0.23758012  0.00000000  0.49748760
5    0.43960336  0.47058959  0.49748760  0.00000000
reason of abort: no pseudometric

--------------------------------------------------------------------------------
n=4
(result of R-step: (1,5:4)0.65462472)
V=[1, 2, 3, 5]
total successes of this branch: 0
Matrix on 4 elements:

1    0.00000000  0.46376447 -0.00541462  0.01561345
2    0.46376447  0.00000000  0.50472290  0.32418437
3   -0.00541462  0.50472290  0.00000000  0.08393960
5    0.01561345  0.32418437  0.08393960  0.00000000
reason of abort: no pseudometric

--------------------------------------------------------------------------------
n=4
(result of R-step: (2,3:4)0.36921407)
V=[1, 2, 3, 5]
total successes of this branch: 1
Matrix on 4 elements:

1    0.00000000  0.28115074  0.16233487  0.59811240
2    0.28115074  0.00000000  0.15195677  0.38616770
3    0.16233487  0.15195677  0.00000000  0.49628615
5    0.59811240  0.38616770  0.49628615  0.00000000

--------------------------------------------------------------------------------
n=4
(result of R-step: (3,5:4)0.50401967)
V=[1, 2, 3, 5]
total successes of this branch: 0
reason of abort: negative delta/dxy

--------------------------------------------------------------------------------
n=4
(result of R-step: (4,5:2)0.56694185)
V=[1, 3, 4, 5]
total successes of this branch: 1
Matrix on 4 elements:

1    0.00000000  0.16353633  0.21210307  0.34107458
3    0.16353633  0.00000000  0.06320574  0.24044978
4    0.21210307  0.06320574  0.00000000  0.20449075
5    0.34107458  0.24044978  0.20449075  0.00000000
