n=7
V=[0, 1, 2, 3, 4, 5, 6]
total successes of this branch: 2
Matrix on 7 elements:

0    0.00000000  1.37471193  1.25647048  0.94176209  1.12415947  0.56349904  0.92825764
1    1.37471193  0.00000000  0.91564013  1.19793180  1.03432237  1.30681895  0.50754543
2    1.25647048  0.91564013  0.00000000  1.05938996  0.85336767  1.18078107  1.03147658
3    0.94176209  1.19793180  1.05938996  0.00000000  0.90994144  0.70590865  1.11086857
4    1.12415947  1.03432237  0.85336767  0.90994144  0.00000000  1.04188834  1.06485489
5    0.56349904  1.30681895  1.18078107  0.70590865  1.04188834  0.00000000  1.05419021
6    0.92825764  0.50754543  1.03147658  1.11086857  1.06485489  1.05419021  0.00000000

--------------------------------------------------------------------------------
n=6
(result of R-step: (0,1:6)0.33986543)
V=[0, 1, 2, 3, 4, 5]
total successes of this branch: 2
Matrix on 6 elements:

0    0.00000000  1.31362080  1.22592492  0.91121652  1.09361390  0.53295348
1    1.31362080  0.00000000  0.88509456  1.16738624  1.00377680  1.27627338
2    1.22592492  0.88509456  0.00000000  1.05938996  0.85336767  1.18078107
3    0.91121652  1.16738624  1.05938996  0.00000000  0.90994144  0.70590865
4    1.09361390  1.00377680  0.85336767  0.90994144  0.00000000  1.04188834
5    0.53295348  1.27627338  1.18078107  0.70590865  1.04188834  0.00000000

--------------------------------------------------------------------------------
n=5
(result of R-step: (0,3:5)0.61594674)
V=[0, 1, 2, 3, 4]
total successes of this branch: 2
Matrix on 5 elements:

0    0.00000000  1.18034356  1.09264768  0.61411649  0.96033667
1    1.18034356  0.00000000  0.88509456  1.00356344  1.00377680
2    1.09264768  0.88509456  0.00000000  0.89556716  0.85336767
3    0.61411649  1.00356344  0.89556716  0.00000000  0.74611864
4    0.96033667  1.00377680  0.85336767  0.74611864  0.00000000

--------------------------------------------------------------------------------
n=4
(result of R-step: (0,1:4)0.37808690)
V=[0, 1, 2, 3]
total successes of this branch: 0
Matrix on 4 elements:

0    0.00000000  0.19857077  0.64768973  0.16915853
1    0.19857077  0.00000000  0.34827972  0.46674859
2    0.64768973  0.34827972  0.00000000  0.89556716
3    0.16915853  0.46674859  0.89556716  0.00000000
reason of abort: no pseudometric

--------------------------------------------------------------------------------
n=4
(result of R-step: (0,2:1)0.10919338)
V=[0, 2, 3, 4]
total successes of this branch: 1
Matrix on 4 elements:

0    0.00000000  0.42804574  0.30147412  0.64769430
2    0.42804574  0.00000000  0.54360759  0.50140810
3    0.30147412  0.54360759  0.00000000  0.74611864
4    0.64769430  0.50140810  0.74611864  0.00000000

--------------------------------------------------------------------------------
n=4
(result of R-step: (0,2:4)0.46494003)
V=[0, 1, 2, 3]
total successes of this branch: 0
Matrix on 4 elements:

0    0.00000000  0.75631526  0.32852398  0.19008818
1    0.75631526  0.00000000  0.54499916  1.00356344
2    0.32852398  0.54499916  0.00000000  0.55547177
3    0.19008818  1.00356344  0.55547177  0.00000000
reason of abort: no pseudometric

--------------------------------------------------------------------------------
n=4
(result of R-step: (1,3:4)0.67352156)
V=[0, 1, 2, 3]
total successes of this branch: 0
Matrix on 4 elements:

0    0.00000000  0.65231225  1.09264768  0.45278425
1    0.65231225  0.00000000  0.35706325  0.31419989
2    1.09264768  0.35706325  0.00000000  0.73423492
3    0.45278425  0.31419989  0.73423492  0.00000000
reason of abort: no pseudometric

--------------------------------------------------------------------------------
n=4
(result of R-step: (2,3:1)0.83109006)
V=[0, 2, 3, 4]
total successes of this branch: 0
Matrix on 4 elements:

0    0.00000000  0.75255229  0.34550615  0.96033667
2    0.75255229  0.00000000  0.28686143  0.51327228
3    0.34550615  0.28686143  0.00000000  0.47750831
4    0.96033667  0.51327228  0.47750831  0.00000000
reason of abort: no pseudometric

--------------------------------------------------------------------------------
n=4
(result of R-step: (2,3:4)0.57957583)
V=[0, 1, 2, 3]
total successes of this branch: 1
Matrix on 4 elements:

0    0.00000000  1.18034356  0.74068811  0.42597971
1    1.18034356  0.00000000  0.53313498  0.81542666
2    0.74068811  0.53313498  0.00000000  0.35547081
3    0.42597971  0.81542666  0.35547081  0.00000000
