n=7
V=[0, 1, 2, 3, 4, 5, 6]
total successes of this branch: 2
Matrix on 7 elements:

0    0.00000000  2.22044431  2.13908300  1.88673830  1.00718141  0.57200424  0.50247386
1    2.22044431  0.00000000  1.73979547  1.90058462  2.13736478  2.19668050  2.20543440
2    2.13908300  1.73979547  0.00000000  1.94366886  1.90255100  2.07142613  2.09634895
3    1.88673830  1.90058462  1.94366886  0.00000000  1.89657867  1.88955301  1.88851615
4    1.00718141  2.13736478  1.90255100  1.89657867  0.00000000  0.83283529  0.89705931
5    0.57200424  2.19668050  2.07142613  1.88955301  0.83283529  0.00000000  0.45278358
6    0.50247386  2.20543440  2.09634895  1.88851615  0.89705931  0.45278358  0.00000000

--------------------------------------------------------------------------------
n=6
(result of R-step: (0,5:6)0.36837084)
V=[0, 1, 2, 3, 4, 5]
total successes of this branch: 2
Matrix on 6 elements:

0    0.00000000  2.02881771  1.94745640  1.69511169  0.81555481  0.18875104
1    2.02881771  0.00000000  1.73979547  1.90058462  2.13736478  2.00505390
2    1.94745640  1.73979547  0.00000000  1.94366886  1.90255100  1.87979953
3    1.69511169  1.90058462  1.94366886  0.00000000  1.89657867  1.69792640
4    0.81555481  2.13736478  1.90255100  1.89657867  0.00000000  0.64120868
5    0.18875104  2.00505390  1.87979953  1.69792640  0.64120868  0.00000000

--------------------------------------------------------------------------------
n=5
(result of R-step: (0,4:5)0.71396315)
V=[0, 1, 2, 3, 4]
total successes of this branch: 2
Matrix on 5 elements:

0    0.00000000  2.02161526  1.94025395  1.68790924  0.60952330
1    2.02161526  0.00000000  1.73979547  1.90058462  1.93853572
2    1.94025395  1.73979547  0.00000000  1.94366886  1.70372194
3    1.68790924  1.90058462  1.94366886  0.00000000  1.69774961
4    0.60952330  1.93853572  1.70372194  1.69774961  0.00000000

--------------------------------------------------------------------------------
n=4
(result of R-step: (0,1:4)0.40365000)
V=[0, 1, 2, 3]
total successes of this branch: 0
reason of abort: negative delta/dxy

--------------------------------------------------------------------------------
n=4
(result of R-step: (0,2:4)0.82715127)
V=[0, 1, 2, 3]
total successes of this branch: 1
Matrix on 4 elements:

0    0.00000000  1.83511961  1.36843359  1.50141359
1    1.83511961  0.00000000  1.35447077  1.90058462
2    1.36843359  1.35447077  0.00000000  1.55834415
3    1.50141359  1.90058462  1.55834415  0.00000000

--------------------------------------------------------------------------------
n=4
(result of R-step: (2,3:1)0.37715232)
V=[0, 2, 3, 4]
total successes of this branch: 1
Matrix on 4 elements:

0    0.00000000  1.55492924  0.94214763  0.60952330
2    1.55492924  0.00000000  0.81258254  1.31839724
3    0.94214763  0.81258254  0.00000000  0.95198800
4    0.60952330  1.31839724  0.95198800  0.00000000
