n=7
V=[0, 1, 2, 3, 4, 5, 6]
total successes of this branch: 1
Matrix on 7 elements:

0    0.00000000  1.34317276  1.22414497  1.29986406  1.28504240  1.19877677  1.30821007
1    1.34317276  0.00000000  0.98355897  0.86988324  0.89213474  0.82808238  0.73792054
2    1.22414497  0.98355897  0.00000000  0.91854039  0.87420971  1.03623581  0.93107010
3    1.29986406  0.86988324  0.91854039  0.00000000  0.73639990  0.96402849  0.31707110
4    1.28504240  0.89213474  0.87420971  0.73639990  0.00000000  0.97816274  0.76641150
5    1.19877677  0.82808238  1.03623581  0.96402849  0.97816274  0.00000000  0.93783037
6    1.30821007  0.73792054  0.93107010  0.31707110  0.76641150  0.93783037  0.00000000

--------------------------------------------------------------------------------
n=6
(result of R-step: (1,3:6)0.19270962)
V=[0, 1, 2, 3, 4, 5]
total successes of this branch: 1
Matrix on 6 elements:

0    0.00000000  1.25061856  1.22414497  1.20730986  1.28504240  1.19877677
1    1.25061856  0.00000000  0.89100477  0.68477484  0.79958054  0.73552818
2    1.22414497  0.89100477  0.00000000  0.82598619  0.87420971  1.03623581
3    1.20730986  0.68477484  0.82598619  0.00000000  0.64384570  0.87147429
4    1.28504240  0.79958054  0.87420971  0.64384570  0.00000000  0.97816274
5    1.19877677  0.73552818  1.03623581  0.87147429  0.97816274  0.00000000

--------------------------------------------------------------------------------
n=5
(result of R-step: (2,3:4)0.19574535)
V=[0, 1, 2, 3, 5]
total successes of this branch: 1
Matrix on 5 elements:

0    0.00000000  1.25061856  0.87811036  0.95382945  1.19877677
1    1.25061856  0.00000000  0.54497016  0.43129443  0.73552818
2    0.87811036  0.54497016  0.00000000  0.22647117  0.69020119
3    0.95382945  0.43129443  0.22647117  0.00000000  0.61799388
5    1.19877677  0.73552818  0.69020119  0.61799388  0.00000000

--------------------------------------------------------------------------------
n=4
(result of R-step: (0,3:2)0.17384170)
V=[0, 1, 3, 5]
total successes of this branch: 1
Matrix on 4 elements:

0    0.00000000  0.90877537  0.55787266  0.85693357
1    0.90877537  0.00000000  0.37718082  0.73552818
3    0.55787266  0.37718082  0.00000000  0.56388027
5    0.85693357  0.73552818  0.56388027  0.00000000

--------------------------------------------------------------------------------
n=4
(result of R-step: (1,3:0)0.35258083)
V=[1, 2, 3, 5]
total successes of this branch: 0
reason of abort: negative delta/dxy

--------------------------------------------------------------------------------
n=4
(result of R-step: (1,5:2)0.29704002)
V=[0, 1, 3, 5]
total successes of this branch: 0
reason of abort: negative delta/dxy

--------------------------------------------------------------------------------
n=4
(result of R-step: (2,5:0)0.89197167)
V=[1, 2, 3, 5]
total successes of this branch: 0
reason of abort: negative delta/dxy
