n=7
V=[0, 1, 2, 3, 4, 5, 6]
total successes of this branch: 2
Matrix on 7 elements:

0    0.00000000  1.59163655  1.58369378  1.58836181  1.58535732  1.19006641  0.87562793
1    1.59163655  0.00000000  1.56597236  1.50126583  1.54291301  1.57335284  1.57850949
2    1.58369378  1.56597236  0.00000000  1.52057898  1.11017660  0.60855800  0.88358044
3    1.58836181  1.50126583  1.52057898  0.00000000  1.29334595  1.54007189  1.55369133
4    1.58535732  1.54291301  1.11017660  1.29334595  0.00000000  1.24682854  1.34230551
5    1.19006641  1.57335284  0.60855800  1.54007189  1.24682854  0.00000000  0.38961327
6    0.87562793  1.57850949  0.88358044  1.55369133  1.34230551  0.38961327  0.00000000

--------------------------------------------------------------------------------
n=6
(result of R-step: (0,5:6)0.28203502)
V=[0, 1, 2, 3, 4, 5]
total successes of this branch: 2
Matrix on 6 elements:

0    0.00000000  1.55404915  1.54610639  1.55077441  1.54776992  1.11489162
1    1.55404915  0.00000000  1.56597236  1.50126583  1.54291301  1.53576544
2    1.54610639  1.56597236  0.00000000  1.52057898  1.11017660  0.57097061
3    1.55077441  1.50126583  1.52057898  0.00000000  1.29334595  1.50248449
4    1.54776992  1.54291301  1.11017660  1.29334595  0.00000000  1.20924114
5    1.11489162  1.53576544  0.57097061  1.50248449  1.20924114  0.00000000

--------------------------------------------------------------------------------
n=5
(result of R-step: (0,2:5)0.28757888)
V=[0, 1, 2, 3, 4]
total successes of this branch: 2
Matrix on 5 elements:

0    0.00000000  1.48417124  1.36876316  1.48089649  1.47789200
1    1.48417124  0.00000000  1.45850705  1.50126583  1.54291301
2    1.36876316  1.45850705  0.00000000  1.41311366  1.00271129
3    1.48089649  1.50126583  1.41311366  0.00000000  1.29334595
4    1.47789200  1.54291301  1.00271129  1.29334595  0.00000000

--------------------------------------------------------------------------------
n=4
(result of R-step: (0,3:1)0.89199099)
V=[0, 2, 3, 4]
total successes of this branch: 1
Matrix on 4 elements:

0    0.00000000  0.67409951  0.34476106  0.78322836
2    0.67409951  0.00000000  0.97164187  1.00271129
3    0.34476106  0.97164187  0.00000000  0.85187416
4    0.78322836  1.00271129  0.85187416  0.00000000

--------------------------------------------------------------------------------
n=4
(result of R-step: (2,3:4)0.64363173)
V=[0, 1, 2, 3]
total successes of this branch: 1
Matrix on 4 elements:

0    0.00000000  1.48417124  1.03475668  1.03942470
1    1.48417124  0.00000000  1.12450058  1.05979404
2    1.03475668  1.12450058  0.00000000  0.63763540
3    1.03942470  1.05979404  0.63763540  0.00000000

--------------------------------------------------------------------------------
n=4
(result of R-step: (2,4:1)0.88092475)
V=[0, 2, 3, 4]
total successes of this branch: 0
reason of abort: negative delta/dxy
