n=7
V=[0, 1, 2, 3, 4, 5, 6]
total successes of this branch: 1
Matrix on 7 elements:

0    0.00000000  1.99113622  1.97951560  1.98028496  1.37668761  0.22443748  1.17598911
1    1.99113622  0.00000000  1.97181246  1.92123317  1.61267324  1.99078734  1.98049972
2    1.97951560  1.97181246  0.00000000  1.25843056  1.97657943  1.94724600  0.91280223
3    1.98028496  1.92123317  1.25843056  0.00000000  1.95777649  1.96725227  1.58295003
4    1.37668761  1.61267324  1.97657943  1.95777649  0.00000000  1.38751833  1.70688990
5    0.22443748  1.99078734  1.94724600  1.96725227  1.38751833  0.00000000  1.07372223
6    1.17598911  1.98049972  0.91280223  1.58295003  1.70688990  1.07372223  0.00000000

--------------------------------------------------------------------------------
n=6
(result of R-step: (3,4:1)0.46848296)
V=[0, 2, 3, 4, 5, 6]
total successes of this branch: 1
Matrix on 6 elements:

0    0.00000000  1.97951560  1.39438525  1.03444573  0.22443748  1.17598911
2    1.97951560  0.00000000  0.67253084  1.63433756  1.94724600  0.91280223
3    1.39438525  0.67253084  0.00000000  1.02963491  1.38135256  0.99705031
4    1.03444573  1.63433756  1.02963491  0.00000000  1.04527645  1.36464802
5    0.22443748  1.94724600  1.38135256  1.04527645  0.00000000  1.07372223
6    1.17598911  0.91280223  0.99705031  1.36464802  1.07372223  0.00000000

--------------------------------------------------------------------------------
n=5
(result of R-step: (0,3:4)0.52675957)
V=[0, 2, 3, 5, 6]
total successes of this branch: 1
Matrix on 5 elements:

0    0.00000000  1.88343165  1.27528008  0.12835354  1.07990517
2    1.88343165  0.00000000  0.64950962  1.94724600  0.91280223
3    1.27528008  0.64950962  0.00000000  1.35833133  0.97402909
5    0.12835354  1.94724600  1.35833133  0.00000000  1.07372223
6    1.07990517  0.91280223  0.97402909  1.07372223  0.00000000

--------------------------------------------------------------------------------
n=4
(result of R-step: (0,2:3)0.32736306)
V=[0, 2, 5, 6]
total successes of this branch: 1
Matrix on 4 elements:

0    0.00000000  1.86090444  0.12546555  1.07701718
2    1.86090444  0.00000000  1.92760678  0.89316300
5    0.12546555  1.92760678  0.00000000  1.07372223
6    1.07701718  0.89316300  1.07372223  0.00000000

--------------------------------------------------------------------------------
n=4
(result of R-step: (0,6:5)0.97126154)
V=[0, 2, 3, 6]
total successes of this branch: 0
reason of abort: negative delta/dxy

--------------------------------------------------------------------------------
n=4
(result of R-step: (2,5:3)0.65063721)
V=[0, 2, 5, 6]
total successes of this branch: 0
reason of abort: negative delta/dxy
