n=7
V=[0, 1, 2, 3, 4, 5, 6]
total successes of this branch: 1
Matrix on 7 elements:

0    0.00000000  1.82359241  1.34402326  1.66502615  1.48092515  1.60685789  1.57199760
1    1.82359241  0.00000000  1.53264596  0.76023167  1.20322532  0.90019925  0.98408192
2    1.34402326  1.53264596  0.00000000  1.15109536  0.69958933  1.00843823  0.92294370
3    1.66502615  0.76023167  1.15109536  0.00000000  0.81534472  0.45502031  0.55476412
4    1.48092515  1.20322532  0.69958933  0.81534472  0.00000000  0.64891108  0.50379045
5    1.60685789  0.90019925  1.00843823  0.45502031  0.64891108  0.00000000  0.26978362
6    1.57199760  0.98408192  0.92294370  0.55476412  0.50379045  0.26978362  0.00000000

--------------------------------------------------------------------------------
n=6
(result of R-step: (1,2:0)0.29894369)
V=[1, 2, 3, 4, 5, 6]
total successes of this branch: 1
Matrix on 6 elements:

1    0.00000000  1.15278923  0.56229428  1.00528794  0.70226186  0.78614454
2    1.15278923  0.00000000  0.96917602  0.51766999  0.82651889  0.74102436
3    0.56229428  0.96917602  0.00000000  0.81534472  0.45502031  0.55476412
4    1.00528794  0.51766999  0.81534472  0.00000000  0.64891108  0.50379045
5    0.70226186  0.82651889  0.45502031  0.64891108  0.00000000  0.26978362
6    0.78614454  0.74102436  0.55476412  0.50379045  0.26978362  0.00000000

--------------------------------------------------------------------------------
n=5
(result of R-step: (4,5:6)0.27681670)
V=[1, 2, 3, 4, 5]
total successes of this branch: 1
Matrix on 5 elements:

1    0.00000000  1.15278923  0.56229428  0.94295644  0.63993036
2    1.15278923  0.00000000  0.96917602  0.45533849  0.76418739
3    0.56229428  0.96917602  0.00000000  0.75301322  0.39268881
4    0.94295644  0.45533849  0.75301322  0.00000000  0.52424808
5    0.63993036  0.76418739  0.39268881  0.52424808  0.00000000

--------------------------------------------------------------------------------
n=4
(result of R-step: (1,2:5)0.72151708)
V=[1, 2, 3, 4]
total successes of this branch: 0
Matrix on 4 elements:

1    0.00000000  0.34910188  0.14524710  0.52590925
2    0.34910188  0.00000000  0.58253586  0.06869833
3    0.14524710  0.58253586  0.00000000  0.75301322
4    0.52590925  0.06869833  0.75301322  0.00000000
reason of abort: no pseudometric

--------------------------------------------------------------------------------
n=4
(result of R-step: (1,4:5)0.75342959)
V=[1, 2, 3, 4]
total successes of this branch: 0
Matrix on 4 elements:

1    0.00000000  0.73864547  0.14815052  0.46711038
2    0.73864547  0.00000000  0.96917602  0.39363619
3    0.14815052  0.96917602  0.00000000  0.69131092
4    0.46711038  0.39363619  0.69131092  0.00000000
reason of abort: no pseudometric

--------------------------------------------------------------------------------
n=4
(result of R-step: (2,3:5)0.34498049)
V=[1, 2, 3, 4]
total successes of this branch: 0
Matrix on 4 elements:

1    0.00000000  0.78257793  0.42152355  0.94295644
2    0.78257793  0.00000000  0.45819399  0.08512719
3    0.42152355  0.45819399  0.00000000  0.61224249
4    0.94295644  0.08512719  0.61224249  0.00000000
reason of abort: no pseudometric

--------------------------------------------------------------------------------
n=4
(result of R-step: (2,5:4)0.90051585)
V=[1, 2, 3, 5]
total successes of this branch: 0
reason of abort: negative delta/dxy

--------------------------------------------------------------------------------
n=4
(result of R-step: (3,4:5)0.68404158)
V=[1, 2, 3, 4]
total successes of this branch: 1
Matrix on 4 elements:

1    0.00000000  1.15278923  0.41800095  0.86099460
2    1.15278923  0.00000000  0.82488269  0.37337666
3    0.41800095  0.82488269  0.00000000  0.52675805
4    0.86099460  0.37337666  0.52675805  0.00000000
