n=7
V=[0, 1, 2, 3, 4, 5, 6]
total successes of this branch: 1
Matrix on 7 elements:

0    0.00000000  1.31894712  1.25769988  1.26052580  0.82778771  1.30753792  1.25867655
1    1.31894712  0.00000000  0.72879344  0.72486745  0.70958783  0.30345428  0.72743657
2    1.25769988  0.72879344  0.00000000  0.64762996  0.96484338  0.71294288  0.32712608
3    1.26052580  0.72486745  0.64762996  0.00000000  0.96393075  0.62259622  0.47835743
4    0.82778771  0.70958783  0.96484338  0.96393075  0.00000000  0.75925890  0.96452796
5    1.30753792  0.30345428  0.71294288  0.62259622  0.75925890  0.00000000  0.68171800
6    1.25867655  0.72743657  0.32712608  0.47835743  0.96452796  0.68171800  0.00000000

--------------------------------------------------------------------------------
n=6
(result of R-step: (2,3:6)0.65438815)
V=[0, 1, 2, 3, 4, 5]
total successes of this branch: 1
Matrix on 6 elements:

0    0.00000000  1.31894712  1.17877310  1.18159902  0.82778771  1.30753792
1    1.31894712  0.00000000  0.64986666  0.64594067  0.70958783  0.30345428
2    1.17877310  0.64986666  0.00000000  0.48977640  0.88591660  0.63401610
3    1.18159902  0.64594067  0.48977640  0.00000000  0.88500397  0.54366944
4    0.82778771  0.70958783  0.88591660  0.88500397  0.00000000  0.75925890
5    1.30753792  0.30345428  0.63401610  0.54366944  0.75925890  0.00000000

--------------------------------------------------------------------------------
n=5
(result of R-step: (1,3:5)0.80470827)
V=[0, 1, 2, 3, 4]
total successes of this branch: 1
Matrix on 5 elements:

0    0.00000000  1.21835560  1.17877310  1.15993427  0.82778771
1    1.21835560  0.00000000  0.54927514  0.52368440  0.60899630
2    1.17877310  0.54927514  0.00000000  0.46811165  0.88591660
3    1.15993427  0.52368440  0.46811165  0.00000000  0.86333923
4    0.82778771  0.60899630  0.88591660  0.86333923  0.00000000

--------------------------------------------------------------------------------
n=4
(result of R-step: (0,3:2)0.00412664)
V=[0, 1, 3, 4]
total successes of this branch: 1
Matrix on 4 elements:

0    0.00000000  1.10914139  0.82950672  0.71857350
1    1.10914139  0.00000000  0.30247106  0.60899630
3    0.82950672  0.30247106  0.00000000  0.64212589
4    0.71857350  0.60899630  0.64212589  0.00000000

--------------------------------------------------------------------------------
n=4
(result of R-step: (2,4:0)0.93221544)
V=[1, 2, 3, 4]
total successes of this branch: 0
reason of abort: negative delta/dxy

--------------------------------------------------------------------------------
n=4
(result of R-step: (3,4:0)0.95190803)
V=[1, 2, 3, 4]
total successes of this branch: 0
reason of abort: negative delta/dxy

--------------------------------------------------------------------------------
n=4
(result of R-step: (3,4:2)0.98382616)
V=[0, 1, 3, 4]
total successes of this branch: 0
Matrix on 4 elements:

0    0.00000000  1.21835560  0.94143163  0.44661761
1    1.21835560  0.00000000  0.30518176  0.22782620
3    0.94143163  0.30518176  0.00000000  0.26366648
4    0.44661761  0.22782620  0.26366648  0.00000000
reason of abort: no pseudometric
