n=7
V=[0, 1, 2, 3, 4, 5, 6]
total successes of this branch: 5
Matrix on 7 elements:

0    0.00000000  2.25920038  2.14750672  2.23776973  2.21236214  1.71752897  1.21800140
1    2.25920038  0.00000000  2.09800335  1.43720771  1.62321111  1.11582432  1.52142259
2    2.14750672  2.09800335  0.00000000  1.94111424  1.65390015  2.11391659  2.12583226
3    2.23776973  1.43720771  1.94111424  0.00000000  1.20797166  1.69455450  1.88725326
4    2.21236214  1.62321111  1.65390015  1.20797166  0.00000000  1.81259822  1.95440944
5    1.71752897  1.11582432  2.11391659  1.69455450  1.81259822  0.00000000  0.80889503
6    1.21800140  1.52142259  2.12583226  1.88725326  1.95440944  0.80889503  0.00000000

--------------------------------------------------------------------------------
n=6
(result of R-step: (0,5:6)0.35473741)
V=[0, 1, 2, 3, 4, 5]
total successes of this branch: 5
Matrix on 6 elements:

0    0.00000000  2.10451666  1.99282300  2.08308600  2.05767841  1.40816151
1    2.10451666  0.00000000  2.09800335  1.43720771  1.62321111  0.96114059
2    1.99282300  2.09800335  0.00000000  1.94111424  1.65390015  1.95923286
3    2.08308600  1.43720771  1.94111424  0.00000000  1.20797166  1.53987077
4    2.05767841  1.62321111  1.65390015  1.20797166  0.00000000  1.65791449
5    1.40816151  0.96114059  1.95923286  1.53987077  1.65791449  0.00000000

--------------------------------------------------------------------------------
n=5
(result of R-step: (0,1:5)0.32145766)
V=[0, 1, 2, 3, 4]
total successes of this branch: 5
Matrix on 5 elements:

0    0.00000000  1.68504748  1.86043027  1.95069328  1.92528569
1    1.68504748  0.00000000  1.81092689  1.15013125  1.33613466
2    1.86043027  1.81092689  0.00000000  1.94111424  1.65390015
3    1.95069328  1.15013125  1.94111424  0.00000000  1.20797166
4    1.92528569  1.33613466  1.65390015  1.20797166  0.00000000

--------------------------------------------------------------------------------
n=4
(result of R-step: (0,1:4)0.28608572)
V=[0, 1, 2, 3]
total successes of this branch: 0
reason of abort: negative delta/dxy

--------------------------------------------------------------------------------
n=4
(result of R-step: (0,2:3)0.54086613)
V=[0, 1, 2, 4]
total successes of this branch: 0
reason of abort: negative delta/dxy

--------------------------------------------------------------------------------
n=4
(result of R-step: (0,3:1)0.32374811)
V=[0, 2, 3, 4]
total successes of this branch: 1
Matrix on 4 elements:

0    0.00000000  1.13462908  0.76451330  1.19948449
2    1.13462908  0.00000000  1.48073545  1.65390015
3    0.76451330  1.48073545  0.00000000  0.74759288
4    1.19948449  1.65390015  0.74759288  0.00000000

--------------------------------------------------------------------------------
n=4
(result of R-step: (0,3:4)0.76870914)
V=[0, 1, 2, 3]
total successes of this branch: 0
reason of abort: negative delta/dxy

--------------------------------------------------------------------------------
n=4
(result of R-step: (0,4:2)0.65602990)
V=[0, 1, 3, 4]
total successes of this branch: 1
Matrix on 4 elements:

0    0.00000000  0.95924629  1.22489209  0.98876823
1    0.95924629  0.00000000  1.15013125  1.12541840
3    1.22489209  1.15013125  0.00000000  0.99725540
4    0.98876823  1.12541840  0.99725540  0.00000000

--------------------------------------------------------------------------------
n=4
(result of R-step: (1,2:0)0.55324771)
V=[1, 2, 3, 4]
total successes of this branch: 1
Matrix on 4 elements:

1    0.00000000  0.96299731  0.76258046  0.94858387
2    0.96299731  0.00000000  1.48073545  1.19352136
3    0.76258046  1.48073545  0.00000000  1.20797166
4    0.94858387  1.19352136  1.20797166  0.00000000

--------------------------------------------------------------------------------
n=4
(result of R-step: (1,4:3)0.65902239)
V=[0, 1, 2, 4]
total successes of this branch: 1
Matrix on 4 elements:

0    0.00000000  1.29749669  1.86043027  1.71456942
1    1.29749669  0.00000000  1.42337610  0.73786760
2    1.86043027  1.42337610  0.00000000  1.44318388
4    1.71456942  0.73786760  1.44318388  0.00000000

--------------------------------------------------------------------------------
n=4
(result of R-step: (2,3:1)0.73445551)
V=[0, 2, 3, 4]
total successes of this branch: 0
reason of abort: negative delta/dxy

--------------------------------------------------------------------------------
n=4
(result of R-step: (2,3:4)0.28148401)
V=[0, 1, 2, 3]
total successes of this branch: 1
Matrix on 4 elements:

0    0.00000000  1.68504748  1.40005148  1.49031449
1    1.68504748  0.00000000  1.35054811  0.68975247
2    1.40005148  1.35054811  0.00000000  1.02035666
3    1.49031449  0.68975247  1.02035666  0.00000000

--------------------------------------------------------------------------------
n=4
(result of R-step: (2,4:1)0.22856924)
V=[0, 2, 3, 4]
total successes of this branch: 0
reason of abort: negative delta/dxy
