n=7
V=[0, 1, 2, 3, 4, 5, 6]
total successes of this branch: 2
Matrix on 7 elements:

0    0.00000000  0.91294847  0.89117117  0.89620153  0.76044143  0.84971145  0.90577409
1    0.91294847  0.00000000  0.79220360  0.76961150  0.84303518  0.36452942  0.38465320
2    0.89117117  0.79220360  0.00000000  0.71699065  0.71136665  0.80243552  0.75998241
3    0.89620153  0.76961150  0.71699065  0.00000000  0.79243544  0.78269921  0.48109531
4    0.76044143  0.84303518  0.71136665  0.79243544  0.00000000  0.83449609  0.82135827
5    0.84971145  0.36452942  0.80243552  0.78269921  0.83449609  0.00000000  0.54367318
6    0.90577409  0.38465320  0.75998241  0.48109531  0.82135827  0.54367318  0.00000000

--------------------------------------------------------------------------------
n=6
(result of R-step: (1,3:6)0.57160042)
V=[0, 1, 2, 3, 4, 5]
total successes of this branch: 2
Matrix on 6 elements:

0    0.00000000  0.86487996  0.89117117  0.84813303  0.76044143  0.84971145
1    0.86487996  0.00000000  0.74413510  0.67347449  0.79496667  0.31646091
2    0.89117117  0.74413510  0.00000000  0.66892214  0.71136665  0.80243552
3    0.84813303  0.67347449  0.66892214  0.00000000  0.74436693  0.73463070
4    0.76044143  0.79496667  0.71136665  0.74436693  0.00000000  0.83449609
5    0.84971145  0.31646091  0.80243552  0.73463070  0.83449609  0.00000000

--------------------------------------------------------------------------------
n=5
(result of R-step: (0,1:5)0.10338656)
V=[0, 1, 2, 3, 4]
total successes of this branch: 2
Matrix on 5 elements:

0    0.00000000  0.61165606  0.74052497  0.69748682  0.60979523
1    0.61165606  0.00000000  0.64155740  0.57089679  0.69238897
2    0.74052497  0.64155740  0.00000000  0.66892214  0.71136665
3    0.69748682  0.57089679  0.66892214  0.00000000  0.74436693
4    0.60979523  0.69238897  0.71136665  0.74436693  0.00000000

--------------------------------------------------------------------------------
n=4
(result of R-step: (0,1:2)0.37788626)
V=[0, 1, 3, 4]
total successes of this branch: 0
reason of abort: negative delta/dxy

--------------------------------------------------------------------------------
n=4
(result of R-step: (0,3:1)0.11938050)
V=[0, 2, 3, 4]
total successes of this branch: 1
Matrix on 4 elements:

0    0.00000000  0.60085271  0.26055611  0.47012297
2    0.60085271  0.00000000  0.37166369  0.71136665
3    0.26055611  0.37166369  0.00000000  0.44710848
4    0.47012297  0.71136665  0.44710848  0.00000000

--------------------------------------------------------------------------------
n=4
(result of R-step: (0,3:2)0.59122976)
V=[0, 1, 3, 4]
total successes of this branch: 0
Matrix on 4 elements:

0    0.00000000  0.26589320  0.09487470  0.26403236
1    0.26589320  0.00000000  0.31404754  0.69238897
3    0.09487470  0.31404754  0.00000000  0.48751768
4    0.26403236  0.69238897  0.48751768  0.00000000
reason of abort: no pseudometric

--------------------------------------------------------------------------------
n=4
(result of R-step: (2,4:1)0.85040079)
V=[0, 2, 3, 4]
total successes of this branch: 0
reason of abort: negative delta/dxy

--------------------------------------------------------------------------------
n=4
(result of R-step: (3,4:1)0.55073177)
V=[0, 2, 3, 4]
total successes of this branch: 0
Matrix on 4 elements:

0    0.00000000  0.74052497  0.44063757  0.24378207
2    0.74052497  0.00000000  0.41207289  0.34535349
3    0.44063757  0.41207289  0.00000000  0.12150453
4    0.24378207  0.34535349  0.12150453  0.00000000
reason of abort: no pseudometric

--------------------------------------------------------------------------------
n=4
(result of R-step: (3,4:2)0.86795119)
V=[0, 1, 3, 4]
total successes of this branch: 1
Matrix on 4 elements:

0    0.00000000  0.61165606  0.40022837  0.56937543
1    0.61165606  0.00000000  0.27363833  0.65196918
3    0.40022837  0.27363833  0.00000000  0.40668868
4    0.56937543  0.65196918  0.40668868  0.00000000
