n=7
V=[0, 1, 2, 3, 4, 5, 6]
total successes of this branch: 3
Matrix on 7 elements:

0    0.00000000  1.03261397  0.95463558  0.99453399  0.96593589  0.91669335  0.59682438
1    1.03261397  0.00000000  0.94200511  0.89621033  0.83887615  0.86853856  0.99379547
2    0.95463558  0.94200511  0.00000000  0.89829751  0.94523907  0.94667773  0.68644493
3    0.99453399  0.89621033  0.89829751  0.00000000  0.92138557  0.93258503  0.95330452
4    0.96593589  0.83887615  0.94523907  0.92138557  0.00000000  0.69355447  0.95706900
5    0.91669335  0.86853856  0.94667773  0.93258503  0.69355447  0.00000000  0.92953921
6    0.59682438  0.99379547  0.68644493  0.95330452  0.95706900  0.92953921  0.00000000

--------------------------------------------------------------------------------
n=6
(result of R-step: (0,2:6)0.57158170)
V=[0, 1, 2, 3, 4, 5]
total successes of this branch: 3
Matrix on 6 elements:

0    0.00000000  0.86829710  0.62600184  0.83021713  0.80161903  0.75237649
1    0.86829710  0.00000000  0.77768824  0.89621033  0.83887615  0.86853856
2    0.62600184  0.77768824  0.00000000  0.73398064  0.78092220  0.78236086
3    0.83021713  0.89621033  0.73398064  0.00000000  0.92138557  0.93258503
4    0.80161903  0.83887615  0.78092220  0.92138557  0.00000000  0.69355447
5    0.75237649  0.86853856  0.78236086  0.93258503  0.69355447  0.00000000

--------------------------------------------------------------------------------
n=5
(result of R-step: (0,4:5)0.15310594)
V=[0, 1, 2, 3, 4]
total successes of this branch: 3
Matrix on 5 elements:

0    0.00000000  0.71045801  0.46816275  0.67237803  0.32162396
1    0.71045801  0.00000000  0.77768824  0.89621033  0.51672018
2    0.46816275  0.77768824  0.00000000  0.73398064  0.45876624
3    0.67237803  0.89621033  0.73398064  0.00000000  0.59922961
4    0.32162396  0.51672018  0.45876624  0.59922961  0.00000000

--------------------------------------------------------------------------------
n=4
(result of R-step: (0,1:4)0.25604457)
V=[0, 1, 2, 3]
total successes of this branch: 1
Matrix on 4 elements:

0    0.00000000  0.26041590  0.40421968  0.60843496
1    0.26041590  0.00000000  0.39158920  0.51011130
2    0.40421968  0.39158920  0.00000000  0.73398064
3    0.60843496  0.51011130  0.73398064  0.00000000

--------------------------------------------------------------------------------
n=4
(result of R-step: (0,3:2)0.23887298)
V=[0, 1, 3, 4]
total successes of this branch: 1
Matrix on 4 elements:

0    0.00000000  0.64651494  0.18306668  0.25768089
1    0.64651494  0.00000000  0.47084205  0.51672018
3    0.18306668  0.47084205  0.00000000  0.17386133
4    0.25768089  0.51672018  0.17386133  0.00000000

--------------------------------------------------------------------------------
n=4
(result of R-step: (0,4:3)0.56566673)
V=[0, 1, 2, 4]
total successes of this branch: 0
reason of abort: negative delta/dxy

--------------------------------------------------------------------------------
n=4
(result of R-step: (1,2:0)0.72442216)
V=[1, 2, 3, 4]
total successes of this branch: 0
Matrix on 4 elements:

1    0.00000000  0.15936331  0.43013558  0.05064543
2    0.15936331  0.00000000  0.58173047  0.30651606
3    0.43013558  0.58173047  0.00000000  0.59922961
4    0.05064543  0.30651606  0.59922961  0.00000000
reason of abort: no pseudometric

--------------------------------------------------------------------------------
n=4
(result of R-step: (1,2:3)0.34583627)
V=[0, 1, 2, 4]
total successes of this branch: 1
Matrix on 4 elements:

0    0.00000000  0.32435897  0.20476764  0.32162396
1    0.32435897  0.00000000  0.12819410  0.13062115
2    0.20476764  0.12819410  0.00000000  0.19537113
4    0.32162396  0.13062115  0.19537113  0.00000000

--------------------------------------------------------------------------------
n=4
(result of R-step: (1,3:0)0.09339272)
V=[1, 2, 3, 4]
total successes of this branch: 0
reason of abort: negative delta/dxy

--------------------------------------------------------------------------------
n=4
(result of R-step: (1,4:2)0.12833234)
V=[0, 1, 3, 4]
total successes of this branch: 0
reason of abort: negative delta/dxy

--------------------------------------------------------------------------------
n=4
(result of R-step: (2,4:0)0.95541313)
V=[1, 2, 3, 4]
total successes of this branch: 0
reason of abort: negative delta/dxy

--------------------------------------------------------------------------------
n=4
(result of R-step: (2,4:3)0.25112530)
V=[0, 1, 2, 4]
total successes of this branch: 0
Matrix on 4 elements:

0    0.00000000  0.71045801  0.31591257  0.20807538
1    0.71045801  0.00000000  0.62543806  0.40317159
2    0.31591257  0.62543806  0.00000000  0.19296748
4    0.20807538  0.40317159  0.19296748  0.00000000
reason of abort: no pseudometric

--------------------------------------------------------------------------------
n=4
(result of R-step: (3,4:1)0.92550110)
V=[0, 2, 3, 4]
total successes of this branch: 0
reason of abort: negative delta/dxy
