n=7
V=[0, 1, 2, 3, 4, 5, 6]
total successes of this branch: 1
Matrix on 7 elements:

0    0.00000000  1.84678351  1.81208844  1.44368645  0.82042781  1.61475121  1.60997630
1    1.84678351  0.00000000  1.82194809  1.83817591  1.84409007  1.83064064  1.83085097
2    1.81208844  1.82194809  0.00000000  1.61667953  1.75094208  1.10612529  1.12037634
3    1.44368645  1.83817591  1.61667953  0.00000000  1.15983963  1.02771338  1.01013188
4    0.82042781  1.84409007  1.75094208  1.15983963  0.00000000  1.43431372  1.42665235
5    1.61475121  1.83064064  1.10612529  1.02771338  1.43431372  0.00000000  0.41542498
6    1.60997630  1.83085097  1.12037634  1.01013188  1.42665235  0.41542498  0.00000000

--------------------------------------------------------------------------------
n=6
(result of R-step: (1,4:0)0.36668757)
V=[1, 2, 3, 4, 5, 6]
total successes of this branch: 1
Matrix on 6 elements:

1    0.00000000  0.94410402  0.96033184  0.88010086  0.95279657  0.95300690
2    0.94410402  0.00000000  1.61667953  1.66479694  1.10612529  1.12037634
3    0.96033184  1.61667953  0.00000000  1.07369450  1.02771338  1.01013188
4    0.88010086  1.66479694  1.07369450  0.00000000  1.34816859  1.34050722
5    0.95279657  1.10612529  1.02771338  1.34816859  0.00000000  0.41542498
6    0.95300690  1.12037634  1.01013188  1.34050722  0.41542498  0.00000000

--------------------------------------------------------------------------------
n=5
(result of R-step: (2,4:1)0.35923462)
V=[2, 3, 4, 5, 6]
total successes of this branch: 1
Matrix on 5 elements:

2    0.00000000  1.35809997  0.94546383  0.84754572  0.86179678
3    1.35809997  0.00000000  0.61294095  1.02771338  1.01013188
4    0.94546383  0.61294095  0.00000000  0.88741504  0.87975367
5    0.84754572  1.02771338  0.88741504  0.00000000  0.41542498
6    0.86179678  1.01013188  0.87975367  0.41542498  0.00000000

--------------------------------------------------------------------------------
n=4
(result of R-step: (2,3:4)0.31163476)
V=[2, 3, 5, 6]
total successes of this branch: 1
Matrix on 4 elements:

2    0.00000000  1.00716236  0.69552985  0.70978091
3    1.00716236  0.00000000  0.82879164  0.81121014
5    0.69552985  0.82879164  0.00000000  0.41542498
6    0.70978091  0.81121014  0.41542498  0.00000000

--------------------------------------------------------------------------------
n=4
(result of R-step: (3,5:2)0.44676887)
V=[3, 4, 5, 6]
total successes of this branch: 0
Matrix on 4 elements:

3    0.00000000 -0.06846470  0.15857416  0.32872623
4   -0.06846470  0.00000000  0.69968147  0.87975367
5    0.15857416  0.69968147  0.00000000  0.22769141
6    0.32872623  0.87975367  0.22769141  0.00000000
reason of abort: no pseudometric

--------------------------------------------------------------------------------
n=4
(result of R-step: (3,6:2)0.41680141)
V=[3, 4, 5, 6]
total successes of this branch: 0
Matrix on 4 elements:

3    0.00000000 -0.09731865  0.31745378  0.07365919
4   -0.09731865  0.00000000  0.88741504  0.65354058
5    0.31745378  0.88741504  0.00000000  0.18921189
6    0.07365919  0.65354058  0.18921189  0.00000000
reason of abort: no pseudometric

--------------------------------------------------------------------------------
n=4
(result of R-step: (4,5:2)0.13193614)
V=[3, 4, 5, 6]
total successes of this branch: 0
reason of abort: negative delta/dxy

--------------------------------------------------------------------------------
n=4
(result of R-step: (4,6:2)0.09681833)
V=[3, 4, 5, 6]
total successes of this branch: 0
reason of abort: negative delta/dxy
