n=7
V=[0, 1, 2, 3, 4, 5, 6]
total successes of this branch: 1
Matrix on 7 elements:

0    0.00000000  2.53486020  1.84432058  2.13018375  2.33215406  2.49335429  2.52731946
1    2.53486020  0.00000000  2.40410815  1.87102313  1.49257721  1.06500546  0.40898846
2    1.84432058  2.40410815  0.00000000  2.19210068  2.02534587  2.32655316  2.39001805
3    2.13018375  1.87102313  2.19210068  0.00000000  1.96527463  1.89032198  1.87452933
4    2.33215406  1.49257721  2.02534587  1.96527463  0.00000000  1.38248584  1.47257593
5    2.49335429  1.06500546  2.32655316  1.89032198  1.38248584  0.00000000  0.91936039
6    2.52731946  0.40898846  2.39001805  1.87452933  1.47257593  0.91936039  0.00000000

--------------------------------------------------------------------------------
n=6
(result of R-step: (1,5:6)0.81832111)
V=[0, 1, 2, 3, 4, 5]
total successes of this branch: 1
Matrix on 6 elements:

0    0.00000000  2.40318851  1.84432058  2.13018375  2.33215406  2.36168260
1    2.40318851  0.00000000  2.27243646  1.73935144  1.36090551  0.80166208
2    1.84432058  2.27243646  0.00000000  2.19210068  2.02534587  2.19488147
3    2.13018375  1.73935144  2.19210068  0.00000000  1.96527463  1.75865028
4    2.33215406  1.36090551  2.02534587  1.96527463  0.00000000  1.25081414
5    2.36168260  0.80166208  2.19488147  1.75865028  1.25081414  0.00000000

--------------------------------------------------------------------------------
n=5
(result of R-step: (1,4:5)0.79524099)
V=[0, 1, 2, 3, 4]
total successes of this branch: 1
Matrix on 5 elements:

0    0.00000000  2.05740316  1.84432058  2.13018375  1.85469702
1    2.05740316  0.00000000  1.92665110  1.39356609  0.53766312
2    1.84432058  1.92665110  0.00000000  2.19210068  1.54788883
3    2.13018375  1.39356609  2.19210068  0.00000000  1.48781758
4    1.85469702  0.53766312  1.54788883  1.48781758  0.00000000

--------------------------------------------------------------------------------
n=4
(result of R-step: (0,1:2)0.36472294)
V=[0, 1, 3, 4]
total successes of this branch: 0
Matrix on 4 elements:

0    0.00000000  1.53847133  2.12000297  1.84451624
1    1.53847133  0.00000000  0.88481504  0.02891207
3    2.12000297  0.88481504  0.00000000  1.48781758
4    1.84451624  0.02891207  1.48781758  0.00000000
reason of abort: no pseudometric

--------------------------------------------------------------------------------
n=4
(result of R-step: (0,1:4)0.57758694)
V=[0, 1, 2, 3]
total successes of this branch: 0
reason of abort: negative delta/dxy

--------------------------------------------------------------------------------
n=4
(result of R-step: (0,4:2)0.78040264)
V=[0, 1, 3, 4]
total successes of this branch: 0
reason of abort: negative delta/dxy

--------------------------------------------------------------------------------
n=4
(result of R-step: (1,2:4)0.70645255)
V=[0, 1, 2, 3]
total successes of this branch: 1
Matrix on 4 elements:

0    0.00000000  1.97795274  1.28741312  2.13018375
1    1.97795274  0.00000000  1.29029322  1.31411567
2    1.28741312  1.29029322  0.00000000  1.63519322
3    2.13018375  1.31411567  1.63519322  0.00000000
