n=7
V=[0, 1, 2, 3, 4, 5, 6]
total successes of this branch: 1
Matrix on 7 elements:

0    0.00000000  1.18609339  1.16538936  1.10215094  0.72800490  1.17613699  0.35814578
1    1.18609339  0.00000000  1.18157651  1.18280628  1.18485559  0.65926078  0.96565042
2    1.16538936  1.18157651  0.00000000  0.99635767  1.10173845  0.69771291  1.16879300
3    1.10215094  1.18280628  0.99635767  0.00000000  0.87616345  1.09314463  1.11911018
4    0.72800490  1.18485559  1.10173845  0.87616345  0.00000000  1.14488522  0.82406597
5    1.17613699  0.65926078  0.69771291  1.09314463  1.14488522  0.00000000  1.06745447
6    0.35814578  0.96565042  1.16879300  1.11911018  0.82406597  1.06745447  0.00000000

--------------------------------------------------------------------------------
n=6
(result of R-step: (0,1:6)0.78973202)
V=[0, 1, 2, 3, 4, 5]
total successes of this branch: 1
Matrix on 6 elements:

0    0.00000000  1.04839057  1.09653795  1.03329953  0.65915349  1.10728558
1    1.04839057  0.00000000  1.11272510  1.11395487  1.11600418  0.59040937
2    1.09653795  1.11272510  0.00000000  0.99635767  1.10173845  0.69771291
3    1.03329953  1.11395487  0.99635767  0.00000000  0.87616345  1.09314463
4    0.65915349  1.11600418  1.10173845  0.87616345  0.00000000  1.14488522
5    1.10728558  0.59040937  0.69771291  1.09314463  1.14488522  0.00000000

--------------------------------------------------------------------------------
n=5
(result of R-step: (1,2:5)0.51910799)
V=[0, 1, 2, 3, 4]
total successes of this branch: 1
Matrix on 5 elements:

0    0.00000000  1.02954339  1.00883936  1.03329953  0.65915349
1    1.02954339  0.00000000  1.00617932  1.09510769  1.09715700
2    1.00883936  1.00617932  0.00000000  0.90865908  1.01403985
3    1.03329953  1.09510769  0.90865908  0.00000000  0.87616345
4    0.65915349  1.09715700  1.01403985  0.87616345  0.00000000

--------------------------------------------------------------------------------
n=4
(result of R-step: (0,2:1)0.21548632)
V=[0, 2, 3, 4]
total successes of this branch: 1
Matrix on 4 elements:

0    0.00000000  0.42567061  0.85114224  0.47699619
2    0.42567061  0.00000000  0.50764762  0.61302840
3    0.85114224  0.50764762  0.00000000  0.87616345
4    0.47699619  0.61302840  0.87616345  0.00000000

--------------------------------------------------------------------------------
n=4
(result of R-step: (1,4:0)0.71575469)
V=[1, 2, 3, 4]
total successes of this branch: 0
reason of abort: negative delta/dxy

--------------------------------------------------------------------------------
n=4
(result of R-step: (2,4:1)0.47746002)
V=[0, 2, 3, 4]
total successes of this branch: 0
Matrix on 4 elements:

0    0.00000000  0.72308341  1.03329953  0.26725560
2    0.72308341  0.00000000  0.62290313  0.33638602
3    1.03329953  0.62290313  0.00000000  0.48426556
4    0.26725560  0.33638602  0.48426556  0.00000000
reason of abort: no pseudometric

--------------------------------------------------------------------------------
n=4
(result of R-step: (3,4:1)0.78879932)
V=[0, 2, 3, 4]
total successes of this branch: 0
reason of abort: negative delta/dxy
