n=7
V=[0, 1, 2, 3, 4, 5, 6]
total successes of this branch: 2
Matrix on 7 elements:

0    0.00000000  0.54491112  0.35601107  0.51731292  0.28602772  0.09030084  0.04157230
1    0.54491112  0.00000000  0.51559883  0.23072584  0.52574510  0.50438786  0.53375811
2    0.35601107  0.51559883  0.00000000  0.46685803  0.22381451  0.36907222  0.35960582
3    0.51731292  0.23072584  0.46685803  0.00000000  0.48432269  0.49385775  0.51085748
4    0.28602772  0.52574510  0.22381451  0.48432269  0.00000000  0.30564693  0.29142741
5    0.09030084  0.50438786  0.36907222  0.49385775  0.30564693  0.00000000  0.07179676
6    0.04157230  0.53375811  0.35960582  0.51085748  0.29142741  0.07179676  0.00000000

--------------------------------------------------------------------------------
n=6
(result of R-step: (0,5:6)0.72477522)
V=[0, 1, 2, 3, 4, 5]
total successes of this branch: 2
Matrix on 6 elements:

0    0.00000000  0.53337701  0.34447696  0.50577881  0.27449361  0.06723263
1    0.53337701  0.00000000  0.51559883  0.23072584  0.52574510  0.49285375
2    0.34447696  0.51559883  0.00000000  0.46685803  0.22381451  0.35753811
3    0.50577881  0.23072584  0.46685803  0.00000000  0.48432269  0.48232364
4    0.27449361  0.52574510  0.22381451  0.48432269  0.00000000  0.29411282
5    0.06723263  0.49285375  0.35753811  0.48232364  0.29411282  0.00000000

--------------------------------------------------------------------------------
n=5
(result of R-step: (0,1:5)0.91815692)
V=[0, 1, 2, 3, 4]
total successes of this branch: 2
Matrix on 5 elements:

0    0.00000000  0.49513353  0.33112227  0.49242412  0.26113892
1    0.49513353  0.00000000  0.49071003  0.20583705  0.50085631
2    0.33112227  0.49071003  0.00000000  0.46685803  0.22381451
3    0.49242412  0.20583705  0.46685803  0.00000000  0.48432269
4    0.26113892  0.50085631  0.22381451  0.48432269  0.00000000

--------------------------------------------------------------------------------
n=4
(result of R-step: (1,2:3)0.87769485)
V=[0, 1, 2, 4]
total successes of this branch: 1
Matrix on 4 elements:

0    0.00000000  0.42194712  0.25420669  0.26113892
1    0.42194712  0.00000000  0.34060805  0.42766990
2    0.25420669  0.34060805  0.00000000  0.14689893
4    0.26113892  0.42766990  0.14689893  0.00000000

--------------------------------------------------------------------------------
n=4
(result of R-step: (1,4:2)0.17063683)
V=[0, 1, 3, 4]
total successes of this branch: 0
Matrix on 4 elements:

0    0.00000000  0.36250387  0.49242412  0.19585104
1    0.36250387  0.00000000  0.07320739  0.30293877
3    0.49242412  0.07320739  0.00000000  0.41903481
4    0.19585104  0.30293877  0.41903481  0.00000000
reason of abort: no pseudometric

--------------------------------------------------------------------------------
n=4
(result of R-step: (1,4:3)0.35738565)
V=[0, 1, 2, 4]
total successes of this branch: 0
reason of abort: negative delta/dxy

--------------------------------------------------------------------------------
n=4
(result of R-step: (3,4:2)0.15224956)
V=[0, 1, 3, 4]
total successes of this branch: 1
Matrix on 4 elements:

0    0.00000000  0.49513353  0.42180658  0.19313169
1    0.49513353  0.00000000  0.13521950  0.43284908
3    0.42180658  0.13521950  0.00000000  0.34569791
4    0.19313169  0.43284908  0.34569791  0.00000000
