n=7
V=[0, 1, 2, 3, 4, 5, 6]
total successes of this branch: 2
Matrix on 7 elements:

0    0.00000000  2.29624867  2.28770470  2.28886905  2.20364360  2.28167909  0.11397034
1    2.29624867  0.00000000  2.29400598  2.27321088  2.22639401  0.46034233  2.29623708
2    2.28770470  2.29400598  0.00000000  2.16220694  2.29041413  2.29344087  2.27640431
3    2.28886905  2.27321088  2.16220694  0.00000000  2.28213633  2.27461512  2.28821399
4    2.20364360  2.22639401  2.29041413  2.28213633  0.00000000  1.89666395  2.20409235
5    2.28167909  0.46034233  2.29344087  2.27461512  1.89666395  0.00000000  2.28173992
6    0.11397034  2.29623708  2.27640431  2.28821399  2.20409235  2.28173992  0.00000000

--------------------------------------------------------------------------------
n=6
(result of R-step: (0,2:6)0.99482828)
V=[0, 1, 2, 3, 4, 5]
total successes of this branch: 2
Matrix on 6 elements:

0    0.00000000  2.24491370  2.18503475  2.23753407  2.15230863  2.23034411
1    2.24491370  0.00000000  2.24267100  2.27321088  2.22639401  0.46034233
2    2.18503475  2.24267100  0.00000000  2.11087197  2.23907916  2.24210590
3    2.23753407  2.27321088  2.11087197  0.00000000  2.28213633  2.27461512
4    2.15230863  2.22639401  2.23907916  2.28213633  0.00000000  1.89666395
5    2.23034411  0.46034233  2.24210590  2.27461512  1.89666395  0.00000000

--------------------------------------------------------------------------------
n=5
(result of R-step: (1,4:5)0.84266966)
V=[0, 1, 2, 3, 4]
total successes of this branch: 2
Matrix on 5 elements:

0    0.00000000  2.17960756  2.18503475  2.23753407  2.08700249
1    2.17960756  0.00000000  2.17736487  2.20790475  2.09578174
2    2.18503475  2.17736487  0.00000000  2.11087197  2.17377302
3    2.23753407  2.20790475  2.11087197  0.00000000  2.21683019
4    2.08700249  2.09578174  2.17377302  2.21683019  0.00000000

--------------------------------------------------------------------------------
n=4
(result of R-step: (0,1:4)0.57001859)
V=[0, 1, 2, 3]
total successes of this branch: 1
Matrix on 4 elements:

0    0.00000000  0.16245974  1.16947526  1.22197458
1    0.16245974  0.00000000  1.17577653  1.20631641
2    1.16947526  1.17577653  0.00000000  2.11087197
3    1.22197458  1.20631641  2.11087197  0.00000000

--------------------------------------------------------------------------------
n=4
(result of R-step: (2,4:0)0.33657614)
V=[1, 2, 3, 4]
total successes of this branch: 1
Matrix on 4 elements:

1    0.00000000  1.15748424  2.20790475  1.11677303
2    1.15748424  0.00000000  1.09099134  0.17488369
3    2.20790475  1.09099134  0.00000000  1.23782149
4    1.11677303  0.17488369  1.23782149  0.00000000

--------------------------------------------------------------------------------
n=4
(result of R-step: (3,4:0)0.41459498)
V=[1, 2, 3, 4]
total successes of this branch: 0
Matrix on 4 elements:

1    0.00000000  2.17736487  1.11955298  1.13014633
2    2.17736487  0.00000000  1.02252020  1.20813761
3    1.11955298  1.02252020  0.00000000  0.16284301
4    1.13014633  1.20813761  0.16284301  0.00000000
reason of abort: no pseudometric
