n=7
V=[0, 1, 2, 3, 4, 5, 6]
total successes of this branch: 2
Matrix on 7 elements:

0    0.00000000  1.26973635  1.26073545  1.26542188  1.26132460  1.26095740  0.14293805
1    1.26973635  0.00000000  1.14578290  0.73128292  1.09367489  1.12615258  1.25740463
2    1.26073545  1.14578290  0.00000000  0.76418173  0.29563221  0.13097428  1.13724373
3    1.26542188  0.73128292  0.76418173  0.00000000  0.69680943  0.73880099  1.21555517
4    1.26132460  1.09367489  0.29563221  0.69680943  0.00000000  0.19610886  1.16525108
5    1.26095740  1.12615258  0.13097428  0.73880099  0.19610886  0.00000000  1.14853914
6    0.14293805  1.25740463  1.13724373  1.21555517  1.16525108  1.14853914  0.00000000

--------------------------------------------------------------------------------
n=6
(result of R-step: (0,2:6)0.90051333)
V=[0, 1, 2, 3, 4, 5]
total successes of this branch: 2
Matrix on 6 elements:

0    0.00000000  1.26001318  1.24128912  1.25569872  1.25160143  1.25123423
1    1.26001318  0.00000000  1.13605973  0.73128292  1.09367489  1.12615258
2    1.24128912  1.13605973  0.00000000  0.75445856  0.28590904  0.12125111
3    1.25569872  0.73128292  0.75445856  0.00000000  0.69680943  0.73880099
4    1.25160143  1.09367489  0.28590904  0.69680943  0.00000000  0.19610886
5    1.25123423  1.12615258  0.12125111  0.73880099  0.19610886  0.00000000

--------------------------------------------------------------------------------
n=5
(result of R-step: (0,3:1)0.22460228)
V=[0, 2, 3, 4, 5]
total successes of this branch: 2
Matrix on 5 elements:

0    0.00000000  1.20992403  1.11020367  1.22023634  1.21986914
2    1.20992403  0.00000000  0.64032861  0.28590904  0.12125111
3    1.11020367  0.64032861  0.00000000  0.58267947  0.62467103
4    1.22023634  0.28590904  0.58267947  0.00000000  0.19610886
5    1.21986914  0.12125111  0.62467103  0.19610886  0.00000000

--------------------------------------------------------------------------------
n=4
(result of R-step: (0,4:3)0.74331936)
V=[0, 2, 4, 5]
total successes of this branch: 1
Matrix on 4 elements:

0    0.00000000  0.45021606  0.44480290  0.46016117
2    0.45021606  0.00000000  0.27018358  0.12125111
4    0.44480290  0.27018358  0.00000000  0.18038340
5    0.46016117  0.12125111  0.18038340  0.00000000

--------------------------------------------------------------------------------
n=4
(result of R-step: (0,5:2)0.13765933)
V=[0, 3, 4, 5]
total successes of this branch: 1
Matrix on 4 elements:

0    0.00000000  0.35049569  0.46052837  0.45754894
3    0.35049569  0.00000000  0.58267947  0.62205880
4    0.46052837  0.58267947  0.00000000  0.19349663
5    0.45754894  0.62205880  0.19349663  0.00000000

--------------------------------------------------------------------------------
n=4
(result of R-step: (3,5:2)0.20100371)
V=[0, 3, 4, 5]
total successes of this branch: 0
reason of abort: negative delta/dxy
