n=7
V=[0, 1, 2, 3, 4, 5, 6]
total successes of this branch: 1
Matrix on 7 elements:

0    0.00000000  4.45558274  4.13382359  4.39559691  3.62231676  4.20578094  1.32600557
1    4.45558274  0.00000000  3.66051864  2.21785615  2.38003876  3.26395347  4.27676749
2    4.13382359  3.66051864  0.00000000  3.32992990  3.79610292  1.66830016  3.31908665
3    4.39559691  2.21785615  3.32992990  0.00000000  2.84169797  2.70002247  4.15592124
4    3.62231676  2.38003876  3.79610292  2.84169797  0.00000000  3.53375205  3.66140244
5    4.20578094  3.26395347  1.66830016  2.70002247  3.53375205  0.00000000  3.63508447
6    1.32600557  4.27676749  3.31908665  4.15592124  3.66140244  3.63508447  0.00000000

--------------------------------------------------------------------------------
n=6
(result of R-step: (0,2:6)0.77509328)
V=[0, 1, 2, 3, 4, 5]
total successes of this branch: 1
Matrix on 6 elements:

0    0.00000000  4.19994842  3.62255495  4.13996259  3.36668244  3.95014663
1    4.19994842  0.00000000  3.40488433  2.21785615  2.38003876  3.26395347
2    3.62255495  3.40488433  0.00000000  3.07429558  3.54046861  1.41266584
3    4.13996259  2.21785615  3.07429558  0.00000000  2.84169797  2.70002247
4    3.36668244  2.38003876  3.54046861  2.84169797  0.00000000  3.53375205
5    3.95014663  3.26395347  1.41266584  2.70002247  3.53375205  0.00000000

--------------------------------------------------------------------------------
n=5
(result of R-step: (0,1:4)0.28646285)
V=[0, 1, 2, 3, 5]
total successes of this branch: 1
Matrix on 5 elements:

0    0.00000000  2.90880996  3.10480288  3.62221052  3.43239455
1    2.90880996  0.00000000  2.63149794  1.44446976  2.49056708
2    3.10480288  2.63149794  0.00000000  3.07429558  1.41266584
3    3.62221052  1.44446976  3.07429558  0.00000000  2.70002247
5    3.43239455  2.49056708  1.41266584  2.70002247  0.00000000

--------------------------------------------------------------------------------
n=4
(result of R-step: (0,3:1)0.33246042)
V=[0, 2, 3, 5]
total successes of this branch: 1
Matrix on 4 elements:

0    0.00000000  1.68541408  1.68362536  2.01300576
2    1.68541408  0.00000000  2.55509922  1.41266584
3    1.68362536  2.55509922  0.00000000  2.18082610
5    2.01300576  1.41266584  2.18082610  0.00000000

--------------------------------------------------------------------------------
n=4
(result of R-step: (1,2:3)0.60440577)
V=[0, 1, 2, 5]
total successes of this branch: 0
reason of abort: negative delta/dxy

--------------------------------------------------------------------------------
n=4
(result of R-step: (1,5:3)0.84469679)
V=[0, 1, 2, 5]
total successes of this branch: 0
reason of abort: negative delta/dxy
