n=7
V=[0, 1, 2, 3, 4, 5, 6]
total successes of this branch: 1
Matrix on 7 elements:

0    0.00000000  1.55836949  1.39525662  1.23735850  1.53176278  1.48458592  1.51343579
1    1.55836949  0.00000000  1.39524508  1.51036093  0.94770104  0.97433436  0.95804740
2    1.39525662  1.39524508  0.00000000  1.32940591  1.39524556  1.39524604  1.39524575
3    1.23735850  1.51036093  1.32940591  0.00000000  1.49896288  1.48755342  1.49453060
4    1.53176278  0.94770104  1.39524556  1.49896288  0.00000000  0.49723389  0.44803128
5    1.48458592  0.97433436  1.39524604  1.48755342  0.49723389  0.00000000  0.46597775
6    1.51343579  0.95804740  1.39524575  1.49453060  0.44803128  0.46597775  0.00000000

--------------------------------------------------------------------------------
n=6
(result of R-step: (1,3:2)0.29992387)
V=[0, 1, 3, 4, 5, 6]
total successes of this branch: 1
Matrix on 6 elements:

0    0.00000000  1.09782232  0.65542654  1.53176278  1.48458592  1.51343579
1    1.09782232  0.00000000  0.46788181  0.48715388  0.51378720  0.49750023
3    0.65542654  0.46788181  0.00000000  0.91703092  0.90562146  0.91259864
4    1.53176278  0.48715388  0.91703092  0.00000000  0.49723389  0.44803128
5    1.48458592  0.51378720  0.90562146  0.49723389  0.00000000  0.46597775
6    1.51343579  0.49750023  0.91259864  0.44803128  0.46597775  0.00000000

--------------------------------------------------------------------------------
n=5
(result of R-step: (0,1:3)0.51541369)
V=[0, 1, 4, 5, 6]
total successes of this branch: 1
Matrix on 5 elements:

0    0.00000000  0.86187951  1.30673426  1.25955740  1.28840727
1    0.86187951  0.00000000  0.47623958  0.50287290  0.48658593
4    1.30673426  0.47623958  0.00000000  0.49723389  0.44803128
5    1.25955740  0.50287290  0.49723389  0.00000000  0.46597775
6    1.28840727  0.48658593  0.44803128  0.46597775  0.00000000

--------------------------------------------------------------------------------
n=4
(result of R-step: (0,1:6)0.11769173)
V=[0, 1, 4, 5]
total successes of this branch: 0
reason of abort: negative delta/dxy

--------------------------------------------------------------------------------
n=4
(result of R-step: (1,5:0)0.31077832)
V=[1, 4, 5, 6]
total successes of this branch: 0
reason of abort: negative delta/dxy

--------------------------------------------------------------------------------
n=4
(result of R-step: (4,5:6)0.61152593)
V=[0, 1, 4, 5]
total successes of this branch: 1
Matrix on 4 elements:

0    0.00000000  0.86187951  1.09834669  1.05116983
1    0.86187951  0.00000000  0.26785201  0.29448533
4    1.09834669  0.26785201  0.00000000  0.08045875
5    1.05116983  0.29448533  0.08045875  0.00000000
