n=7
V=[0, 1, 2, 3, 4, 5, 6]
total successes of this branch: 2
Matrix on 7 elements:

0    0.00000000  0.94833389  0.93689022  0.78278327  0.94596019  0.91490450  0.73992934
1    0.94833389  0.00000000  0.87598103  0.94180641  0.39594256  0.33148223  0.94221650
2    0.93689022  0.87598103  0.00000000  0.93457974  0.75035025  0.88781378  0.93472490
3    0.78278327  0.94180641  0.93457974  0.00000000  0.94030742  0.78738184  0.14352970
4    0.94596019  0.39594256  0.75035025  0.94030742  0.00000000  0.50586534  0.94066256
5    0.91490450  0.33148223  0.88781378  0.78738184  0.50586534  0.00000000  0.79539355
6    0.73992934  0.94221650  0.93472490  0.14352970  0.94066256  0.79539355  0.00000000

--------------------------------------------------------------------------------
n=6
(result of R-step: (0,3:6)0.06282576)
V=[0, 1, 2, 3, 4, 5]
total successes of this branch: 2
Matrix on 6 elements:

0    0.00000000  0.89799600  0.88655234  0.68210749  0.89562230  0.86456661
1    0.89799600  0.00000000  0.87598103  0.89146852  0.39594256  0.33148223
2    0.88655234  0.87598103  0.00000000  0.88424185  0.75035025  0.88781378
3    0.68210749  0.89146852  0.88424185  0.00000000  0.88996953  0.73704395
4    0.89562230  0.39594256  0.75035025  0.88996953  0.00000000  0.50586534
5    0.86456661  0.33148223  0.88781378  0.73704395  0.50586534  0.00000000

--------------------------------------------------------------------------------
n=5
(result of R-step: (1,3:5)0.79807150)
V=[0, 1, 2, 3, 4]
total successes of this branch: 2
Matrix on 5 elements:

0    0.00000000  0.80946718  0.88655234  0.64391655  0.89562230
1    0.80946718  0.00000000  0.78745220  0.76474875  0.30741374
2    0.88655234  0.78745220  0.00000000  0.84605091  0.75035025
3    0.64391655  0.76474875  0.84605091  0.00000000  0.85177859
4    0.89562230  0.30741374  0.75035025  0.85177859  0.00000000

--------------------------------------------------------------------------------
n=4
(result of R-step: (0,1:3)0.99316657)
V=[0, 1, 2, 4]
total successes of this branch: 1
Matrix on 4 elements:

0    0.00000000  0.42140225  0.54511447  0.55418444
1    0.42140225  0.00000000  0.74082514  0.26078667
2    0.54511447  0.74082514  0.00000000  0.75035025
4    0.55418444  0.26078667  0.75035025  0.00000000

--------------------------------------------------------------------------------
n=4
(result of R-step: (0,4:1)0.36078098)
V=[0, 2, 3, 4]
total successes of this branch: 0
reason of abort: negative delta/dxy

--------------------------------------------------------------------------------
n=4
(result of R-step: (0,4:3)0.98847346)
V=[0, 1, 2, 4]
total successes of this branch: 0
Matrix on 4 elements:

0    0.00000000  0.46928373  0.54636889  0.32071112
1    0.46928373  0.00000000  0.78745220  0.07268599
2    0.54636889  0.78745220  0.00000000  0.51562251
4    0.32071112  0.07268599  0.51562251  0.00000000
reason of abort: no pseudometric

--------------------------------------------------------------------------------
n=4
(result of R-step: (3,4:1)0.35479219)
V=[0, 2, 3, 4]
total successes of this branch: 1
Matrix on 4 elements:

0    0.00000000  0.88655234  0.34511284  0.89402496
2    0.88655234  0.00000000  0.54724720  0.74875291
3    0.34511284  0.54724720  0.00000000  0.55137753
4    0.89402496  0.74875291  0.55137753  0.00000000
