n=7
V=[0, 1, 2, 3, 4, 5, 6]
total successes of this branch: 1
Matrix on 7 elements:

0    0.00000000  1.43422299  1.19324461  1.15488982  1.22270715  0.76611820  1.23181295
1    1.43422299  0.00000000  1.38204580  1.38912692  1.32247546  1.41364595  0.26949185
2    1.19324461  1.38204580  0.00000000  0.94898201  0.95438163  1.08178918  1.35409313
3    1.15488982  1.38912692  0.94898201  0.00000000  1.00279507  0.82862196  1.35444729
4    1.22270715  1.32247546  0.95438163  1.00279507  0.00000000  1.12236270  1.30770441
5    0.76611820  1.41364595  1.08178918  0.82862196  1.12236270  0.00000000  1.31777720
6    1.23181295  0.26949185  1.35409313  1.35444729  1.30770441  1.31777720  0.00000000

--------------------------------------------------------------------------------
n=6
(result of R-step: (0,1:6)0.14805350)
V=[0, 1, 2, 3, 4, 5]
total successes of this branch: 1
Matrix on 6 elements:

0    0.00000000  1.36714119  1.15970371  1.12134892  1.18916625  0.73257730
1    1.36714119  0.00000000  1.34850490  1.35558601  1.28893456  1.38010504
2    1.15970371  1.34850490  0.00000000  0.94898201  0.95438163  1.08178918
3    1.12134892  1.35558601  0.94898201  0.00000000  1.00279507  0.82862196
4    1.18916625  1.28893456  0.95438163  1.00279507  0.00000000  1.12236270
5    0.73257730  1.38010504  1.08178918  0.82862196  1.12236270  0.00000000

--------------------------------------------------------------------------------
n=5
(result of R-step: (1,2:4)0.12226216)
V=[0, 1, 2, 3, 5]
total successes of this branch: 1
Matrix on 5 elements:

0    0.00000000  0.95327645  0.71229807  1.12134892  0.73257730
1    0.95327645  0.00000000  0.48723452  0.94172127  0.96624030
2    0.71229807  0.48723452  0.00000000  0.50157637  0.63438353
3    1.12134892  0.94172127  0.50157637  0.00000000  0.82862196
5    0.73257730  0.96624030  0.63438353  0.82862196  0.00000000

--------------------------------------------------------------------------------
n=4
(result of R-step: (0,5:2)0.49710421)
V=[0, 1, 3, 5]
total successes of this branch: 0
reason of abort: negative delta/dxy

--------------------------------------------------------------------------------
n=4
(result of R-step: (1,3:2)0.70271142)
V=[0, 1, 3, 5]
total successes of this branch: 1
Matrix on 4 elements:

0    0.00000000  0.59878104  0.90142375  0.73257730
1    0.59878104  0.00000000  0.36730069  0.61174489
3    0.90142375  0.36730069  0.00000000  0.60869679
5    0.73257730  0.61174489  0.60869679  0.00000000

--------------------------------------------------------------------------------
n=4
(result of R-step: (1,5:0)0.82541328)
V=[1, 2, 3, 5]
total successes of this branch: 0
reason of abort: negative delta/dxy
