n=7
V=[0, 1, 2, 3, 4, 5, 6]
total successes of this branch: 2
Matrix on 7 elements:

0    0.00000000  2.05150998  2.00623219  2.04289814  2.02430142  1.70141266  2.01952845
1    2.05150998  0.00000000  1.97247569  1.49488854  1.73711744  1.99064839  1.79928716
2    2.00623219  1.97247569  0.00000000  1.86030344  1.57919469  0.98537126  1.24743246
3    2.04289814  1.49488854  1.86030344  0.00000000  1.58716814  1.90228824  1.65931664
4    2.02430142  1.73711744  1.57919469  1.58716814  0.00000000  1.68154003  0.65499218
5    1.70141266  1.99064839  0.98537126  1.90228824  1.68154003  0.00000000  1.49764752
6    2.01952845  1.79928716  1.24743246  1.65931664  0.65499218  1.49764752  0.00000000

--------------------------------------------------------------------------------
n=6
(result of R-step: (2,4:6)0.26414932)
V=[0, 1, 2, 3, 4, 5]
total successes of this branch: 2
Matrix on 6 elements:

0    0.00000000  2.05150998  1.84461721  2.04289814  1.86268645  1.70141266
1    2.05150998  0.00000000  1.81086071  1.49488854  1.57550246  1.99064839
2    1.84461721  1.81086071  0.00000000  1.69868846  1.25596474  0.82375628
3    2.04289814  1.49488854  1.69868846  0.00000000  1.42555317  1.90228824
4    1.86268645  1.57550246  1.25596474  1.42555317  0.00000000  1.51992506
5    1.70141266  1.99064839  0.82375628  1.90228824  1.51992506  0.00000000

--------------------------------------------------------------------------------
n=5
(result of R-step: (1,4:3)0.71710405)
V=[0, 1, 2, 4, 5]
total successes of this branch: 2
Matrix on 5 elements:

0    0.00000000  1.35120735  1.84461721  1.41915165  1.70141266
1    1.35120735  0.00000000  1.11055809  0.43166505  1.29034576
2    1.84461721  1.11055809  0.00000000  0.81242995  0.82375628
4    1.41915165  0.43166505  0.81242995  0.00000000  1.07639027
5    1.70141266  1.29034576  0.82375628  1.07639027  0.00000000

--------------------------------------------------------------------------------
n=4
(result of R-step: (0,4:1)0.20672865)
V=[0, 2, 4, 5]
total successes of this branch: 1
Matrix on 4 elements:

0    0.00000000  1.50434135  1.04512928  1.36113679
2    1.50434135  0.00000000  0.77868344  0.82375628
4    1.04512928  0.77868344  0.00000000  1.04264376
5    1.36113679  0.82375628  1.04264376  0.00000000

--------------------------------------------------------------------------------
n=4
(result of R-step: (0,5:4)0.88266142)
V=[0, 1, 2, 5]
total successes of this branch: 0
reason of abort: negative delta/dxy

--------------------------------------------------------------------------------
n=4
(result of R-step: (1,2:4)0.70635417)
V=[0, 1, 2, 5]
total successes of this branch: 1
Matrix on 4 elements:

0    0.00000000  1.22202446  1.66595633  1.70141266
1    1.22202446  0.00000000  0.80271431  1.16116288
2    1.66595633  0.80271431  0.00000000  0.64509539
5    1.70141266  1.16116288  0.64509539  0.00000000

--------------------------------------------------------------------------------
n=4
(result of R-step: (1,5:4)0.42532440)
V=[0, 1, 2, 5]
total successes of this branch: 0
reason of abort: negative delta/dxy

--------------------------------------------------------------------------------
n=4
(result of R-step: (2,5:1)0.72334312)
V=[0, 2, 4, 5]
total successes of this branch: 0
reason of abort: negative delta/dxy
