n=7
V=[0, 1, 2, 3, 4, 5, 6]
total successes of this branch: 1
Matrix on 7 elements:

0    0.00000000  1.39634689  1.28216858  1.22151050  1.29095382  0.40448458  1.26581711
1    1.39634689  0.00000000  1.30658148  0.98546181  0.69805942  1.33317750  0.80209177
2    1.28216858  1.30658148  0.00000000  1.29929429  1.30218869  1.28480148  1.30114100
3    1.22151050  0.98546181  1.29929429  0.00000000  0.54927556  1.07308168  0.39206822
4    1.29095382  0.69805942  1.30218869  0.54927556  0.00000000  1.17692835  0.27217793
5    0.40448458  1.33317750  1.28480148  1.07308168  1.17692835  0.00000000  1.13933850
6    1.26581711  0.80209177  1.30114100  0.39206822  0.27217793  1.13933850  0.00000000

--------------------------------------------------------------------------------
n=6
(result of R-step: (3,4:6)0.36197453)
V=[0, 1, 2, 3, 4, 5]
total successes of this branch: 1
Matrix on 6 elements:

0    0.00000000  1.39634689  1.28216858  1.16402521  1.23346852  0.40448458
1    1.39634689  0.00000000  1.30658148  0.92797652  0.64057413  1.33317750
2    1.28216858  1.30658148  0.00000000  1.24180900  1.24470340  1.28480148
3    1.16402521  0.92797652  1.24180900  0.00000000  0.43430496  1.01559638
4    1.23346852  0.64057413  1.24470340  0.43430496  0.00000000  1.11944305
5    0.40448458  1.33317750  1.28480148  1.01559638  1.11944305  0.00000000

--------------------------------------------------------------------------------
n=5
(result of R-step: (0,3:5)0.84626019)
V=[0, 1, 2, 3, 4]
total successes of this branch: 1
Matrix on 5 elements:

0    0.00000000  1.26831902  1.15414070  0.96545476  1.10544065
1    1.26831902  0.00000000  1.30658148  0.85743394  0.64057413
2    1.15414070  1.30658148  0.00000000  1.17126642  1.24470340
3    0.96545476  0.85743394  1.17126642  0.00000000  0.36376238
4    1.10544065  0.64057413  1.24470340  0.36376238  0.00000000

--------------------------------------------------------------------------------
n=4
(result of R-step: (0,1:2)0.81350787)
V=[0, 1, 3, 4]
total successes of this branch: 1
Matrix on 4 elements:

0    0.00000000  0.71227745  0.54034977  0.68033567
1    0.71227745  0.00000000  0.72649736  0.50963754
3    0.54034977  0.72649736  0.00000000  0.36376238
4    0.68033567  0.50963754  0.36376238  0.00000000

--------------------------------------------------------------------------------
n=4
(result of R-step: (0,3:1)0.18647329)
V=[0, 2, 3, 4]
total successes of this branch: 0
reason of abort: negative delta/dxy

--------------------------------------------------------------------------------
n=4
(result of R-step: (0,4:1)0.62374909)
V=[0, 2, 3, 4]
total successes of this branch: 0
reason of abort: negative delta/dxy

--------------------------------------------------------------------------------
n=4
(result of R-step: (2,4:1)0.43594024)
V=[0, 2, 3, 4]
total successes of this branch: 0
reason of abort: negative delta/dxy
