n=7
V=[0, 1, 2, 3, 4, 5, 6]
total successes of this branch: 1
Matrix on 7 elements:

0    0.00000000  0.86649129  0.83919329  0.69426593  0.58270316  0.74896082  0.37024338
1    0.86649129  0.00000000  0.75806041  0.72569273  0.82162465  0.78085562  0.84463751
2    0.83919329  0.75806041  0.00000000  0.80269962  0.82756428  0.50021340  0.83352899
3    0.69426593  0.72569273  0.80269962  0.00000000  0.64208886  0.77990381  0.66885136
4    0.58270316  0.82162465  0.82756428  0.64208886  0.00000000  0.77608760  0.38094414
5    0.74896082  0.78085562  0.50021340  0.77990381  0.77608760  0.00000000  0.76217382
6    0.37024338  0.84463751  0.83352899  0.66885136  0.38094414  0.76217382  0.00000000

--------------------------------------------------------------------------------
n=6
(result of R-step: (0,4:6)0.51291680)
V=[0, 1, 2, 3, 4, 5]
total successes of this branch: 1
Matrix on 6 elements:

0    0.00000000  0.78224911  0.75495111  0.61002375  0.41421879  0.66471863
1    0.78224911  0.00000000  0.75806041  0.72569273  0.73738247  0.78085562
2    0.75495111  0.75806041  0.00000000  0.80269962  0.74332210  0.50021340
3    0.61002375  0.72569273  0.80269962  0.00000000  0.55784668  0.77990381
4    0.41421879  0.73738247  0.74332210  0.55784668  0.00000000  0.69184542
5    0.66471863  0.78085562  0.50021340  0.77990381  0.69184542  0.00000000

--------------------------------------------------------------------------------
n=5
(result of R-step: (1,4:3)0.38616056)
V=[0, 1, 2, 4, 5]
total successes of this branch: 1
Matrix on 5 elements:

0    0.00000000  0.49820649  0.75495111  0.23549739  0.66471863
1    0.49820649  0.00000000  0.47401779  0.27461845  0.49681300
2    0.75495111  0.47401779  0.00000000  0.56460069  0.50021340
4    0.23549739  0.27461845  0.56460069  0.00000000  0.51312402
5    0.66471863  0.49681300  0.50021340  0.51312402  0.00000000

--------------------------------------------------------------------------------
n=4
(result of R-step: (0,1:4)0.65711233)
V=[0, 1, 2, 5]
total successes of this branch: 1
Matrix on 4 elements:

0    0.00000000  0.31728884  0.63420283  0.54397035
1    0.31728884  0.00000000  0.41384843  0.43664364
2    0.63420283  0.41384843  0.00000000  0.50021340
5    0.54397035  0.43664364  0.50021340  0.00000000

--------------------------------------------------------------------------------
n=4
(result of R-step: (2,4:0)0.33909586)
V=[1, 2, 4, 5]
total successes of this branch: 0
reason of abort: negative delta/dxy

--------------------------------------------------------------------------------
n=4
(result of R-step: (4,5:0)0.88402048)
V=[1, 2, 4, 5]
total successes of this branch: 0
reason of abort: negative delta/dxy
