n=7
V=[0, 1, 2, 3, 4, 5, 6]
total successes of this branch: 1
Matrix on 7 elements:

0    0.00000000  1.62900297  1.53598579  1.46536926  1.58993510  0.46121652  1.49708330
1    1.62900297  0.00000000  1.42971029  1.44811849  0.86980714  1.61517799  1.43985132
2    1.53598579  1.42971029  0.00000000  0.84208664  1.02425143  1.48295117  0.47553891
3    1.46536926  1.44811849  0.84208664  0.00000000  1.19358083  1.38227078  0.39245554
4    1.58993510  0.86980714  1.02425143  1.19358083  0.00000000  1.55964179  1.11753462
5    0.46121652  1.61517799  1.48295117  1.38227078  1.55964179  0.00000000  1.42748656
6    1.49708330  1.43985132  0.47553891  0.39245554  1.11753462  1.42748656  0.00000000

--------------------------------------------------------------------------------
n=6
(result of R-step: (2,3:6)0.44910222)
V=[0, 1, 2, 3, 4, 5]
total successes of this branch: 1
Matrix on 6 elements:

0    0.00000000  1.62900297  1.52303188  1.45241535  1.58993510  0.46121652
1    1.62900297  0.00000000  1.41675638  1.43516458  0.86980714  1.61517799
2    1.52303188  1.41675638  0.00000000  0.81617882  1.01129752  1.46999726
3    1.45241535  1.43516458  0.81617882  0.00000000  1.18062692  1.36931687
4    1.58993510  0.86980714  1.01129752  1.18062692  0.00000000  1.55964179
5    0.46121652  1.61517799  1.46999726  1.36931687  1.55964179  0.00000000

--------------------------------------------------------------------------------
n=5
(result of R-step: (1,2:4)0.57999294)
V=[0, 1, 2, 3, 5]
total successes of this branch: 1
Matrix on 5 elements:

0    0.00000000  1.39682883  1.30381165  1.45241535  0.46121652
1    1.39682883  0.00000000  0.96536200  1.20299044  1.38300385
2    1.30381165  0.96536200  0.00000000  0.59695858  1.25077702
3    1.45241535  1.20299044  0.59695858  0.00000000  1.36931687
5    0.46121652  1.38300385  1.25077702  1.36931687  0.00000000

--------------------------------------------------------------------------------
n=4
(result of R-step: (0,2:3)0.09753147)
V=[0, 1, 2, 5]
total successes of this branch: 0
Matrix on 4 elements:

0    0.00000000  0.98557940  0.74061838  0.04996709
1    0.98557940  0.00000000  0.81341816  1.38300385
2    0.74061838  0.81341816  0.00000000  1.09883318
5    0.04996709  1.38300385  1.09883318  0.00000000
reason of abort: no pseudometric

--------------------------------------------------------------------------------
n=4
(result of R-step: (1,3:2)0.43398775)
V=[0, 1, 3, 5]
total successes of this branch: 1
Matrix on 4 elements:

0    0.00000000  0.92569283  1.27631024  0.46121652
1    0.92569283  0.00000000  0.55574933  0.91186785
3    1.27631024  0.55574933  0.00000000  1.19321176
5    0.46121652  0.91186785  1.19321176  0.00000000

--------------------------------------------------------------------------------
n=4
(result of R-step: (2,5:3)0.92935873)
V=[0, 1, 2, 5]
total successes of this branch: 0
reason of abort: negative delta/dxy
