n=7
V=[0, 1, 2, 3, 4, 5, 6]
total successes of this branch: 2
Matrix on 7 elements:

0    0.00000000  2.50888602  2.27488928  2.17254016  1.74412057  1.06524975  2.40093350
1    2.50888602  0.00000000  2.24710287  2.28098182  2.37085107  1.76999237  0.20318196
2    2.27488928  2.24710287  0.00000000  1.58638518  1.85788235  2.26548222  2.24847725
3    2.17254016  2.28098182  1.58638518  0.00000000  1.51450775  2.20925299  2.27561807
4    1.74412057  2.37085107  1.85788235  1.51450775  0.00000000  1.95629965  2.33985166
5    1.06524975  1.76999237  2.26548222  2.20925299  1.95629965  0.00000000  1.64335975
6    2.40093350  0.20318196  2.24847725  2.27561807  2.33985166  1.64335975  0.00000000

--------------------------------------------------------------------------------
n=6
(result of R-step: (1,5:6)0.92522180)
V=[0, 1, 2, 3, 4, 5]
total successes of this branch: 2
Matrix on 6 elements:

0    0.00000000  2.47061135  2.27488928  2.17254016  1.74412057  1.02697509
1    2.47061135  0.00000000  2.20882820  2.24270715  2.33257640  1.69344303
2    2.27488928  2.20882820  0.00000000  1.58638518  1.85788235  2.22720755
3    2.17254016  2.24270715  1.58638518  0.00000000  1.51450775  2.17097832
4    1.74412057  2.33257640  1.85788235  1.51450775  0.00000000  1.91802498
5    1.02697509  1.69344303  2.22720755  2.17097832  1.91802498  0.00000000

--------------------------------------------------------------------------------
n=5
(result of R-step: (0,1:5)0.66145085)
V=[0, 1, 2, 3, 4]
total successes of this branch: 2
Matrix on 5 elements:

0    0.00000000  2.18252992  2.11171123  2.00936211  1.58094252
1    2.18252992  0.00000000  2.08392482  2.11780377  2.20767302
2    2.11171123  2.08392482  0.00000000  1.58638518  1.85788235
3    2.00936211  2.11780377  1.58638518  0.00000000  1.51450775
4    1.58094252  2.20767302  1.85788235  1.51450775  0.00000000

--------------------------------------------------------------------------------
n=4
(result of R-step: (0,1:3)0.29888553)
V=[0, 1, 2, 4]
total successes of this branch: 0
reason of abort: negative delta/dxy

--------------------------------------------------------------------------------
n=4
(result of R-step: (0,3:4)0.39432905)
V=[0, 1, 2, 3]
total successes of this branch: 1
Matrix on 4 elements:

0    0.00000000  1.80266389  1.73184520  1.08645200
1    1.80266389  0.00000000  2.08392482  1.57475969
2    1.73184520  2.08392482  0.00000000  1.04334110
3    1.08645200  1.57475969  1.04334110  0.00000000

--------------------------------------------------------------------------------
n=4
(result of R-step: (1,2:4)0.99629044)
V=[0, 1, 2, 3]
total successes of this branch: 0
reason of abort: negative delta/dxy

--------------------------------------------------------------------------------
n=4
(result of R-step: (2,4:3)0.79186469)
V=[0, 1, 2, 4]
total successes of this branch: 1
Matrix on 4 elements:

0    0.00000000  2.18252992  1.35932784  1.49639722
1    2.18252992  0.00000000  1.33154143  2.12312772
2    1.35932784  1.33154143  0.00000000  1.02095366
4    1.49639722  2.12312772  1.02095366  0.00000000
