n=7
V=[0, 1, 2, 3, 4, 5, 6]
total successes of this branch: 2
Matrix on 7 elements:

0    0.00000000  0.87693927  0.42200718  0.48185238  0.75992422  0.43398114  0.66839418
1    0.87693927  0.00000000  0.79638591  0.73078111  0.37970163  0.78325956  0.49526285
2    0.42200718  0.79638591  0.00000000  0.36327520  0.66810914  0.16205286  0.56777009
3    0.48185238  0.73078111  0.36327520  0.00000000  0.58304381  0.31294377  0.40247762
4    0.75992422  0.37970163  0.66810914  0.58304381  0.00000000  0.65108908  0.21504288
5    0.43398114  0.78325956  0.16205286  0.31294377  0.65108908  0.00000000  0.53978527
6    0.66839418  0.49526285  0.56777009  0.40247762  0.21504288  0.53978527  0.00000000

--------------------------------------------------------------------------------
n=6
(result of R-step: (3,4:6)0.32915970)
V=[0, 1, 2, 3, 4, 5]
total successes of this branch: 2
Matrix on 6 elements:

0    0.00000000  0.87693927  0.42200718  0.46461404  0.74268588  0.43398114
1    0.87693927  0.00000000  0.79638591  0.71354277  0.36246329  0.78325956
2    0.42200718  0.79638591  0.00000000  0.34603686  0.65087080  0.16205286
3    0.46461404  0.71354277  0.34603686  0.00000000  0.54856713  0.29570543
4    0.74268588  0.36246329  0.65087080  0.54856713  0.00000000  0.63385074
5    0.43398114  0.78325956  0.16205286  0.29570543  0.63385074  0.00000000

--------------------------------------------------------------------------------
n=5
(result of R-step: (2,3:5)0.79991782)
V=[0, 1, 2, 3, 4]
total successes of this branch: 2
Matrix on 5 elements:

0    0.00000000  0.87693927  0.36614647  0.42599166  0.74268588
1    0.87693927  0.00000000  0.74052520  0.67492040  0.36246329
2    0.36614647  0.74052520  0.00000000  0.25155376  0.59501008
3    0.42599166  0.67492040  0.25155376  0.00000000  0.50994475
4    0.74268588  0.36246329  0.59501008  0.50994475  0.00000000

--------------------------------------------------------------------------------
n=4
(result of R-step: (0,1:3)0.84342934)
V=[0, 1, 2, 4]
total successes of this branch: 0
Matrix on 4 elements:

0    0.00000000  0.25664959  0.09232499  0.46886441
1    0.25664959  0.00000000  0.39405699  0.01599509
2    0.09232499  0.39405699  0.00000000  0.59501008
4    0.46886441  0.01599509  0.59501008  0.00000000
reason of abort: no pseudometric

--------------------------------------------------------------------------------
n=4
(result of R-step: (0,3:2)0.63343425)
V=[0, 1, 3, 4]
total successes of this branch: 1
Matrix on 4 elements:

0    0.00000000  0.66195769  0.15088864  0.52770430
1    0.66195769  0.00000000  0.61479895  0.36246329
3    0.15088864  0.61479895  0.00000000  0.44982331
4    0.52770430  0.36246329  0.44982331  0.00000000

--------------------------------------------------------------------------------
n=4
(result of R-step: (0,4:3)0.88238731)
V=[0, 1, 2, 4]
total successes of this branch: 0
reason of abort: negative delta/dxy

--------------------------------------------------------------------------------
n=4
(result of R-step: (1,2:3)0.19494525)
V=[0, 1, 2, 4]
total successes of this branch: 0
Matrix on 4 elements:

0    0.00000000  0.57303727  0.27489595  0.74268588
1    0.57303727  0.00000000  0.34537267  0.05856129
2    0.27489595  0.34537267  0.00000000  0.50375956
4    0.74268588  0.05856129  0.50375956  0.00000000
reason of abort: no pseudometric

--------------------------------------------------------------------------------
n=4
(result of R-step: (2,4:3)0.83375327)
V=[0, 1, 2, 4]
total successes of this branch: 1
Matrix on 4 elements:

0    0.00000000  0.87693927  0.27296031  0.69274084
1    0.87693927  0.00000000  0.64733903  0.31251825
2    0.27296031  0.64733903  0.00000000  0.45187888
4    0.69274084  0.31251825  0.45187888  0.00000000
