n=7
V=[0, 1, 2, 3, 4, 5, 6]
total successes of this branch: 2
Matrix on 7 elements:

0    0.00000000  1.44998418  1.35376223  1.02011181  0.70426250  0.43559279  0.76720445
1    1.44998418  0.00000000  1.39552957  1.43090766  1.37672161  1.44329094  1.28386148
2    1.35376223  1.39552957  0.00000000  1.17385177  1.35749855  1.35410358  1.36070852
3    1.02011181  1.43090766  1.17385177  0.00000000  1.05685972  1.02346908  1.08843089
4    0.70426250  1.37672161  1.35749855  1.05685972  0.00000000  0.67724901  0.36939651
5    0.43559279  1.44329094  1.35410358  1.02346908  0.67724901  0.00000000  0.74190608
6    0.76720445  1.28386148  1.36070852  1.08843089  0.36939651  0.74190608  0.00000000

--------------------------------------------------------------------------------
n=6
(result of R-step: (1,4:6)0.08440408)
V=[0, 1, 2, 3, 4, 5]
total successes of this branch: 2
Matrix on 6 elements:

0    0.00000000  1.31171599  1.35376223  1.02011181  0.56599431  0.43559279
1    1.31171599  0.00000000  1.25726138  1.29263947  1.10018522  1.30502275
2    1.35376223  1.25726138  0.00000000  1.17385177  1.21923035  1.35410358
3    1.02011181  1.29263947  1.17385177  0.00000000  0.91859152  1.02346908
4    0.56599431  1.10018522  1.21923035  0.91859152  0.00000000  0.53898082
5    0.43559279  1.30502275  1.35410358  1.02346908  0.53898082  0.00000000

--------------------------------------------------------------------------------
n=5
(result of R-step: (1,3:2)0.30007683)
V=[0, 1, 3, 4, 5]
total successes of this branch: 2
Matrix on 5 elements:

0    0.00000000  1.13448422  0.63448816  0.56599431  0.43559279
1    1.13448422  0.00000000  0.72978405  0.92295345  1.12779098
3    0.63448816  0.72978405  0.00000000  0.53296788  0.63784543
4    0.56599431  0.92295345  0.53296788  0.00000000  0.53898082
5    0.43559279  1.12779098  0.63784543  0.53898082  0.00000000

--------------------------------------------------------------------------------
n=4
(result of R-step: (0,1:3)0.29817520)
V=[0, 1, 4, 5]
total successes of this branch: 1
Matrix on 4 elements:

0    0.00000000  0.44926386  0.36170466  0.23130314
1    0.44926386  0.00000000  0.44202274  0.64686027
4    0.36170466  0.44202274  0.00000000  0.53898082
5    0.23130314  0.64686027  0.53898082  0.00000000

--------------------------------------------------------------------------------
n=4
(result of R-step: (0,1:4)0.65671382)
V=[0, 1, 3, 5]
total successes of this branch: 0
Matrix on 4 elements:

0    0.00000000  0.44321143  0.39787398  0.19897861
1    0.44321143  0.00000000  0.27512544  0.67313237
3    0.39787398  0.27512544  0.00000000  0.63784543
5    0.19897861  0.67313237  0.63784543  0.00000000
reason of abort: no pseudometric

--------------------------------------------------------------------------------
n=4
(result of R-step: (0,3:4)0.48114782)
V=[0, 1, 3, 5]
total successes of this branch: 0
Matrix on 4 elements:

0    0.00000000  0.88680572  0.16590235  0.18791429
1    0.88680572  0.00000000  0.50887674  1.12779098
3    0.16590235  0.50887674  0.00000000  0.41693812
5    0.18791429  1.12779098  0.41693812  0.00000000
reason of abort: no pseudometric

--------------------------------------------------------------------------------
n=4
(result of R-step: (1,5:3)0.65067032)
V=[0, 1, 4, 5]
total successes of this branch: 0
Matrix on 4 elements:

0    0.00000000  0.67982561  0.56599431  0.20675759
1    0.67982561  0.00000000  0.46829484  0.44429717
4    0.56599431  0.46829484  0.00000000  0.31014562
5    0.20675759  0.44429717  0.31014562  0.00000000
reason of abort: no pseudometric

--------------------------------------------------------------------------------
n=4
(result of R-step: (1,5:4)0.38763981)
V=[0, 1, 3, 5]
total successes of this branch: 1
Matrix on 4 elements:

0    0.00000000  0.65355350  0.63448816  0.23773476
1    0.65355350  0.00000000  0.24885334  0.44900224
3    0.63448816  0.24885334  0.00000000  0.43998741
5    0.23773476  0.44900224  0.43998741  0.00000000

--------------------------------------------------------------------------------
n=4
(result of R-step: (3,5:4)0.56163135)
V=[0, 1, 3, 5]
total successes of this branch: 0
Matrix on 4 elements:

0    0.00000000  1.13448422  0.42557817  0.25075842
1    1.13448422  0.00000000  0.52087407  0.94295661
3    0.42557817  0.52087407  0.00000000  0.24410108
5    0.25075842  0.94295661  0.24410108  0.00000000
reason of abort: no pseudometric
