n=7
V=[0, 1, 2, 3, 4, 5, 6]
total successes of this branch: 2
Matrix on 7 elements:

0    0.00000000  0.96529143  0.69880174  0.71654528  0.79782116  0.53919752  0.70581700
1    0.96529143  0.00000000  0.82850058  0.79413046  0.61902887  0.84774677  0.81366007
2    0.69880174  0.82850058  0.00000000  0.75166909  0.47422380  0.73510835  0.17136473
3    0.71654528  0.79413046  0.75166909  0.00000000  0.76744644  0.32774045  0.75278688
4    0.79782116  0.61902887  0.47422380  0.76744644  0.00000000  0.77696135  0.45113098
5    0.53919752  0.84774677  0.73510835  0.32774045  0.77696135  0.00000000  0.73807352
6    0.70581700  0.81366007  0.17136473  0.75278688  0.45113098  0.73807352  0.00000000

--------------------------------------------------------------------------------
n=6
(result of R-step: (0,3:5)0.31325081)
V=[0, 1, 2, 3, 4, 6]
total successes of this branch: 2
Matrix on 6 elements:

0    0.00000000  0.89009509  0.62360539  0.56615259  0.72262482  0.63062065
1    0.89009509  0.00000000  0.82850058  0.71893412  0.61902887  0.81366007
2    0.62360539  0.82850058  0.00000000  0.67647275  0.47422380  0.17136473
3    0.56615259  0.71893412  0.67647275  0.00000000  0.69225010  0.67759053
4    0.72262482  0.61902887  0.47422380  0.69225010  0.00000000  0.45113098
6    0.63062065  0.81366007  0.17136473  0.67759053  0.45113098  0.00000000

--------------------------------------------------------------------------------
n=5
(result of R-step: (0,1:3)0.73016379)
V=[0, 1, 2, 4, 6]
total successes of this branch: 2
Matrix on 5 elements:

0    0.00000000  0.53284245  0.39872880  0.49774823  0.40574406
1    0.53284245  0.00000000  0.69612454  0.48665283  0.68128403
2    0.39872880  0.69612454  0.00000000  0.47422380  0.17136473
4    0.49774823  0.48665283  0.47422380  0.00000000  0.45113098
6    0.40574406  0.68128403  0.17136473  0.45113098  0.00000000

--------------------------------------------------------------------------------
n=4
(result of R-step: (1,2:4)0.48095825)
V=[0, 1, 2, 6]
total successes of this branch: 0
Matrix on 4 elements:

0    0.00000000  0.43842805  0.29767662  0.40574406
1    0.43842805  0.00000000  0.50065796  0.58686963
2    0.29767662  0.50065796  0.00000000  0.07031255
6    0.40574406  0.58686963  0.07031255  0.00000000
reason of abort: no pseudometric

--------------------------------------------------------------------------------
n=4
(result of R-step: (1,2:6)0.24742710)
V=[0, 1, 2, 4]
total successes of this branch: 0
Matrix on 4 elements:

0    0.00000000  0.16188943  0.38192462  0.49774823
1    0.16188943  0.00000000  0.30836733  0.11569980
2    0.38192462  0.30836733  0.00000000  0.45741961
4    0.49774823  0.11569980  0.45741961  0.00000000
reason of abort: no pseudometric

--------------------------------------------------------------------------------
n=4
(result of R-step: (1,6:4)0.53023727)
V=[0, 1, 2, 6]
total successes of this branch: 1
Matrix on 4 elements:

0    0.00000000  0.39894097  0.39872880  0.33626543
1    0.39894097  0.00000000  0.56222305  0.47790392
2    0.39872880  0.56222305  0.00000000  0.10188610
6    0.33626543  0.47790392  0.10188610  0.00000000

--------------------------------------------------------------------------------
n=4
(result of R-step: (2,4:6)0.92915269)
V=[0, 1, 2, 4]
total successes of this branch: 1
Matrix on 4 elements:

0    0.00000000  0.53284245  0.32459284  0.42361227
1    0.53284245  0.00000000  0.62198858  0.41251687
2    0.32459284  0.62198858  0.00000000  0.32595188
4    0.42361227  0.41251687  0.32595188  0.00000000
