n=7
V=[0, 1, 2, 3, 4, 5, 6]
total successes of this branch: 2
Matrix on 7 elements:

0    0.00000000  2.78514796  2.72255806  2.36423422  2.75321141  1.04960640  2.76109936
1    2.78514796  0.00000000  2.74716624  2.77148451  2.13859402  2.78268594  1.72018820
2    2.72255806  2.74716624  0.00000000  2.72333176  2.11311819  2.60659843  2.26972052
3    2.36423422  2.77148451  2.72333176  0.00000000  2.74691453  2.38751140  2.75298302
4    2.75321141  2.13859402  2.11311819  2.74691453  0.00000000  2.71171971  0.86296756
5    1.04960640  2.78268594  2.60659843  2.38751140  2.71171971  0.00000000  2.72924752
6    2.76109936  1.72018820  2.26972052  2.75298302  0.86296756  2.72924752  0.00000000

--------------------------------------------------------------------------------
n=6
(result of R-step: (0,2:5)0.93517866)
V=[0, 1, 2, 3, 4, 6]
total successes of this branch: 2
Matrix on 6 elements:

0    0.00000000  2.31832458  1.78891130  1.89741083  2.28638803  2.29427598
1    2.31832458  0.00000000  2.28034286  2.77148451  2.13859402  1.72018820
2    1.78891130  2.28034286  0.00000000  2.25650838  1.64629481  1.80289714
3    1.89741083  2.77148451  2.25650838  0.00000000  2.74691453  2.75298302
4    2.28638803  2.13859402  1.64629481  2.74691453  0.00000000  0.86296756
6    2.29427598  1.72018820  1.80289714  2.75298302  0.86296756  0.00000000

--------------------------------------------------------------------------------
n=5
(result of R-step: (1,4:6)0.24698811)
V=[0, 1, 2, 3, 4]
total successes of this branch: 2
Matrix on 5 elements:

0    0.00000000  2.09604372  1.78891130  1.89741083  2.06410717
1    2.09604372  0.00000000  2.05806200  2.54920364  1.69403229
2    1.78891130  2.05806200  0.00000000  2.25650838  1.42401394
3    1.89741083  2.54920364  2.25650838  0.00000000  2.52463366
4    2.06410717  1.69403229  1.42401394  2.52463366  0.00000000

--------------------------------------------------------------------------------
n=4
(result of R-step: (0,1:2)0.02219163)
V=[0, 1, 3, 4]
total successes of this branch: 0
Matrix on 4 elements:

0    0.00000000  0.52832930  1.50056913  1.66726546
1    0.52832930  0.00000000  1.37833093  0.52315958
3    1.50056913  1.37833093  0.00000000  2.52463366
4    1.66726546  0.52315958  2.52463366  0.00000000
reason of abort: no pseudometric

--------------------------------------------------------------------------------
n=4
(result of R-step: (0,4:1)0.61431879)
V=[0, 2, 3, 4]
total successes of this branch: 0
Matrix on 4 elements:

0    0.00000000  1.06447341  1.17297294  1.31876118
2    1.06447341  0.00000000  2.25650838  1.40310585
3    1.17297294  2.25650838  0.00000000  2.50372557
4    1.31876118  1.40310585  2.50372557  0.00000000
reason of abort: no pseudometric

--------------------------------------------------------------------------------
n=4
(result of R-step: (0,4:2)0.61419933)
V=[0, 1, 3, 4]
total successes of this branch: 1
Matrix on 4 elements:

0    0.00000000  1.38335749  1.18472460  1.30071321
1    1.38335749  0.00000000  2.54920364  1.64332457
3    1.18472460  2.54920364  0.00000000  2.47392594
4    1.30071321  1.64332457  2.47392594  0.00000000

--------------------------------------------------------------------------------
n=4
(result of R-step: (1,3:2)0.96394012)
V=[0, 1, 3, 4]
total successes of this branch: 0
reason of abort: negative delta/dxy

--------------------------------------------------------------------------------
n=4
(result of R-step: (3,4:1)0.60259915)
V=[0, 2, 3, 4]
total successes of this branch: 1
Matrix on 4 elements:

0    0.00000000  1.78891130  0.72455450  2.01339944
2    1.78891130  0.00000000  1.08365204  1.37330622
3    0.72455450  1.08365204  0.00000000  1.30106960
4    2.01339944  1.37330622  1.30106960  0.00000000

--------------------------------------------------------------------------------
n=4
(result of R-step: (3,4:2)0.62554632)
V=[0, 1, 3, 4]
total successes of this branch: 0
Matrix on 4 elements:

0    0.00000000  2.09604372  0.71279064  2.04319907
1    2.09604372  0.00000000  1.36458345  1.67312420
3    0.71279064  1.36458345  0.00000000  1.31910537
4    2.04319907  1.67312420  1.31910537  0.00000000
reason of abort: no pseudometric
