n=7
V=[0, 1, 2, 3, 4, 5, 6]
total successes of this branch: 2
Matrix on 7 elements:

0    0.00000000  1.92736674  1.64583950  1.70017047  1.21521481  1.76758775  1.41570557
1    1.92736674  0.00000000  1.29816135  1.21791106  1.56427559  1.04687115  1.41978457
2    1.64583950  1.29816135  0.00000000  1.38249490  1.51106280  1.35747011  0.68539888
3    1.70017047  1.21791106  1.38249490  0.00000000  1.19179534  0.81254640  1.44390048
4    1.21521481  1.56427559  1.51106280  1.19179534  0.00000000  1.30232359  1.45387641
5    1.76758775  1.04687115  1.35747011  0.81254640  1.30232359  0.00000000  1.43674443
6    1.41570557  1.41978457  0.68539888  1.44390048  1.45387641  1.43674443  0.00000000

--------------------------------------------------------------------------------
n=6
(result of R-step: (0,2:6)0.19329653)
V=[0, 1, 2, 3, 4, 5]
total successes of this branch: 2
Matrix on 6 elements:

0    0.00000000  1.69973427  1.19057454  1.47253800  0.98758234  1.53995528
1    1.69973427  0.00000000  1.07052888  1.21791106  1.56427559  1.04687115
2    1.19057454  1.07052888  0.00000000  1.15486242  1.28343032  1.12983763
3    1.47253800  1.21791106  1.15486242  0.00000000  1.19179534  0.81254640
4    0.98758234  1.56427559  1.28343032  1.19179534  0.00000000  1.30232359
5    1.53995528  1.04687115  1.12983763  0.81254640  1.30232359  0.00000000

--------------------------------------------------------------------------------
n=5
(result of R-step: (2,4:0)0.31803763)
V=[1, 2, 3, 4, 5]
total successes of this branch: 2
Matrix on 5 elements:

1    0.00000000  1.03462960  1.21791106  1.35391611  1.04687115
2    1.03462960  0.00000000  1.11896314  1.03717157  1.09393835
3    1.21791106  1.11896314  0.00000000  0.98143587  0.81254640
4    1.35391611  1.03717157  0.98143587  0.00000000  1.09196412
5    1.04687115  1.09393835  0.81254640  1.09196412  0.00000000

--------------------------------------------------------------------------------
n=4
(result of R-step: (1,5:4)0.48562335)
V=[1, 2, 3, 5]
total successes of this branch: 0
reason of abort: negative delta/dxy

--------------------------------------------------------------------------------
n=4
(result of R-step: (2,3:4)0.30863109)
V=[1, 2, 3, 5]
total successes of this branch: 1
Matrix on 4 elements:

1    0.00000000  0.91963174  0.89715781  1.04687115
2    0.91963174  0.00000000  0.68321203  0.97894049
3    0.89715781  0.68321203  0.00000000  0.49179315
5    1.04687115  0.97894049  0.49179315  0.00000000

--------------------------------------------------------------------------------
n=4
(result of R-step: (2,5:1)0.39703481)
V=[2, 3, 4, 5]
total successes of this branch: 1
Matrix on 4 elements:

2    0.00000000  1.00396528  0.92217371  0.70626057
3    1.00396528  0.00000000  0.98143587  0.53986648
4    0.92217371  0.98143587  0.00000000  0.81928420
5    0.70626057  0.53986648  0.81928420  0.00000000

--------------------------------------------------------------------------------
n=4
(result of R-step: (3,4:1)0.11780149)
V=[2, 3, 4, 5]
total successes of this branch: 0
reason of abort: negative delta/dxy
