n=7
V=[0, 1, 2, 3, 4, 5, 6]
total successes of this branch: 2
Matrix on 7 elements:

0    0.00000000  1.99258699  1.97513303  1.82598187  1.48662975  1.85405469  1.19135989
1    1.99258699  0.00000000  1.97001726  1.98221928  1.99078635  1.97992265  1.14657143
2    1.97513303  1.97001726  0.00000000  1.84840362  1.95312289  1.76573156  1.97250559
3    1.82598187  1.98221928  1.84840362  0.00000000  1.75465606  1.49183824  1.90622462
4    1.48662975  1.99078635  1.95312289  1.75465606  0.00000000  1.79201094  1.74556205
5    1.85405469  1.97992265  1.76573156  1.49183824  1.79201094  0.00000000  1.91869984
6    1.19135989  1.14657143  1.97250559  1.90622462  1.74556205  1.91869984  0.00000000

--------------------------------------------------------------------------------
n=6
(result of R-step: (0,1:6)0.48640502)
V=[0, 1, 2, 3, 4, 5]
total successes of this branch: 2
Matrix on 6 elements:

0    0.00000000  1.64724266  1.80246086  1.65330971  1.31395758  1.68138253
1    1.64724266  0.00000000  1.79734509  1.80954712  1.81811418  1.80725048
2    1.80246086  1.79734509  0.00000000  1.84840362  1.95312289  1.76573156
3    1.65330971  1.80954712  1.84840362  0.00000000  1.75465606  1.49183824
4    1.31395758  1.81811418  1.95312289  1.75465606  0.00000000  1.79201094
5    1.68138253  1.80725048  1.76573156  1.49183824  1.79201094  0.00000000

--------------------------------------------------------------------------------
n=5
(result of R-step: (2,3:5)0.18821725)
V=[0, 1, 2, 3, 4]
total successes of this branch: 2
Matrix on 5 elements:

0    0.00000000  1.64724266  1.09787777  0.94872662  1.31395758
1    1.64724266  0.00000000  1.09276200  1.10496403  1.81811418
2    1.09787777  1.09276200  0.00000000  0.43923745  1.24853980
3    0.94872662  1.10496403  0.43923745  0.00000000  1.05007297
4    1.31395758  1.81811418  1.24853980  1.05007297  0.00000000

--------------------------------------------------------------------------------
n=4
(result of R-step: (0,3:4)0.82632177)
V=[0, 1, 2, 3]
total successes of this branch: 1
Matrix on 4 elements:

0    0.00000000  1.11226286  0.56289797  0.41067794
1    1.11226286  0.00000000  1.09276200  1.10189515
2    0.56289797  1.09276200  0.00000000  0.43616857
3    0.41067794  1.10189515  0.43616857  0.00000000

--------------------------------------------------------------------------------
n=4
(result of R-step: (1,3:2)0.70932120)
V=[0, 1, 3, 4]
total successes of this branch: 1
Matrix on 4 elements:

0    0.00000000  0.85924036  0.94565774  1.31395758
1    0.85924036  0.00000000  0.31389285  1.03011188
3    0.94565774  0.31389285  0.00000000  1.04700409
4    1.31395758  1.03011188  1.04700409  0.00000000
