n=7
V=[0, 1, 2, 3, 4, 5, 6]
total successes of this branch: 1
Matrix on 7 elements:

0    0.00000000  0.57793658  0.54150439  0.55449787  0.57131700  0.55453053  0.41685403
1    0.57793658  0.00000000  0.52332924  0.38731060  0.18404431  0.38691586  0.53635681
2    0.54150439  0.52332924  0.00000000  0.27796773  0.45403402  0.27830965  0.14366074
3    0.55449787  0.38731060  0.27796773  0.00000000  0.30731015  0.03174398  0.34393897
4    0.57131700  0.18404431  0.45403402  0.30731015  0.00000000  0.30677396  0.48201399
5    0.55453053  0.38691586  0.27830965  0.03174398  0.30677396  0.00000000  0.34420711
6    0.41685403  0.53635681  0.14366074  0.34393897  0.48201399  0.34420711  0.00000000

--------------------------------------------------------------------------------
n=6
(result of R-step: (3,4:5)0.99805800)
V=[0, 1, 2, 3, 4, 6]
total successes of this branch: 1
Matrix on 6 elements:

0    0.00000000  0.57793658  0.54150439  0.53889398  0.55571310  0.41685403
1    0.57793658  0.00000000  0.52332924  0.37170670  0.16844042  0.53635681
2    0.54150439  0.52332924  0.00000000  0.26236383  0.43843013  0.14366074
3    0.53889398  0.37170670  0.26236383  0.00000000  0.27610236  0.32833508
4    0.55571310  0.16844042  0.43843013  0.27610236  0.00000000  0.46641009
6    0.41685403  0.53635681  0.14366074  0.32833508  0.46641009  0.00000000

--------------------------------------------------------------------------------
n=5
(result of R-step: (1,3:4)0.71757911)
V=[0, 1, 2, 3, 6]
total successes of this branch: 1
Matrix on 5 elements:

0    0.00000000  0.52591465  0.54150439  0.50247594  0.41685403
1    0.52591465  0.00000000  0.47130731  0.28326673  0.48433487
2    0.54150439  0.47130731  0.00000000  0.22594579  0.14366074
3    0.50247594  0.28326673  0.22594579  0.00000000  0.29191704
6    0.41685403  0.48433487  0.14366074  0.29191704  0.00000000

--------------------------------------------------------------------------------
n=4
(result of R-step: (0,1:2)0.98836078)
V=[0, 1, 3, 6]
total successes of this branch: 0
reason of abort: negative delta/dxy

--------------------------------------------------------------------------------
n=4
(result of R-step: (0,6:3)0.79534642)
V=[0, 1, 2, 6]
total successes of this branch: 0
reason of abort: negative delta/dxy

--------------------------------------------------------------------------------
n=4
(result of R-step: (1,2:3)0.52569110)
V=[0, 1, 2, 6]
total successes of this branch: 1
Matrix on 4 elements:

0    0.00000000  0.43978560  0.53199919  0.41685403
1    0.43978560  0.00000000  0.37567307  0.39820583
2    0.53199919  0.37567307  0.00000000  0.13415555
6    0.41685403  0.39820583  0.13415555  0.00000000

--------------------------------------------------------------------------------
n=4
(result of R-step: (3,6:2)0.48023263)
V=[0, 1, 3, 6]
total successes of this branch: 0
reason of abort: negative delta/dxy
