n=7
V=[0, 1, 2, 3, 4, 5, 6]
total successes of this branch: 5
Matrix on 7 elements:

0    0.00000000  0.78189239  0.73858356  0.56260928  0.68747679  0.76538301  0.71696933
1    0.78189239  0.00000000  0.61831726  0.73967637  0.65356259  0.44533175  0.12124455
2    0.73858356  0.61831726  0.00000000  0.67736910  0.49768606  0.51175231  0.62907852
3    0.56260928  0.73967637  0.67736910  0.00000000  0.60382699  0.71592477  0.72383266
4    0.68747679  0.65356259  0.49768606  0.60382699  0.00000000  0.59414228  0.65659719
5    0.76538301  0.44533175  0.51175231  0.71592477  0.59414228  0.00000000  0.47396949
6    0.71696933  0.12124455  0.62907852  0.72383266  0.65659719  0.47396949  0.00000000

--------------------------------------------------------------------------------
n=6
(result of R-step: (0,1:6)0.08947859)
V=[0, 1, 2, 3, 4, 5]
total successes of this branch: 5
Matrix on 6 elements:

0    0.00000000  0.72557090  0.71042282  0.53444853  0.65931605  0.73722227
1    0.72557090  0.00000000  0.59015651  0.71151563  0.62540185  0.41717101
2    0.71042282  0.59015651  0.00000000  0.67736910  0.49768606  0.51175231
3    0.53444853  0.71151563  0.67736910  0.00000000  0.60382699  0.71592477
4    0.65931605  0.62540185  0.49768606  0.60382699  0.00000000  0.59414228
5    0.73722227  0.41717101  0.51175231  0.71592477  0.59414228  0.00000000

--------------------------------------------------------------------------------
n=5
(result of R-step: (1,2:5)0.61879888)
V=[0, 1, 2, 3, 4]
total successes of this branch: 5
Matrix on 5 elements:

0    0.00000000  0.58434824  0.54103942  0.53444853  0.65931605
1    0.58434824  0.00000000  0.27955045  0.57029297  0.48417919
2    0.54103942  0.27955045  0.00000000  0.50798569  0.32830266
3    0.53444853  0.57029297  0.50798569  0.00000000  0.60382699
4    0.65931605  0.48417919  0.32830266  0.60382699  0.00000000

--------------------------------------------------------------------------------
n=4
(result of R-step: (0,1:4)0.05118223)
V=[0, 1, 2, 3]
total successes of this branch: 0
reason of abort: negative delta/dxy

--------------------------------------------------------------------------------
n=4
(result of R-step: (0,2:1)0.30723720)
V=[0, 2, 3, 4]
total successes of this branch: 1
Matrix on 4 elements:

0    0.00000000  0.24551793  0.28161562  0.40648313
2    0.24551793  0.00000000  0.46529712  0.28561409
3    0.28161562  0.46529712  0.00000000  0.60382699
4    0.40648313  0.28561409  0.60382699  0.00000000

--------------------------------------------------------------------------------
n=4
(result of R-step: (0,2:4)0.39085082)
V=[0, 1, 2, 3]
total successes of this branch: 0
Matrix on 4 elements:

0    0.00000000  0.27189647  0.20286433  0.22199677
1    0.27189647  0.00000000  0.25382713  0.57029297
2    0.20286433  0.25382713  0.00000000  0.48226237
3    0.22199677  0.57029297  0.48226237  0.00000000
reason of abort: no pseudometric

--------------------------------------------------------------------------------
n=4
(result of R-step: (0,3:2)0.36728929)
V=[0, 1, 3, 4]
total successes of this branch: 0
reason of abort: negative delta/dxy

--------------------------------------------------------------------------------
n=4
(result of R-step: (0,4:3)0.83122646)
V=[0, 1, 2, 4]
total successes of this branch: 1
Matrix on 4 elements:

0    0.00000000  0.33151532  0.28820650  0.24965928
1    0.33151532  0.00000000  0.27955045  0.32735534
2    0.28820650  0.27955045  0.00000000  0.17147881
4    0.24965928  0.32735534  0.17147881  0.00000000

--------------------------------------------------------------------------------
n=4
(result of R-step: (1,3:0)0.20623092)
V=[1, 2, 3, 4]
total successes of this branch: 1
Matrix on 4 elements:

1    0.00000000  0.15468270  0.23335324  0.35931144
2    0.15468270  0.00000000  0.29591372  0.32830266
3    0.23335324  0.29591372  0.00000000  0.39175501
4    0.35931144  0.32830266  0.39175501  0.00000000

--------------------------------------------------------------------------------
n=4
(result of R-step: (1,4:2)0.54147441)
V=[0, 1, 3, 4]
total successes of this branch: 1
Matrix on 4 elements:

0    0.00000000  0.45948049  0.53444853  0.50249220
1    0.45948049  0.00000000  0.44542522  0.20248759
3    0.53444853  0.44542522  0.00000000  0.44700314
4    0.50249220  0.20248759  0.44700314  0.00000000

--------------------------------------------------------------------------------
n=4
(result of R-step: (2,3:1)0.60098675)
V=[0, 2, 3, 4]
total successes of this branch: 0
Matrix on 4 elements:

0    0.00000000  0.51531609  0.25994434  0.65931605
2    0.51531609  0.00000000  0.20775817  0.30257933
3    0.25994434  0.20775817  0.00000000  0.32932279
4    0.65931605  0.30257933  0.32932279  0.00000000
reason of abort: no pseudometric

--------------------------------------------------------------------------------
n=4
(result of R-step: (2,3:4)0.70957817)
V=[0, 1, 2, 3]
total successes of this branch: 1
Matrix on 4 elements:

0    0.00000000  0.58434824  0.49835084  0.32237656
1    0.58434824  0.00000000  0.23686188  0.35822099
2    0.49835084  0.23686188  0.00000000  0.25322515
3    0.32237656  0.35822099  0.25322515  0.00000000

--------------------------------------------------------------------------------
n=4
(result of R-step: (3,4:1)0.08607964)
V=[0, 2, 3, 4]
total successes of this branch: 0
reason of abort: negative delta/dxy
