n=7
V=[0, 1, 2, 3, 4, 5, 6]
total successes of this branch: 5
Matrix on 7 elements:

0    0.00000000  1.72684143  1.32410461  1.18128521  1.39554271  1.28290613  1.33378556
1    1.72684143  0.00000000  1.57015224  1.60461770  1.37958440  1.58009434  1.54432739
2    1.32410461  1.57015224  0.00000000  0.81762895  0.68638181  0.28253798  0.10132687
3    1.18128521  1.60461770  0.81762895  0.00000000  0.95722628  0.60069593  0.83654652
4    1.39554271  1.37958440  0.68638181  0.95722628  0.00000000  0.76451111  0.59466955
5    1.28290613  1.58009434  0.28253798  0.60069593  0.76451111  0.00000000  0.34785268
6    1.33378556  1.54432739  0.10132687  0.83654652  0.59466955  0.34785268  0.00000000

--------------------------------------------------------------------------------
n=6
(result of R-step: (2,4:6)0.86448477)
V=[0, 1, 2, 3, 4, 5]
total successes of this branch: 5
Matrix on 6 elements:

0    0.00000000  1.72684143  1.31929731  1.18128521  1.39073541  1.28290613
1    1.72684143  0.00000000  1.56534493  1.60461770  1.37477709  1.58009434
2    1.31929731  1.56534493  0.00000000  0.81282165  0.67676721  0.27773068
3    1.18128521  1.60461770  0.81282165  0.00000000  0.95241897  0.60069593
4    1.39073541  1.37477709  0.67676721  0.95241897  0.00000000  0.75970381
5    1.28290613  1.58009434  0.27773068  0.60069593  0.75970381  0.00000000

--------------------------------------------------------------------------------
n=5
(result of R-step: (2,3:5)0.71153444)
V=[0, 1, 2, 3, 4]
total successes of this branch: 5
Matrix on 5 elements:

0    0.00000000  1.72684143  1.29130214  1.14848273  1.39073541
1    1.72684143  0.00000000  1.53734976  1.57181523  1.37477709
2    1.29130214  1.53734976  0.00000000  0.75202400  0.64877203
3    1.14848273  1.57181523  0.75202400  0.00000000  0.91961650
4    1.39073541  1.37477709  0.64877203  0.91961650  0.00000000

--------------------------------------------------------------------------------
n=4
(result of R-step: (0,1:2)0.21349448)
V=[0, 1, 3, 4]
total successes of this branch: 0
reason of abort: negative delta/dxy

--------------------------------------------------------------------------------
n=4
(result of R-step: (0,2:3)0.42785720)
V=[0, 1, 2, 4]
total successes of this branch: 1
Matrix on 4 elements:

0    0.00000000  1.19362215  0.54297834  0.85751613
1    1.19362215  0.00000000  1.32224525  1.37477709
2    0.54297834  1.32224525  0.00000000  0.43366752
4    0.85751613  1.37477709  0.43366752  0.00000000

--------------------------------------------------------------------------------
n=4
(result of R-step: (0,3:4)0.24407467)
V=[0, 1, 2, 3]
total successes of this branch: 0
reason of abort: negative delta/dxy

--------------------------------------------------------------------------------
n=4
(result of R-step: (0,4:1)0.57142771)
V=[0, 2, 3, 4]
total successes of this branch: 1
Matrix on 4 elements:

0    0.00000000  0.75808285  0.61526345  0.78908645
2    0.75808285  0.00000000  0.75202400  0.58034236
3    0.61526345  0.75202400  0.00000000  0.85118683
4    0.78908645  0.58034236  0.85118683  0.00000000

--------------------------------------------------------------------------------
n=4
(result of R-step: (1,2:4)0.17738160)
V=[0, 1, 2, 3]
total successes of this branch: 1
Matrix on 4 elements:

0    0.00000000  1.47893445  1.07619763  1.14848273
1    1.47893445  0.00000000  1.07433826  1.32390824
2    1.07619763  1.07433826  0.00000000  0.53691949
3    1.14848273  1.32390824  0.53691949  0.00000000

--------------------------------------------------------------------------------
n=4
(result of R-step: (1,3:0)0.20643978)
V=[1, 2, 3, 4]
total successes of this branch: 1
Matrix on 4 elements:

1    0.00000000  1.28944277  1.04236572  1.12687011
2    1.28944277  0.00000000  0.47048148  0.64877203
3    1.04236572  0.47048148  0.00000000  0.63807398
4    1.12687011  0.64877203  0.63807398  0.00000000

--------------------------------------------------------------------------------
n=4
(result of R-step: (1,4:3)0.62537980)
V=[0, 1, 2, 4]
total successes of this branch: 0
reason of abort: negative delta/dxy

--------------------------------------------------------------------------------
n=4
(result of R-step: (2,3:1)0.29782176)
V=[0, 2, 3, 4]
total successes of this branch: 0
reason of abort: negative delta/dxy

--------------------------------------------------------------------------------
n=4
(result of R-step: (2,4:0)0.37314083)
V=[1, 2, 3, 4]
total successes of this branch: 0
reason of abort: negative delta/dxy

--------------------------------------------------------------------------------
n=4
(result of R-step: (3,4:2)0.59642937)
V=[0, 1, 3, 4]
total successes of this branch: 1
Matrix on 4 elements:

0    0.00000000  1.72684143  0.86694022  1.32230574
1    1.72684143  0.00000000  1.29027271  1.30634742
3    0.86694022  1.29027271  0.00000000  0.56964431
4    1.32230574  1.30634742  0.56964431  0.00000000
