n=7
V=[0, 1, 2, 3, 4, 5, 6]
total successes of this branch: 5
Matrix on 7 elements:

0    0.00000000  0.78189239  0.73858356  0.56260928  0.68747679  0.76538301  0.71696933
1    0.78189239  0.00000000  0.61831726  0.73967637  0.65356259  0.44533175  0.12124455
2    0.73858356  0.61831726  0.00000000  0.67736910  0.49768606  0.51175231  0.62907852
3    0.56260928  0.73967637  0.67736910  0.00000000  0.60382699  0.71592477  0.72383266
4    0.68747679  0.65356259  0.49768606  0.60382699  0.00000000  0.59414228  0.65659719
5    0.76538301  0.44533175  0.51175231  0.71592477  0.59414228  0.00000000  0.47396949
6    0.71696933  0.12124455  0.62907852  0.72383266  0.65659719  0.47396949  0.00000000

--------------------------------------------------------------------------------
n=6
(result of R-step: (0,1:6)0.08947859)
V=[0, 1, 2, 3, 4, 5]
total successes of this branch: 5
Matrix on 6 elements:

0    0.00000000  0.72557090  0.71042282  0.53444853  0.65931605  0.73722227
1    0.72557090  0.00000000  0.59015651  0.71151563  0.62540185  0.41717101
2    0.71042282  0.59015651  0.00000000  0.67736910  0.49768606  0.51175231
3    0.53444853  0.71151563  0.67736910  0.00000000  0.60382699  0.71592477
4    0.65931605  0.62540185  0.49768606  0.60382699  0.00000000  0.59414228
5    0.73722227  0.41717101  0.51175231  0.71592477  0.59414228  0.00000000

--------------------------------------------------------------------------------
n=5
(result of R-step: (0,4:3)0.83122646)
V=[0, 1, 2, 4, 5]
total successes of this branch: 5
Matrix on 5 elements:

0    0.00000000  0.47273798  0.45758991  0.24965928  0.48438936
1    0.47273798  0.00000000  0.59015651  0.46857800  0.41717101
2    0.45758991  0.59015651  0.00000000  0.34086221  0.51175231
4    0.24965928  0.46857800  0.34086221  0.00000000  0.43731843
5    0.48438936  0.41717101  0.51175231  0.43731843  0.00000000

--------------------------------------------------------------------------------
n=4
(result of R-step: (0,1:2)0.77689024)
V=[0, 1, 4, 5]
total successes of this branch: 0
reason of abort: negative delta/dxy

--------------------------------------------------------------------------------
n=4
(result of R-step: (0,2:4)0.52350604)
V=[0, 1, 2, 5]
total successes of this branch: 1
Matrix on 4 elements:

0    0.00000000  0.38512709  0.20059561  0.39677847
1    0.38512709  0.00000000  0.42077311  0.41717101
2    0.20059561  0.42077311  0.00000000  0.34236891
5    0.39677847  0.41717101  0.34236891  0.00000000

--------------------------------------------------------------------------------
n=4
(result of R-step: (0,5:1)0.35315195)
V=[0, 2, 4, 5]
total successes of this branch: 1
Matrix on 4 elements:

0    0.00000000  0.36997902  0.16204839  0.28193217
2    0.36997902  0.00000000  0.34086221  0.39690602
4    0.16204839  0.34086221  0.00000000  0.32247214
5    0.28193217  0.39690602  0.32247214  0.00000000

--------------------------------------------------------------------------------
n=4
(result of R-step: (1,2:5)0.61879888)
V=[0, 1, 2, 4]
total successes of this branch: 1
Matrix on 4 elements:

0    0.00000000  0.33151532  0.28820650  0.24965928
1    0.33151532  0.00000000  0.27955045  0.32735534
2    0.28820650  0.27955045  0.00000000  0.17147881
4    0.24965928  0.32735534  0.17147881  0.00000000

--------------------------------------------------------------------------------
n=4
(result of R-step: (1,4:0)0.25852259)
V=[1, 2, 4, 5]
total successes of this branch: 1
Matrix on 4 elements:

1    0.00000000  0.44893385  0.27594325  0.27594835
2    0.44893385  0.00000000  0.28945013  0.51175231
4    0.27594325  0.28945013  0.00000000  0.38590635
5    0.27594835  0.51175231  0.38590635  0.00000000

--------------------------------------------------------------------------------
n=4
(result of R-step: (1,4:2)0.54885857)
V=[0, 1, 4, 5]
total successes of this branch: 0
reason of abort: negative delta/dxy

--------------------------------------------------------------------------------
n=4
(result of R-step: (1,5:4)0.70889530)
V=[0, 1, 2, 5]
total successes of this branch: 0
reason of abort: negative delta/dxy

--------------------------------------------------------------------------------
n=4
(result of R-step: (2,5:0)0.90270401)
V=[1, 2, 4, 5]
total successes of this branch: 0
reason of abort: negative delta/dxy

--------------------------------------------------------------------------------
n=4
(result of R-step: (4,5:0)0.49361592)
V=[1, 2, 4, 5]
total successes of this branch: 0
reason of abort: negative delta/dxy

--------------------------------------------------------------------------------
n=4
(result of R-step: (4,5:2)0.69821418)
V=[0, 1, 4, 5]
total successes of this branch: 1
Matrix on 4 elements:

0    0.00000000  0.47273798  0.19824720  0.36954306
1    0.47273798  0.00000000  0.41716591  0.30232471
4    0.19824720  0.41716591  0.00000000  0.27106006
5    0.36954306  0.30232471  0.27106006  0.00000000
