n=7
V=[0, 1, 2, 3, 4, 5, 6]
total successes of this branch: 3
Matrix on 7 elements:

0    0.00000000  3.51169269  3.45804742  3.24176102  1.27516792  3.48462346  3.23147183
1    3.51169269  0.00000000  3.30791224  3.45045781  3.49809770  2.00621322  3.45070706
2    3.45804742  3.30791224  0.00000000  3.36513487  3.43741956  1.98205673  3.36551306
3    3.24176102  3.45045781  3.36513487  0.00000000  2.68055470  3.40740413  0.34433572
4    1.27516792  3.49809770  3.43741956  2.68055470  0.00000000  3.46747970  2.66826735
5    3.48462346  2.00621322  1.98205673  3.40740413  3.46747970  0.00000000  3.40771844
6    3.23147183  3.45070706  3.36551306  0.34433572  2.66826735  3.40771844  0.00000000

--------------------------------------------------------------------------------
n=6
(result of R-step: (1,2:5)0.49540324)
V=[0, 1, 2, 3, 4, 6]
total successes of this branch: 3
Matrix on 6 elements:

0    0.00000000  3.17151383  3.11786857  3.24176102  1.27516792  3.23147183
1    3.17151383  0.00000000  2.62755453  3.11027895  3.15791884  3.11052820
2    3.11786857  2.62755453  0.00000000  3.02495602  3.09724070  3.02533421
3    3.24176102  3.11027895  3.02495602  0.00000000  2.68055470  0.34433572
4    1.27516792  3.15791884  3.09724070  2.68055470  0.00000000  2.66826735
6    3.23147183  3.11052820  3.02533421  0.34433572  2.66826735  0.00000000

--------------------------------------------------------------------------------
n=5
(result of R-step: (0,2:1)0.01208743)
V=[0, 2, 3, 4, 6]
total successes of this branch: 3
Matrix on 5 elements:

0    0.00000000  1.49196718  2.88478022  0.91818712  2.87449103
2    1.49196718  0.00000000  1.75603543  1.82832012  1.75641362
3    2.88478022  1.75603543  0.00000000  2.68055470  0.34433572
4    0.91818712  1.82832012  2.68055470  0.00000000  2.66826735
6    2.87449103  1.75641362  0.34433572  2.66826735  0.00000000

--------------------------------------------------------------------------------
n=4
(result of R-step: (0,3:2)0.52750155)
V=[0, 3, 4, 6]
total successes of this branch: 1
Matrix on 4 elements:

0    0.00000000  2.66994484  0.86937593  2.82567984
3    2.66994484  0.00000000  2.51453052  0.17831154
4    0.86937593  2.51453052  0.00000000  2.66826735
6    2.82567984  0.17831154  2.66826735  0.00000000

--------------------------------------------------------------------------------
n=4
(result of R-step: (0,3:4)0.80582205)
V=[0, 2, 3, 6]
total successes of this branch: 0
Matrix on 4 elements:

0    0.00000000  1.44670304  2.65705842  2.82922688
2    1.44670304  0.00000000  1.57357779  1.75641362
3    2.65705842  1.57357779  0.00000000  0.16187808
6    2.82922688  1.75641362  0.16187808  0.00000000
reason of abort: no pseudometric

--------------------------------------------------------------------------------
n=4
(result of R-step: (0,3:6)0.00845328)
V=[0, 2, 3, 4]
total successes of this branch: 0
Matrix on 4 elements:

0    0.00000000  0.81257215  2.04536276  0.23879209
2    0.81257215  0.00000000  1.59601300  1.82832012
3    2.04536276  1.59601300  0.00000000  2.52053227
4    0.23879209  1.82832012  2.52053227  0.00000000
reason of abort: no pseudometric

--------------------------------------------------------------------------------
n=4
(result of R-step: (0,6:2)0.52479524)
V=[0, 3, 4, 6]
total successes of this branch: 0
Matrix on 4 elements:

0    0.00000000  2.83951607  0.87292297  2.65097963
3    2.83951607  0.00000000  2.68055470  0.16608847
4    0.87292297  2.68055470  0.00000000  2.49002010
6    2.65097963  0.16608847  2.49002010  0.00000000
reason of abort: no pseudometric

--------------------------------------------------------------------------------
n=4
(result of R-step: (0,6:4)0.80727292)
V=[0, 2, 3, 6]
total successes of this branch: 1
Matrix on 4 elements:

0    0.00000000  1.44315599  2.83596903  2.66384049
2    1.44315599  0.00000000  1.75603543  1.59457428
3    2.83596903  1.75603543  0.00000000  0.18249638
6    2.66384049  1.59457428  0.18249638  0.00000000

--------------------------------------------------------------------------------
n=4
(result of R-step: (2,4:0)0.15776382)
V=[2, 3, 4, 6]
total successes of this branch: 0
reason of abort: negative delta/dxy

--------------------------------------------------------------------------------
n=4
(result of R-step: (2,6:3)0.00368273)
V=[0, 2, 4, 6]
total successes of this branch: 0
reason of abort: negative delta/dxy

--------------------------------------------------------------------------------
n=4
(result of R-step: (3,4:2)0.34625923)
V=[0, 3, 4, 6]
total successes of this branch: 0
Matrix on 4 elements:

0    0.00000000  2.72475779  0.14775616  2.87449103
3    2.72475779  0.00000000  1.75010131  0.18431329
4    0.14775616  1.75010131  0.00000000  1.89783639
6    2.87449103  0.18431329  1.89783639  0.00000000
reason of abort: no pseudometric

--------------------------------------------------------------------------------
n=4
(result of R-step: (3,4:6)0.99476801)
V=[0, 2, 3, 4]
total successes of this branch: 1
Matrix on 4 elements:

0    0.00000000  1.49196718  2.71875603  0.75216293
2    1.49196718  0.00000000  1.59001125  1.66229593
3    2.71875603  1.59001125  0.00000000  2.34850633
4    0.75216293  1.66229593  2.34850633  0.00000000

--------------------------------------------------------------------------------
n=4
(result of R-step: (4,6:2)0.65095135)
V=[0, 3, 4, 6]
total successes of this branch: 0
Matrix on 4 elements:

0    0.00000000  2.88478022  0.14544874  2.69032389
3    2.88478022  0.00000000  1.90781632  0.16016859
4    0.14544874  1.90781632  0.00000000  1.71136183
6    2.69032389  0.16016859  1.71136183  0.00000000
reason of abort: no pseudometric
