n=7
V=[0, 1, 2, 3, 4, 5, 6]
total successes of this branch: 5
Matrix on 7 elements:

0    0.00000000  0.69851738  0.68512212  0.69126837  0.41972187  0.69106704  0.04832030
1    0.69851738  0.00000000  0.65577088  0.55888440  0.68383820  0.56205803  0.69795806
2    0.68512212  0.65577088  0.00000000  0.54150113  0.68365401  0.53372651  0.67667939
3    0.69126837  0.55888440  0.54150113  0.00000000  0.68464671  0.31192779  0.68930873
4    0.41972187  0.68383820  0.68365401  0.68464671  0.00000000  0.68461420  0.42317530
5    0.69106704  0.56205803  0.53372651  0.31192779  0.68461420  0.00000000  0.68900831
6    0.04832030  0.69795806  0.67667939  0.68930873  0.42317530  0.68900831  0.00000000

--------------------------------------------------------------------------------
n=6
(result of R-step: (0,2:6)0.98691547)
V=[0, 1, 2, 3, 4, 5]
total successes of this branch: 5
Matrix on 6 elements:

0    0.00000000  0.67857859  0.64524454  0.67132958  0.39978308  0.67112825
1    0.67857859  0.00000000  0.63583209  0.55888440  0.68383820  0.56205803
2    0.64524454  0.63583209  0.00000000  0.52156234  0.66371522  0.51378773
3    0.67132958  0.55888440  0.52156234  0.00000000  0.68464671  0.31192779
4    0.39978308  0.68383820  0.66371522  0.68464671  0.00000000  0.68461420
5    0.67112825  0.56205803  0.51378773  0.31192779  0.68461420  0.00000000

--------------------------------------------------------------------------------
n=5
(result of R-step: (2,3:5)0.03275619)
V=[0, 1, 2, 3, 4]
total successes of this branch: 5
Matrix on 5 elements:

0    0.00000000  0.67857859  0.51310674  0.51925299  0.39978308
1    0.67857859  0.00000000  0.50369429  0.40680781  0.68383820
2    0.51310674  0.50369429  0.00000000  0.23734795  0.53157742
3    0.51925299  0.40680781  0.23734795  0.00000000  0.53257013
4    0.39978308  0.68383820  0.53157742  0.53257013  0.00000000

--------------------------------------------------------------------------------
n=4
(result of R-step: (0,1:4)0.94998144)
V=[0, 1, 2, 3]
total successes of this branch: 1
Matrix on 4 elements:

0    0.00000000  0.29347468  0.33052418  0.33667043
1    0.29347468  0.00000000  0.30117295  0.20428646
2    0.33052418  0.30117295  0.00000000  0.23734795
3    0.33667043  0.20428646  0.23734795  0.00000000

--------------------------------------------------------------------------------
n=4
(result of R-step: (0,2:1)0.04157386)
V=[0, 2, 3, 4]
total successes of this branch: 0
reason of abort: negative delta/dxy

--------------------------------------------------------------------------------
n=4
(result of R-step: (0,3:1)0.28167775)
V=[0, 2, 3, 4]
total successes of this branch: 0
Matrix on 4 elements:

0    0.00000000  0.30557103  0.26168781  0.19224737
2    0.30557103  0.00000000  0.18731848  0.53157742
3    0.26168781  0.18731848  0.00000000  0.48254065
4    0.19224737  0.53157742  0.48254065  0.00000000
reason of abort: no pseudometric

--------------------------------------------------------------------------------
n=4
(result of R-step: (0,3:2)0.24194116)
V=[0, 1, 3, 4]
total successes of this branch: 1
Matrix on 4 elements:

0    0.00000000  0.49599603  0.28351801  0.21720053
1    0.49599603  0.00000000  0.35365538  0.68383820
3    0.28351801  0.35365538  0.00000000  0.47941770
4    0.21720053  0.68383820  0.47941770  0.00000000

--------------------------------------------------------------------------------
n=4
(result of R-step: (1,2:3)0.39009311)
V=[0, 1, 2, 4]
total successes of this branch: 1
Matrix on 4 elements:

0    0.00000000  0.47605724  0.43173083  0.39978308
1    0.47605724  0.00000000  0.21979704  0.48131685
2    0.43173083  0.21979704  0.00000000  0.45020151
4    0.39978308  0.48131685  0.45020151  0.00000000

--------------------------------------------------------------------------------
n=4
(result of R-step: (2,4:0)0.07001778)
V=[1, 2, 3, 4]
total successes of this branch: 1
Matrix on 4 elements:

1    0.00000000  0.42231839  0.40680781  0.49286167
2    0.42231839  0.00000000  0.15597204  0.25922499
3    0.40680781  0.15597204  0.00000000  0.34159360
4    0.49286167  0.25922499  0.34159360  0.00000000

--------------------------------------------------------------------------------
n=4
(result of R-step: (2,4:1)0.99023853)
V=[0, 2, 3, 4]
total successes of this branch: 0
reason of abort: negative delta/dxy

--------------------------------------------------------------------------------
n=4
(result of R-step: (3,4:0)0.76812669)
V=[1, 2, 3, 4]
total successes of this branch: 0
reason of abort: negative delta/dxy

--------------------------------------------------------------------------------
n=4
(result of R-step: (3,4:1)0.74130794)
V=[0, 2, 3, 4]
total successes of this branch: 1
Matrix on 4 elements:

0    0.00000000  0.51310674  0.46610057  0.20880656
2    0.51310674  0.00000000  0.18419553  0.34060090
3    0.46610057  0.18419553  0.00000000  0.28844117
4    0.20880656  0.34060090  0.28844117  0.00000000

--------------------------------------------------------------------------------
n=4
(result of R-step: (3,4:2)0.74014461)
V=[0, 1, 3, 4]
total successes of this branch: 0
Matrix on 4 elements:

0    0.00000000  0.67857859  0.46922352  0.18331679
1    0.67857859  0.00000000  0.35677834  0.46737190
3    0.46922352  0.35677834  0.00000000  0.26607436
4    0.18331679  0.46737190  0.26607436  0.00000000
reason of abort: no pseudometric
