n=7
V=[0, 1, 2, 3, 4, 5, 6]
total successes of this branch: 0
Matrix on 7 elements:

0    0.00000000  1.40498857  1.06396320  1.30261534  1.37360856  1.30204727  1.39024436
1    1.40498857  0.00000000  1.07862423  0.60685928  0.43714000  0.60798224  0.20839392
2    1.06396320  1.07862423  0.00000000  0.87625396  1.01659257  0.87485009  1.04947805
3    1.30261534  0.60685928  0.87625396  0.00000000  0.53184094  0.28788227  0.57161118
4    1.37360856  0.43714000  1.01659257  0.53184094  0.00000000  0.53299482  0.23440388
5    1.30204727  0.60798224  0.87485009  0.28788227  0.53299482  0.00000000  0.57274867
6    1.39024436  0.20839392  1.04947805  0.57161118  0.23440388  0.57274867  0.00000000
reason of abort: 

--------------------------------------------------------------------------------
n=6
(result of R-step: (1,4:6)0.53014025)
V=[0, 1, 2, 3, 4, 5]
total successes of this branch: 0
Matrix on 6 elements:

0    0.00000000  1.40215967  1.06396320  1.30261534  1.37077966  1.30204727
1    1.40215967  0.00000000  1.07579533  0.60403037  0.43148219  0.60515334
2    1.06396320  1.07579533  0.00000000  0.87625396  1.01376367  0.87485009
3    1.30261534  0.60403037  0.87625396  0.00000000  0.52901204  0.28788227
4    1.37077966  0.43148219  1.01376367  0.52901204  0.00000000  0.53016592
5    1.30204727  0.60515334  0.87485009  0.28788227  0.53016592  0.00000000
reason of abort: no candidate

--------------------------------------------------------------------------------
n=5
(result of R-step: (0,4:1)0.01795218)
V=[0, 2, 3, 4, 5]
total successes of this branch: 0
reason of abort: negative delta/dxy
