n=6
V=[0, 1, 2, 3, 4, 5]
total successes of this branch: 0
Matrix on 6 elements:

0    0.00000000  2.01537732  0.91144935  0.73253849  0.80131813  0.37925997
1    2.01537732  0.00000000  1.66614394  1.48201159  1.76941005  0.36149120
2    0.91144935  1.66614394  0.00000000  0.47531425  0.71433878  0.15196685
3    0.73253849  1.48201159  0.47531425  0.00000000  0.58938117  0.21015144
4    0.80131813  1.76941005  0.71433878  0.58938117  0.00000000  0.31628447
5    0.37925997  0.36149120  0.15196685  0.21015144  0.31628447  0.00000000
reason of abort: no pseudometric
