n=7
V=[0, 1, 2, 3, 4, 5, 6]
total successes of this branch: 2
Matrix on 7 elements:

0    0.00000000  0.70710714  0.67200702  0.67054013  0.69682256  0.70260364  0.69212079
1    0.70710714  0.00000000  0.67732179  0.67796380  0.62412317  0.55169712  0.63420263
2    0.67200702  0.67732179  0.00000000  0.60541902  0.65527408  0.66766736  0.59863685
3    0.67054013  0.67796380  0.60541902  0.00000000  0.65670767  0.66865599  0.64699009
4    0.69682256  0.62412317  0.65527408  0.65670767  0.00000000  0.56770285  0.41298436
5    0.70260364  0.55169712  0.66766736  0.66865599  0.56770285  0.00000000  0.58664297
6    0.69212079  0.63420263  0.59863685  0.64699009  0.41298436  0.58664297  0.00000000

--------------------------------------------------------------------------------
n=6
(result of R-step: (2,4:6)0.18946846)
V=[0, 1, 2, 3, 4, 5]
total successes of this branch: 2
Matrix on 6 elements:

0    0.00000000  0.70710714  0.49383345  0.67054013  0.51864899  0.70260364
1    0.70710714  0.00000000  0.49914823  0.67796380  0.44594960  0.55169712
2    0.49383345  0.49914823  0.00000000  0.42724546  0.29892695  0.48949379
3    0.67054013  0.67796380  0.42724546  0.00000000  0.47853410  0.66865599
4    0.51864899  0.44594960  0.29892695  0.47853410  0.00000000  0.38952928
5    0.70260364  0.55169712  0.48949379  0.66865599  0.38952928  0.00000000

--------------------------------------------------------------------------------
n=5
(result of R-step: (0,2:3)0.06729290)
V=[0, 1, 2, 4, 5]
total successes of this branch: 2
Matrix on 5 elements:

0    0.00000000  0.37188054  0.03574269  0.18342239  0.36737704
1    0.37188054  0.00000000  0.37628407  0.44594960  0.55169712
2    0.03574269  0.37628407  0.00000000  0.17606279  0.36662963
4    0.18342239  0.44594960  0.17606279  0.00000000  0.38952928
5    0.36737704  0.55169712  0.36662963  0.38952928  0.00000000

--------------------------------------------------------------------------------
n=4
(result of R-step: (0,1:4)0.24358676)
V=[0, 1, 2, 5]
total successes of this branch: 0
Matrix on 4 elements:

0    0.00000000  0.01964722 -0.00407255  0.32756180
1    0.01964722  0.00000000  0.06386599  0.23927904
2   -0.00407255  0.06386599  0.00000000  0.36662963
5    0.32756180  0.23927904  0.36662963  0.00000000
reason of abort: no pseudometric

--------------------------------------------------------------------------------
n=4
(result of R-step: (0,4:2)0.90078485)
V=[0, 1, 4, 5]
total successes of this branch: 1
Matrix on 4 elements:

0    0.00000000  0.36050732  0.10258433  0.35600382
1    0.36050732  0.00000000  0.37648477  0.55169712
4    0.10258433  0.37648477  0.00000000  0.32006445
5    0.35600382  0.55169712  0.32006445  0.00000000

--------------------------------------------------------------------------------
n=4
(result of R-step: (0,5:4)0.56145578)
V=[0, 1, 2, 5]
total successes of this branch: 0
Matrix on 4 elements:

0    0.00000000  0.34774706  0.01160921  0.12883898
1    0.34774706  0.00000000  0.37628407  0.33729254
2    0.01160921  0.37628407  0.00000000  0.15222506
5    0.12883898  0.33729254  0.15222506  0.00000000
reason of abort: no pseudometric

--------------------------------------------------------------------------------
n=4
(result of R-step: (1,2:4)0.82597306)
V=[0, 1, 2, 5]
total successes of this branch: 0
reason of abort: negative delta/dxy

--------------------------------------------------------------------------------
n=4
(result of R-step: (2,5:4)0.50061764)
V=[0, 1, 2, 5]
total successes of this branch: 1
Matrix on 4 elements:

0    0.00000000  0.37188054  0.02484908  0.14317943
1    0.37188054  0.00000000  0.36539046  0.32749951
2    0.02484908  0.36539046  0.00000000  0.13153841
5    0.14317943  0.32749951  0.13153841  0.00000000
