n=7
V=[0, 1, 2, 3, 4, 5, 6]
total successes of this branch: 1
Matrix on 7 elements:

0    0.00000000  2.05196779  2.05125213  2.05188704  0.66829636  0.35065906  0.53813214
1    2.05196779  0.00000000  1.94431473  1.03784181  1.99253712  2.02905049  2.00749989
2    2.05125213  1.94431473  0.00000000  1.82901990  2.03822869  2.04623011  2.04150759
3    2.05188704  1.03784181  1.82901990  0.00000000  1.96575723  2.01867418  1.98744200
4    0.66829636  1.99253712  2.03822869  1.96575723  0.00000000  0.46893410  0.27835810
5    0.35065906  2.02905049  2.04623011  2.01867418  0.46893410  0.00000000  0.33661549
6    0.53813214  2.00749989  2.04150759  1.98744200  0.27835810  0.33661549  0.00000000

--------------------------------------------------------------------------------
n=6
(result of R-step: (4,5:6)0.59021115)
V=[0, 1, 2, 3, 4, 5]
total successes of this branch: 1
Matrix on 6 elements:

0    0.00000000  2.05196779  2.05125213  2.05188704  0.59527662  0.27763932
1    2.05196779  0.00000000  1.94431473  1.03784181  1.91951737  1.95603075
2    2.05125213  1.94431473  0.00000000  1.82901990  1.96520895  1.97321037
3    2.05188704  1.03784181  1.82901990  0.00000000  1.89273748  1.94565443
4    0.59527662  1.91951737  1.96520895  1.89273748  0.00000000  0.32289461
5    0.27763932  1.95603075  1.97321037  1.94565443  0.32289461  0.00000000

--------------------------------------------------------------------------------
n=5
(result of R-step: (0,4:5)0.61438602)
V=[0, 1, 2, 3, 4]
total successes of this branch: 1
Matrix on 5 elements:

0    0.00000000  1.97631939  1.97560373  1.97623863  0.51699956
1    1.97631939  0.00000000  1.94431473  1.03784181  1.91688872
2    1.97560373  1.94431473  0.00000000  1.82901990  1.96258029
3    1.97623863  1.03784181  1.82901990  0.00000000  1.89010883
4    0.51699956  1.91688872  1.96258029  1.89010883  0.00000000

--------------------------------------------------------------------------------
n=4
(result of R-step: (0,1:4)0.91940719)
V=[0, 1, 2, 3]
total successes of this branch: 0
Matrix on 4 elements:

0    0.00000000  1.09146505  1.77535285  1.77598775
1    1.09146505  0.00000000  1.25971127  0.35323835
2    1.77535285  1.25971127  0.00000000  1.82901990
3    1.77598775  0.35323835  1.82901990  0.00000000
reason of abort: no pseudometric

--------------------------------------------------------------------------------
n=4
(result of R-step: (0,2:4)0.76826497)
V=[0, 1, 2, 3]
total successes of this branch: 0
Matrix on 4 elements:

0    0.00000000  1.90395045  0.83130532  1.90386970
1    1.90395045  0.00000000  0.87238525  1.03784181
2    0.83130532  0.87238525  0.00000000  0.75709043
3    1.90386970  1.03784181  0.75709043  0.00000000
reason of abort: no pseudometric

--------------------------------------------------------------------------------
n=4
(result of R-step: (0,3:4)0.94139715)
V=[0, 1, 2, 3]
total successes of this branch: 1
Matrix on 4 elements:

0    0.00000000  1.76088451  1.76016886  1.46972048
1    1.76088451  0.00000000  1.94431473  0.74675853
2    1.76016886  1.94431473  0.00000000  1.53793663
3    1.46972048  0.74675853  1.53793663  0.00000000
