n=7
V=[0, 1, 2, 3, 4, 5, 6]
total successes of this branch: 1
Matrix on 7 elements:

0    0.00000000  1.45906914  1.44440807  1.44854995  1.12706705  0.85767729  0.49009826
1    1.45906914  0.00000000  1.45252745  1.43057666  1.44686944  1.45117698  1.28430266
2    1.44440807  1.45252745  0.00000000  1.39677861  1.42401444  1.43121514  1.44564874
3    1.44854995  1.43057666  1.39677861  0.00000000  1.20783012  1.29282485  1.44580358
4    1.12706705  1.44686944  1.42401444  1.20783012  0.00000000  0.63349818  1.17593381
5    0.85767729  1.45117698  1.43121514  1.29282485  0.63349818  0.00000000  0.94836582
6    0.49009826  1.28430266  1.44564874  1.44580358  1.17593381  0.94836582  0.00000000

--------------------------------------------------------------------------------
n=6
(result of R-step: (0,1:6)0.84719702)
V=[0, 1, 2, 3, 4, 5]
total successes of this branch: 1
Matrix on 6 elements:

0    0.00000000  1.14373737  1.28674219  1.29088406  0.96940117  0.70001141
1    1.14373737  0.00000000  1.29486157  1.27291077  1.28920355  1.29351109
2    1.28674219  1.29486157  0.00000000  1.39677861  1.42401444  1.43121514
3    1.29088406  1.27291077  1.39677861  0.00000000  1.20783012  1.29282485
4    0.96940117  1.28920355  1.42401444  1.20783012  0.00000000  0.63349818
5    0.70001141  1.29351109  1.43121514  1.29282485  0.63349818  0.00000000

--------------------------------------------------------------------------------
n=5
(result of R-step: (0,4:5)0.35308567)
V=[0, 1, 2, 3, 4]
total successes of this branch: 1
Matrix on 5 elements:

0    0.00000000  1.11934905  1.26235386  1.26649574  0.76295863
1    1.11934905  0.00000000  1.29486157  1.27291077  1.10714934
2    1.26235386  1.29486157  0.00000000  1.39677861  1.24196023
3    1.26649574  1.27291077  1.39677861  0.00000000  1.02577591
4    0.76295863  1.10714934  1.24196023  1.02577591  0.00000000

--------------------------------------------------------------------------------
n=4
(result of R-step: (0,3:4)0.57182736)
V=[0, 1, 2, 3]
total successes of this branch: 1
Matrix on 4 elements:

0    0.00000000  0.85822964  1.00123446  0.56220272
1    0.85822964  0.00000000  1.29486157  0.82973716
2    1.00123446  1.29486157  0.00000000  0.95360499
3    0.56220272  0.82973716  0.95360499  0.00000000
