n=7
V=[0, 1, 2, 3, 4, 5, 6]
total successes of this branch: 1
Matrix on 7 elements:

0    0.00000000  0.46995013  0.44093565  0.44946293  0.43074792  0.41287374  0.43072842
1    0.46995013  0.00000000  0.46240723  0.45346231  0.46889970  0.46913385  0.46889996
2    0.44093565  0.46240723  0.00000000  0.44091665  0.44093444  0.44093471  0.44093444
3    0.44946293  0.45346231  0.44091665  0.00000000  0.44818948  0.44847335  0.44818979
4    0.43074792  0.46889970  0.44093444  0.44818948  0.00000000  0.36843615  0.21582306
5    0.41287374  0.46913385  0.44093471  0.44847335  0.36843615  0.00000000  0.36826948
6    0.43072842  0.46889996  0.44093444  0.44818979  0.21582306  0.36826948  0.00000000

--------------------------------------------------------------------------------
n=6
(result of R-step: (4,5:6)0.99890908)
V=[0, 1, 2, 3, 4, 5]
total successes of this branch: 1
Matrix on 6 elements:

0    0.00000000  0.46995013  0.44093565  0.44946293  0.32291972  0.30504555
1    0.46995013  0.00000000  0.46240723  0.45346231  0.36107151  0.36130566
2    0.44093565  0.46240723  0.00000000  0.44091665  0.33310624  0.33310651
3    0.44946293  0.45346231  0.44091665  0.00000000  0.34036129  0.34064515
4    0.32291972  0.36107151  0.33310624  0.34036129  0.00000000  0.15277976
5    0.30504555  0.36130566  0.33310651  0.34064515  0.15277976  0.00000000

--------------------------------------------------------------------------------
n=5
(result of R-step: (0,4:5)0.22290907)
V=[0, 1, 2, 3, 4]
total successes of this branch: 1
Matrix on 5 elements:

0    0.00000000  0.29466914  0.26565466  0.27418195  0.08018594
1    0.29466914  0.00000000  0.46240723  0.45346231  0.29361872
2    0.26565466  0.46240723  0.00000000  0.44091665  0.26565345
3    0.27418195  0.45346231  0.44091665  0.00000000  0.27290849
4    0.08018594  0.29361872  0.26565345  0.27290849  0.00000000

--------------------------------------------------------------------------------
n=4
(result of R-step: (0,1:4)0.92718475)
V=[0, 1, 2, 3]
total successes of this branch: 0
Matrix on 4 elements:

0    0.00000000  0.01676556  0.22625726  0.23478455
1    0.01676556  0.00000000  0.22390104  0.21495612
2    0.22625726  0.22390104  0.00000000  0.44091665
3    0.23478455  0.21495612  0.44091665  0.00000000
reason of abort: no pseudometric

--------------------------------------------------------------------------------
n=4
(result of R-step: (0,2:4)0.77772647)
V=[0, 1, 2, 3]
total successes of this branch: 0
Matrix on 4 elements:

0    0.00000000  0.25643455  0.00836350  0.23594736
1    0.25643455  0.00000000  0.24335066  0.45346231
2    0.00836350  0.24335066  0.00000000  0.22186008
3    0.23594736  0.45346231  0.22186008  0.00000000
reason of abort: no pseudometric

--------------------------------------------------------------------------------
n=4
(result of R-step: (0,3:4)0.93629061)
V=[0, 1, 2, 3]
total successes of this branch: 1
Matrix on 4 elements:

0    0.00000000  0.25521290  0.22619842  0.01998847
1    0.25521290  0.00000000  0.46240723  0.23872508
2    0.22619842  0.46240723  0.00000000  0.22617942
3    0.01998847  0.23872508  0.22617942  0.00000000
