n=7
V=[0, 1, 2, 3, 4, 5, 6]
total successes of this branch: 1
Matrix on 7 elements:

0    0.00000000  1.36237880  1.35101965  1.31432840  0.88616663  1.04932876  0.73515776
1    1.36237880  0.00000000  1.26313659  1.28336468  1.34324794  1.31878718  0.95017522
2    1.35101965  1.26313659  0.00000000  1.20769778  1.31631863  1.27194984  1.31616795
3    1.31432840  1.28336468  1.20769778  0.00000000  1.17754391  0.98821476  1.30204915
4    0.88616663  1.34324794  1.31631863  1.17754391  0.00000000  1.04691772  1.06743091
5    1.04932876  1.31878718  1.27194984  0.98821476  1.04691772  0.00000000  1.15618762
6    0.73515776  0.95017522  1.31616795  1.30204915  1.06743091  1.15618762  0.00000000

--------------------------------------------------------------------------------
n=6
(result of R-step: (0,1:6)0.60343100)
V=[0, 1, 2, 3, 4, 5]
total successes of this branch: 1
Matrix on 6 elements:

0    0.00000000  1.03942462  1.18954256  1.15285131  0.72468954  0.88785167
1    1.03942462  0.00000000  1.10165950  1.12188759  1.18177085  1.15731009
2    1.18954256  1.10165950  0.00000000  1.20769778  1.31631863  1.27194984
3    1.15285131  1.12188759  1.20769778  0.00000000  1.17754391  0.98821476
4    0.72468954  1.18177085  1.31631863  1.17754391  0.00000000  1.04691772
5    0.88785167  1.15731009  1.27194984  0.98821476  1.04691772  0.00000000

--------------------------------------------------------------------------------
n=5
(result of R-step: (0,3:5)0.44830602)
V=[0, 1, 2, 3, 4]
total successes of this branch: 1
Matrix on 5 elements:

0    0.00000000  0.83929415  0.98941209  0.59111328  0.52455907
1    0.83929415  0.00000000  1.10165950  0.76028003  1.18177085
2    0.98941209  1.10165950  0.00000000  0.84609022  1.31631863
3    0.59111328  0.76028003  0.84609022  0.00000000  0.81593635
4    0.52455907  1.18177085  1.31631863  0.81593635  0.00000000

--------------------------------------------------------------------------------
n=4
(result of R-step: (0,1:3)0.20233474)
V=[0, 1, 2, 4]
total successes of this branch: 0
reason of abort: negative delta/dxy

--------------------------------------------------------------------------------
n=4
(result of R-step: (0,2:1)0.09079577)
V=[0, 2, 3, 4]
total successes of this branch: 1
Matrix on 4 elements:

0    0.00000000  0.38543580  0.57802977  0.51147556
2    0.38543580  0.00000000  0.25519744  0.72542585
3    0.57802977  0.25519744  0.00000000  0.81593635
4    0.51147556  0.72542585  0.81593635  0.00000000

--------------------------------------------------------------------------------
n=4
(result of R-step: (0,2:3)0.30034861)
V=[0, 1, 2, 4]
total successes of this branch: 0
Matrix on 4 elements:

0    0.00000000  0.57052623  0.14071244  0.25579115
1    0.57052623  0.00000000  0.52172777  1.18177085
2    0.14071244  0.52172777  0.00000000  0.73638691
4    0.25579115  1.18177085  0.73638691  0.00000000
reason of abort: no pseudometric

--------------------------------------------------------------------------------
n=4
(result of R-step: (2,4:1)0.85206378)
V=[0, 2, 3, 4]
total successes of this branch: 0
Matrix on 4 elements:

0    0.00000000  0.40948036  0.59111328  0.04620170
2    0.40948036  0.00000000  0.26615849  0.25802953
3    0.59111328  0.26615849  0.00000000  0.33757897
4    0.04620170  0.25802953  0.33757897  0.00000000
reason of abort: no pseudometric

--------------------------------------------------------------------------------
n=4
(result of R-step: (2,4:3)0.89555402)
V=[0, 1, 2, 4]
total successes of this branch: 0
reason of abort: negative delta/dxy

--------------------------------------------------------------------------------
n=4
(result of R-step: (3,4:1)0.98623575)
V=[0, 2, 3, 4]
total successes of this branch: 0
reason of abort: negative delta/dxy
