n=7
V=[0, 1, 2, 3, 4, 5, 6]
total successes of this branch: 3
Matrix on 7 elements:

0    0.00000000  1.64510105  1.60068776  1.63359209  1.43693692  1.62876301  0.60261809
1    1.64510105  0.00000000  1.63593291  1.36882602  1.03308605  0.99526967  1.61328705
2    1.60068776  1.63593291  0.00000000  1.54250691  1.62698758  1.26310698  1.60205489
3    1.63359209  1.36882602  1.54250691  0.00000000  1.43602451  1.43271692  1.62332206
4    1.43693692  1.03308605  1.62698758  1.43602451  0.00000000  1.25156090  1.39118896
5    1.62876301  0.99526967  1.26310698  1.43271692  1.25156090  0.00000000  1.60915515
6    0.60261809  1.61328705  1.60205489  1.62332206  1.39118896  1.60915515  0.00000000

--------------------------------------------------------------------------------
n=6
(result of R-step: (0,4:6)0.94801762)
V=[0, 1, 2, 3, 4, 5]
total successes of this branch: 3
Matrix on 6 elements:

0    0.00000000  1.36666598  1.32225270  1.35515703  0.88006680  1.35032795
1    1.36666598  0.00000000  1.63593291  1.36882602  0.75465099  0.99526967
2    1.32225270  1.63593291  0.00000000  1.54250691  1.34855252  1.26310698
3    1.35515703  1.36882602  1.54250691  0.00000000  1.15758945  1.43271692
4    0.88006680  0.75465099  1.34855252  1.15758945  0.00000000  0.97312583
5    1.35032795  0.99526967  1.26310698  1.43271692  0.97312583  0.00000000

--------------------------------------------------------------------------------
n=5
(result of R-step: (1,2:5)0.63213625)
V=[0, 1, 2, 3, 4]
total successes of this branch: 3
Matrix on 5 elements:

0    0.00000000  1.05544411  1.01103083  1.35515703  0.88006680
1    1.05544411  0.00000000  1.01348916  1.05760414  0.44342912
2    1.01103083  1.01348916  0.00000000  1.23128503  1.03733064
3    1.35515703  1.05760414  1.23128503  0.00000000  1.15758945
4    0.88006680  0.44342912  1.03733064  1.15758945  0.00000000

--------------------------------------------------------------------------------
n=4
(result of R-step: (0,1:4)0.25380325)
V=[0, 1, 2, 3]
total successes of this branch: 1
Matrix on 4 elements:

0    0.00000000  0.82017912  0.87700492  1.22113113
1    0.82017912  0.00000000  0.91225007  0.95636505
2    0.87700492  0.91225007  0.00000000  1.23128503
3    1.22113113  0.95636505  1.23128503  0.00000000

--------------------------------------------------------------------------------
n=4
(result of R-step: (0,3:2)0.27652201)
V=[0, 1, 3, 4]
total successes of this branch: 1
Matrix on 4 elements:

0    0.00000000  0.92141821  0.59908597  0.74604090
1    0.92141821  0.00000000  0.43555898  0.44342912
3    0.59908597  0.43555898  0.00000000  0.53554428
4    0.74604090  0.44342912  0.53554428  0.00000000

--------------------------------------------------------------------------------
n=4
(result of R-step: (0,4:3)0.65832820)
V=[0, 1, 2, 4]
total successes of this branch: 0
reason of abort: negative delta/dxy

--------------------------------------------------------------------------------
n=4
(result of R-step: (1,2:0)0.66901960)
V=[1, 2, 3, 4]
total successes of this branch: 0
Matrix on 4 elements:

1    0.00000000  0.51443772  0.69892172  0.08474669
2    0.51443772  0.00000000  1.09091601  0.89696162
3    0.69892172  1.09091601  0.00000000  1.15758945
4    0.08474669  0.89696162  1.15758945  0.00000000
reason of abort: no pseudometric

--------------------------------------------------------------------------------
n=4
(result of R-step: (1,2:3)0.35071629)
V=[0, 1, 2, 4]
total successes of this branch: 1
Matrix on 4 elements:

0    0.00000000  0.95420502  0.58957552  0.88006680
1    0.95420502  0.00000000  0.49079477  0.34219002
2    0.58957552  0.49079477  0.00000000  0.61587534
4    0.88006680  0.34219002  0.61587534  0.00000000

--------------------------------------------------------------------------------
n=4
(result of R-step: (1,3:0)0.11537579)
V=[1, 2, 3, 4]
total successes of this branch: 0
reason of abort: negative delta/dxy

--------------------------------------------------------------------------------
n=4
(result of R-step: (1,4:2)0.20797464)
V=[0, 1, 3, 4]
total successes of this branch: 0
reason of abort: negative delta/dxy

--------------------------------------------------------------------------------
n=4
(result of R-step: (2,4:0)0.83496592)
V=[1, 2, 3, 4]
total successes of this branch: 0
reason of abort: negative delta/dxy

--------------------------------------------------------------------------------
n=4
(result of R-step: (2,4:3)0.31675257)
V=[0, 1, 2, 4]
total successes of this branch: 0
Matrix on 4 elements:

0    0.00000000  1.05544411  0.87066180  0.59070950
1    1.05544411  0.00000000  0.87312014  0.15407182
2    0.87066180  0.87312014  0.00000000  0.60760432
4    0.59070950  0.15407182  0.60760432  0.00000000
reason of abort: no pseudometric

--------------------------------------------------------------------------------
n=4
(result of R-step: (3,4:1)0.70862110)
V=[0, 2, 3, 4]
total successes of this branch: 0
reason of abort: negative delta/dxy
