n=6
V=[0, 1, 2, 3, 4, 5]
total successes of this branch: 2
Matrix on 6 elements:

0    0.00000000  0.73779948  1.13190186  1.27329430  1.59361391  0.66785138
1    0.73779948  0.00000000  0.94083520  0.99657953  1.34858529  0.26942150
2    1.13190186  0.94083520  0.00000000  1.17835495  1.20584549  1.00519254
3    1.27329430  0.99657953  1.17835495  0.00000000  1.10329268  1.07660416
4    1.59361391  1.34858529  1.20584549  1.10329268  0.00000000  1.42281369
5    0.66785138  0.26942150  1.00519254  1.07660416  1.42281369  0.00000000

--------------------------------------------------------------------------------
n=5
(result of R-step: (2,3:4)0.36995744)
V=[0, 1, 2, 3, 5]
total successes of this branch: 2
Matrix on 5 elements:

0    0.00000000  0.73779948  1.00918109  1.03940319  0.66785138
1    0.73779948  0.00000000  0.81811443  0.76268842  0.26942150
2    1.00918109  0.81811443  0.00000000  0.82174306  0.88247177
3    1.03940319  0.76268842  0.82174306  0.00000000  0.84271305
5    0.66785138  0.26942150  0.88247177  0.84271305  0.00000000

--------------------------------------------------------------------------------
n=4
(result of R-step: (0,3:2)0.10446761)
V=[0, 1, 3, 5]
total successes of this branch: 1
Matrix on 4 elements:

0    0.00000000  0.64046900  0.57629420  0.57052089
1    0.64046900  0.00000000  0.39690991  0.26942150
3    0.57629420  0.39690991  0.00000000  0.47693454
5    0.57052089  0.26942150  0.47693454  0.00000000

--------------------------------------------------------------------------------
n=4
(result of R-step: (2,5:1)0.41394663)
V=[0, 2, 3, 5]
total successes of this branch: 0
reason of abort: negative delta/dxy

--------------------------------------------------------------------------------
n=4
(result of R-step: (3,5:1)0.31069049)
V=[0, 2, 3, 5]
total successes of this branch: 1
Matrix on 4 elements:

0    0.00000000  1.00918109  0.67362469  0.62934322
2    1.00918109  0.00000000  0.45596456  0.84396361
3    0.67362469  0.45596456  0.00000000  0.43842639
5    0.62934322  0.84396361  0.43842639  0.00000000
