n=6
V=[0, 1, 2, 3, 4, 5]
total successes of this branch: 1
Matrix on 6 elements:

0    0.00000000  1.24335009  0.97782118  1.16167340  1.21147020  0.96036983
1    1.24335009  0.00000000  1.17147813  1.30610493  1.42440652  1.15292525
2    0.97782118  1.17147813  0.00000000  1.02080486  0.64553721  0.05883197
3    1.16167340  1.30610493  1.02080486  0.00000000  1.27645403  0.97954295
4    1.21147020  1.42440652  0.64553721  1.27645403  0.00000000  0.63808993
5    0.96036983  1.15292525  0.05883197  0.97954295  0.63808993  0.00000000

--------------------------------------------------------------------------------
n=5
(result of R-step: (1,4:0)0.90081320)
V=[1, 2, 3, 4, 5]
total successes of this branch: 1
Matrix on 5 elements:

1    0.00000000  0.48123607  0.61586287  0.38211880  0.46268319
2    0.48123607  0.00000000  1.02080486  0.29349156  0.05883197
3    0.61586287  1.02080486  0.00000000  0.92440837  0.97954295
4    0.38211880  0.29349156  0.92440837  0.00000000  0.28604428
5    0.46268319  0.05883197  0.97954295  0.28604428  0.00000000

--------------------------------------------------------------------------------
n=4
(result of R-step: (1,2:4)0.40011314)
V=[1, 2, 3, 5]
total successes of this branch: 1
Matrix on 4 elements:

1    0.00000000  0.41705304  0.58111585  0.42793617
2    0.41705304  0.00000000  0.99136884  0.02939596
3    0.58111585  0.99136884  0.00000000  0.97954295
5    0.42793617  0.02939596  0.97954295  0.00000000

--------------------------------------------------------------------------------
n=4
(result of R-step: (1,5:4)0.36865539)
V=[1, 2, 3, 5]
total successes of this branch: 0
Matrix on 4 elements:

1    0.00000000  0.46622446  0.60085126  0.41873684
2    0.46622446  0.00000000  1.02080486  0.02989723
3    0.60085126  1.02080486  0.00000000  0.95060822
5    0.41873684  0.02989723  0.95060822  0.00000000
reason of abort: no pseudometric

--------------------------------------------------------------------------------
n=4
(result of R-step: (2,3:4)0.58486688)
V=[1, 2, 3, 5]
total successes of this branch: 0
Matrix on 4 elements:

1    0.00000000  0.46009710  0.03487004  0.46268319
2    0.46009710  0.00000000  0.41867305  0.03769299
3    0.03487004  0.41867305  0.00000000  0.39855012
5    0.46268319  0.03769299  0.39855012  0.00000000
reason of abort: no pseudometric

--------------------------------------------------------------------------------
n=4
(result of R-step: (3,5:4)0.38974608)
V=[1, 2, 3, 5]
total successes of this branch: 0
Matrix on 4 elements:

1    0.00000000  0.48123607  0.01687800  0.42619279
2    0.48123607  0.00000000  0.42181998  0.02234157
3    0.01687800  0.42181998  0.00000000  0.34406768
5    0.42619279  0.02234157  0.34406768  0.00000000
reason of abort: no pseudometric

--------------------------------------------------------------------------------
n=4
(result of R-step: (4,5:2)0.89300793)
V=[1, 3, 4, 5]
total successes of this branch: 0
reason of abort: negative delta/dxy
