n=6
V=[0, 1, 2, 3, 4, 5]
total successes of this branch: 2
Matrix on 6 elements:

0    0.00000000  1.14704933  1.45412453  0.86687370  1.59704668  0.73140621
1    1.14704933  0.00000000  1.30451450  0.87332955  1.28196957  1.02618210
2    1.45412453  1.30451450  0.00000000  1.07075975  1.19276872  1.26023017
3    0.86687370  0.87332955  1.07075975  0.00000000  1.23548388  0.37160886
4    1.59704668  1.28196957  1.19276872  1.23548388  0.00000000  1.41767314
5    0.73140621  1.02618210  1.26023017  0.37160886  1.41767314  0.00000000

--------------------------------------------------------------------------------
n=5
(result of R-step: (0,3:5)0.33396751)
V=[0, 1, 2, 3, 4]
total successes of this branch: 2
Matrix on 5 elements:

0    0.00000000  1.00841139  1.31548659  0.71272438  1.45840875
1    1.00841139  0.00000000  1.30451450  0.85781816  1.28196957
2    1.31548659  1.30451450  0.00000000  1.05524837  1.19276872
3    0.71272438  0.85781816  1.05524837  0.00000000  1.21997249
4    1.45840875  1.28196957  1.19276872  1.21997249  0.00000000

--------------------------------------------------------------------------------
n=4
(result of R-step: (0,4:2)0.80135694)
V=[0, 1, 3, 4]
total successes of this branch: 0
reason of abort: negative delta/dxy

--------------------------------------------------------------------------------
n=4
(result of R-step: (1,2:4)0.19884146)
V=[0, 1, 2, 3]
total successes of this branch: 1
Matrix on 4 elements:

0    0.00000000  0.92576966  0.86027350  0.71272438
1    0.92576966  0.00000000  0.76665967  0.77517643
2    0.86027350  0.76665967  0.00000000  0.60003527
3    0.71272438  0.77517643  0.60003527  0.00000000

--------------------------------------------------------------------------------
n=4
(result of R-step: (3,4:2)0.51461934)
V=[0, 1, 3, 4]
total successes of this branch: 1
Matrix on 4 elements:

0    0.00000000  1.00841139  0.49676294  1.12452046
1    1.00841139  0.00000000  0.64185672  0.94808128
3    0.49676294  0.64185672  0.00000000  0.67012277
4    1.12452046  0.94808128  0.67012277  0.00000000
