n=6
V=[0, 1, 2, 3, 4, 5]
total successes of this branch: 1
Matrix on 6 elements:

0    0.00000000  1.46051964  1.68351559  1.53462391  1.34679460  1.52475723
1    1.46051964  0.00000000  1.00271268  1.05693539  1.26478522  1.03261571
2    1.68351559  1.00271268  0.00000000  1.48329246  1.19002089  0.34651291
3    1.53462391  1.05693539  1.48329246  0.00000000  1.58220027  1.46178731
4    1.34679460  1.26478522  1.19002089  1.58220027  0.00000000  0.85088426
5    1.52475723  1.03261571  0.34651291  1.46178731  0.85088426  0.00000000

--------------------------------------------------------------------------------
n=5
(result of R-step: (0,1:3)0.27248911)
V=[0, 1, 2, 4, 5]
total successes of this branch: 1
Matrix on 5 elements:

0    0.00000000  0.88562140  1.35871072  1.02198973  1.19995236
1    0.88562140  0.00000000  0.75261932  1.01469185  0.78252235
2    1.35871072  0.75261932  0.00000000  1.19002089  0.34651291
4    1.02198973  1.01469185  1.19002089  0.00000000  0.85088426
5    1.19995236  0.78252235  0.34651291  0.85088426  0.00000000

--------------------------------------------------------------------------------
n=4
(result of R-step: (1,4:0)0.48877746)
V=[1, 2, 4, 5]
total successes of this branch: 0
reason of abort: negative delta/dxy

--------------------------------------------------------------------------------
n=4
(result of R-step: (2,4:5)0.68493080)
V=[0, 1, 2, 4]
total successes of this branch: 1
Matrix on 4 elements:

0    0.00000000  0.88562140  1.34101409  0.88159161
1    0.88562140  0.00000000  0.73492268  0.87429373
2    1.34101409  0.73492268  0.00000000  1.03192614
4    0.88159161  0.87429373  1.03192614  0.00000000

--------------------------------------------------------------------------------
n=4
(result of R-step: (2,5:0)0.18427941)
V=[1, 2, 4, 5]
total successes of this branch: 0
reason of abort: negative delta/dxy
