n=6
V=[0, 1, 2, 3, 4, 5]
total successes of this branch: 2
Matrix on 6 elements:

0    0.00000000  2.25528198  0.98300902  1.32841131  1.00854670  0.66246996
1    2.25528198  0.00000000  1.79840197  1.35036739  1.82780081  1.90770453
2    0.98300902  1.79840197  0.00000000  1.15789116  0.20967462  0.41411542
3    1.32841131  1.35036739  1.15789116  0.00000000  1.18633745  1.16346985
4    1.00854670  1.82780081  0.20967462  1.18633745  0.00000000  0.38520801
5    0.66246996  1.90770453  0.41411542  1.16346985  0.38520801  0.00000000

--------------------------------------------------------------------------------
n=5
(result of R-step: (0,4:5)0.36008652)
V=[0, 1, 2, 3, 4]
total successes of this branch: 2
Matrix on 5 elements:

0    0.00000000  2.12876541  0.85649245  1.20189474  0.80696496
1    2.12876541  0.00000000  1.79840197  1.35036739  1.75273563
2    0.85649245  1.79840197  0.00000000  1.15789116  0.13460944
3    1.20189474  1.35036739  1.15789116  0.00000000  1.11127228
4    0.80696496  1.75273563  0.13460944  1.11127228  0.00000000

--------------------------------------------------------------------------------
n=4
(result of R-step: (0,1:3)0.24669816)
V=[0, 1, 2, 4]
total successes of this branch: 1
Matrix on 4 elements:

0    0.00000000  1.29709428  0.84344957  0.79392208
1    1.29709428  0.00000000  0.97977371  0.93410738
2    0.84344957  0.97977371  0.00000000  0.13460944
4    0.79392208  0.93410738  0.13460944  0.00000000

--------------------------------------------------------------------------------
n=4
(result of R-step: (1,4:2)0.00268644)
V=[0, 1, 3, 4]
total successes of this branch: 1
Matrix on 4 elements:

0    0.00000000  1.31013716  1.20189474  0.76488979
1    1.31013716  0.00000000  0.53173913  0.89203222
3    1.20189474  0.53173913  0.00000000  1.06919712
4    0.76488979  0.89203222  1.06919712  0.00000000

--------------------------------------------------------------------------------
n=4
(result of R-step: (3,4:2)0.00484281)
V=[0, 1, 3, 4]
total successes of this branch: 0
Matrix on 4 elements:

0    0.00000000  2.12876541  0.74909674  0.76595996
1    2.12876541  0.00000000  0.89756939  1.71173064
3    0.74909674  0.89756939  0.00000000  0.61746929
4    0.76595996  1.71173064  0.61746929  0.00000000
reason of abort: no pseudometric
