n=6
V=[0, 1, 2, 3, 4, 5]
total successes of this branch: 2
Matrix on 6 elements:

0    0.00000000  1.46236235  1.60285770  1.30541600  1.45042903  1.45417854
1    1.46236235  0.00000000  0.79204975  0.46261967  0.11032136  0.40972629
2    1.60285770  0.79204975  0.00000000  0.79827304  0.75178897  0.88533456
3    1.30541600  0.46261967  0.79827304  0.00000000  0.46175730  0.31889642
4    1.45042903  0.11032136  0.75178897  0.46175730  0.00000000  0.41827998
5    1.45417854  0.40972629  0.88533456  0.31889642  0.41827998  0.00000000

--------------------------------------------------------------------------------
n=5
(result of R-step: (1,3:5)0.37814037)
V=[0, 1, 2, 3, 4]
total successes of this branch: 2
Matrix on 5 elements:

0    0.00000000  1.41922097  1.60285770  1.26155847  1.45042903
1    1.41922097  0.00000000  0.74890837  0.37562076  0.06717997
2    1.60285770  0.74890837  0.00000000  0.75441552  0.75178897
3    1.26155847  0.37562076  0.75441552  0.00000000  0.41789978
4    1.45042903  0.06717997  0.75178897  0.41789978  0.00000000

--------------------------------------------------------------------------------
n=4
(result of R-step: (1,2:4)0.94327190)
V=[0, 1, 2, 3]
total successes of this branch: 1
Matrix on 4 elements:

0    0.00000000  1.41715098  1.38626268  1.26155847
1    1.41715098  0.00000000  0.53024336  0.37355078
2    1.38626268  0.53024336  0.00000000  0.53782050
3    1.26155847  0.37355078  0.53782050  0.00000000

--------------------------------------------------------------------------------
n=4
(result of R-step: (1,4:0)0.18807943)
V=[1, 2, 3, 4]
total successes of this branch: 0
reason of abort: negative delta/dxy

--------------------------------------------------------------------------------
n=4
(result of R-step: (2,3:0)0.28099978)
V=[1, 2, 3, 4]
total successes of this branch: 1
Matrix on 4 elements:

1    0.00000000  0.53231335  0.29852662  0.06717997
2    0.53231335  0.00000000  0.46072636  0.53519395
3    0.29852662  0.46072636  0.00000000  0.34080563
4    0.06717997  0.53519395  0.34080563  0.00000000
