n=6
V=[0, 1, 2, 3, 4, 5]
total successes of this branch: 2
Matrix on 6 elements:

0    0.00000000  1.60539213  1.39923182  1.44174469  1.20984059  1.55241254
1    1.60539213  0.00000000  0.91404650  0.91202911  1.51370324  0.14224954
2    1.39923182  0.91404650  0.00000000  0.56010480  1.36257491  0.85236078
3    1.44174469  0.91202911  0.56010480  0.00000000  1.40070341  0.83054888
4    1.20984059  1.51370324  1.36257491  1.40070341  0.00000000  1.46304081
5    1.55241254  0.14224954  0.85236078  0.83054888  1.46304081  0.00000000

--------------------------------------------------------------------------------
n=5
(result of R-step: (1,3:5)0.95424916)
V=[0, 1, 2, 3, 4]
total successes of this branch: 2
Matrix on 5 elements:

0    0.00000000  1.52888380  1.39923182  1.37903039  1.20984059
1    1.52888380  0.00000000  0.83753817  0.77280648  1.43719490
2    1.39923182  0.83753817  0.00000000  0.49739051  1.36257491
3    1.37903039  0.77280648  0.49739051  0.00000000  1.33798912
4    1.20984059  1.43719490  1.36257491  1.33798912  0.00000000

--------------------------------------------------------------------------------
n=4
(result of R-step: (0,2:1)0.19412315)
V=[0, 2, 3, 4]
total successes of this branch: 0
Matrix on 4 elements:

0    0.00000000  0.34781362  0.61403662  0.44484682
2    0.34781362  0.00000000  0.21096609  1.07615049
3    0.61403662  0.21096609  0.00000000  1.33798912
4    0.44484682  1.07615049  1.33798912  0.00000000
reason of abort: no pseudometric

--------------------------------------------------------------------------------
n=4
(result of R-step: (0,3:1)0.23392646)
V=[0, 2, 3, 4]
total successes of this branch: 0
Matrix on 4 elements:

0    0.00000000  0.66553546  0.43580345  0.47614423
2    0.66553546  0.00000000  0.28785993  1.36257491
3    0.43580345  0.28785993  0.00000000  1.12845854
4    0.47614423  1.36257491  1.12845854  0.00000000
reason of abort: no pseudometric

--------------------------------------------------------------------------------
n=4
(result of R-step: (0,3:2)0.04540231)
V=[0, 1, 3, 4]
total successes of this branch: 1
Matrix on 4 elements:

0    0.00000000  0.95172636  0.59006891  0.63268316
1    0.95172636  0.00000000  0.56100243  1.43719490
3    0.59006891  0.56100243  0.00000000  1.12618507
4    0.63268316  1.43719490  1.12618507  0.00000000

--------------------------------------------------------------------------------
n=4
(result of R-step: (2,4:1)0.85848016)
V=[0, 2, 3, 4]
total successes of this branch: 0
Matrix on 4 elements:

0    0.00000000  1.11486171  1.37903039  0.81768079
2    1.11486171  0.00000000  0.21302040  0.68604500
3    1.37903039  0.21302040  0.00000000  0.94582931
4    0.81768079  0.68604500  0.94582931  0.00000000
reason of abort: no pseudometric

--------------------------------------------------------------------------------
n=4
(result of R-step: (3,4:1)0.81602958)
V=[0, 2, 3, 4]
total successes of this branch: 1
Matrix on 4 elements:

0    0.00000000  1.39923182  1.16722635  0.76309246
2    1.39923182  0.00000000  0.28558646  0.91582677
3    1.16722635  0.28558646  0.00000000  0.67943693
4    0.76309246  0.91582677  0.67943693  0.00000000

--------------------------------------------------------------------------------
n=4
(result of R-step: (3,4:2)0.94657939)
V=[0, 1, 3, 4]
total successes of this branch: 0
Matrix on 4 elements:

0    0.00000000  1.52888380  1.16949981  0.58440467
1    1.52888380  0.00000000  0.56327590  0.81175898
3    1.16949981  0.56327590  0.00000000  0.50302261
4    0.58440467  0.81175898  0.50302261  0.00000000
reason of abort: no pseudometric
