n=6
V=[0, 1, 2, 3, 4, 5]
total successes of this branch: 1
Matrix on 6 elements:

0    0.00000000  1.55877576  1.96714440  0.88703506  1.26832575  0.72744523
1    1.55877576  0.00000000  2.16121983  1.85627202  1.48680956  1.99981023
2    1.96714440  2.16121983  0.00000000  2.32055444  2.34299766  2.41056985
3    0.88703506  1.85627202  2.32055444  0.00000000  1.28480275  1.28594246
4    1.26832575  1.48680956  2.34299766  1.28480275  0.00000000  1.69734329
5    0.72744523  1.99981023  2.41056985  1.28594246  1.69734329  0.00000000

--------------------------------------------------------------------------------
n=5
(result of R-step: (0,3:5)0.95723803)
V=[0, 1, 2, 3, 4]
total successes of this branch: 1
Matrix on 5 elements:

0    0.00000000  1.42234109  1.83070972  0.65091111  1.13189107
1    1.42234109  0.00000000  2.16121983  1.75658275  1.48680956
2    1.83070972  2.16121983  0.00000000  2.22086517  2.34299766
3    0.65091111  1.75658275  2.22086517  0.00000000  1.18511348
4    1.13189107  1.48680956  2.34299766  1.18511348  0.00000000

--------------------------------------------------------------------------------
n=4
(result of R-step: (1,3:0)0.93245065)
V=[1, 2, 3, 4]
total successes of this branch: 0
reason of abort: negative delta/dxy

--------------------------------------------------------------------------------
n=4
(result of R-step: (2,3:0)0.37307711)
V=[1, 2, 3, 4]
total successes of this branch: 1
Matrix on 4 elements:

1    0.00000000  0.92340467  1.51128971  1.48680956
2    0.92340467  0.00000000  0.73775697  1.10518250
3    1.51128971  0.73775697  0.00000000  0.93982044
4    1.48680956  1.10518250  0.93982044  0.00000000

--------------------------------------------------------------------------------
n=4
(result of R-step: (2,4:1)0.83405075)
V=[0, 2, 3, 4]
total successes of this branch: 0
reason of abort: negative delta/dxy
