n=6
V=[0, 1, 2, 3, 4, 5]
total successes of this branch: 2
Matrix on 6 elements:

0    0.00000000  1.74692713  1.45308906  1.33662336  0.59024763  0.41098149
1    1.74692713  0.00000000  2.30719744  2.19548279  1.65809662  1.70722104
2    1.45308906  2.30719744  0.00000000  1.62240619  1.47696653  1.45709674
3    1.33662336  2.19548279  1.62240619  0.00000000  1.36074172  1.34072447
4    0.59024763  1.65809662  1.47696653  1.36074172  0.00000000  0.45026941
5    0.41098149  1.70722104  1.45709674  1.34072447  0.45026941  0.00000000

--------------------------------------------------------------------------------
n=5
(result of R-step: (1,3:2)0.00213273)
V=[0, 1, 3, 4, 5]
total successes of this branch: 2
Matrix on 5 elements:

0    0.00000000  1.55787640  0.58395152  0.59024763  0.41098149
1    1.55787640  0.00000000  1.25376021  1.46904588  1.51817030
3    0.58395152  1.25376021  0.00000000  0.60806988  0.58805263
4    0.59024763  1.46904588  0.60806988  0.00000000  0.45026941
5    0.41098149  1.51817030  0.58805263  0.45026941  0.00000000

--------------------------------------------------------------------------------
n=4
(result of R-step: (1,5:0)0.40807708)
V=[1, 3, 4, 5]
total successes of this branch: 0
Matrix on 4 elements:

1    0.00000000  0.10814612  0.32343179  0.31578184
3    0.10814612  0.00000000  0.60806988  0.53127826
4    0.32343179  0.60806988  0.00000000  0.39349505
5    0.31578184  0.53127826  0.39349505  0.00000000
reason of abort: no pseudometric

--------------------------------------------------------------------------------
n=4
(result of R-step: (3,4:1)0.69595083)
V=[0, 3, 4, 5]
total successes of this branch: 1
Matrix on 4 elements:

0    0.00000000  0.51435859  0.46880576  0.41098149
3    0.51435859  0.00000000  0.41703508  0.51845969
4    0.46880576  0.41703508  0.00000000  0.32882754
5    0.41098149  0.51845969  0.32882754  0.00000000

--------------------------------------------------------------------------------
n=4
(result of R-step: (3,5:0)0.23749317)
V=[1, 3, 4, 5]
total successes of this branch: 1
Matrix on 4 elements:

1    0.00000000  1.18416728  1.46904588  1.40746879
3    1.18416728  0.00000000  0.53847695  0.40775818
4    1.46904588  0.53847695  0.00000000  0.33956790
5    1.40746879  0.40775818  0.33956790  0.00000000
