n=6
V=[0, 1, 2, 3, 4, 5]
total successes of this branch: 1
Matrix on 6 elements:

0    0.00000000  1.32022964  0.81660518  1.15387321  0.35606467  1.02677578
1    1.32022964  0.00000000  1.03143173  1.99169694  1.50561707  1.58305512
2    0.81660518  1.03143173  0.00000000  1.45319210  0.99304755  0.88107799
3    1.15387321  1.99169694  1.45319210  0.00000000  1.00272581  0.68484850
4    0.35606467  1.50561707  0.99304755  1.00272581  0.00000000  1.02367248
5    1.02677578  1.58305512  0.88107799  0.68484850  1.02367248  0.00000000

--------------------------------------------------------------------------------
n=5
(result of R-step: (1,4:0)0.34461842)
V=[1, 2, 3, 4, 5]
total successes of this branch: 1
Matrix on 5 elements:

1    0.00000000  0.27240932  1.23267453  0.72609395  0.82403270
2    0.27240932  0.00000000  1.45319210  0.97254685  0.88107799
3    1.23267453  1.45319210  0.00000000  0.98222511  0.68484850
4    0.72609395  0.97254685  0.98222511  0.00000000  1.00317178
5    0.82403270  0.88107799  0.68484850  1.00317178  0.00000000

--------------------------------------------------------------------------------
n=4
(result of R-step: (1,3:2)0.52086959)
V=[1, 3, 4, 5]
total successes of this branch: 0
reason of abort: negative delta/dxy

--------------------------------------------------------------------------------
n=4
(result of R-step: (1,5:2)0.96855957)
V=[1, 3, 4, 5]
total successes of this branch: 0
reason of abort: negative delta/dxy

--------------------------------------------------------------------------------
n=4
(result of R-step: (2,4:1)0.72435830)
V=[2, 3, 4, 5]
total successes of this branch: 1
Matrix on 4 elements:

2    0.00000000  1.38759315  0.70320335  0.81547904
3    1.38759315  0.00000000  0.77848055  0.68484850
4    0.70320335  0.77848055  0.00000000  0.79942722
5    0.81547904  0.68484850  0.79942722  0.00000000
