n=6
V=[0, 1, 2, 3, 4, 5]
total successes of this branch: 2
Matrix on 6 elements:

0    0.00000000  3.13847786  2.71421906  3.19548338  2.88428612  0.81667338
1    3.13847786  0.00000000  1.09373150  1.82580103  1.17436453  2.66881477
2    2.71421906  1.09373150  0.00000000  1.26796064  0.59105284  2.21727797
3    3.19548338  1.82580103  1.26796064  0.00000000  1.44865200  2.55127022
4    2.88428612  1.17436453  0.59105284  1.44865200  0.00000000  2.38951457
5    0.81667338  2.66881477  2.21727797  2.55127022  2.38951457  0.00000000

--------------------------------------------------------------------------------
n=5
(result of R-step: (0,3:5)0.79579514)
V=[0, 1, 2, 3, 4]
total successes of this branch: 2
Matrix on 5 elements:

0    0.00000000  2.90867736  2.48441856  2.45166924  2.65448563
1    2.90867736  0.00000000  1.09373150  1.31178739  1.17436453
2    2.48441856  1.09373150  0.00000000  0.75394700  0.59105284
3    2.45166924  1.31178739  0.75394700  0.00000000  0.93463836
4    2.65448563  1.17436453  0.59105284  0.93463836  0.00000000

--------------------------------------------------------------------------------
n=4
(result of R-step: (0,2:3)0.50517598)
V=[0, 1, 2, 4]
total successes of this branch: 1
Matrix on 4 elements:

0    0.00000000  1.00723064  0.38321438  0.75303891
1    1.00723064  0.00000000  0.89397404  1.17436453
2    0.38321438  0.89397404  0.00000000  0.39129538
4    0.75303891  1.17436453  0.39129538  0.00000000

--------------------------------------------------------------------------------
n=4
(result of R-step: (0,4:3)0.16014356)
V=[0, 1, 2, 4]
total successes of this branch: 0
Matrix on 4 elements:

0    0.00000000  1.77657261  1.35231381  1.13549586
1    1.77657261  0.00000000  1.09373150  0.78747951
2    1.35231381  1.09373150  0.00000000  0.20416782
4    1.13549586  0.78747951  0.20416782  0.00000000
reason of abort: no pseudometric

--------------------------------------------------------------------------------
n=4
(result of R-step: (1,2:4)0.07953411)
V=[0, 1, 2, 3]
total successes of this branch: 1
Matrix on 4 elements:

0    0.00000000  2.71191917  2.28466110  2.45166924
1    2.71191917  0.00000000  0.69721585  1.11502921
2    2.28466110  0.69721585  0.00000000  0.55418954
3    2.45166924  1.11502921  0.55418954  0.00000000
