n=6
V=[0, 1, 2, 3, 4, 5]
total successes of this branch: 2
Matrix on 6 elements:

0    0.00000000  1.86958909  1.75770557  1.30610262  1.16665410  1.00888933
1    1.86958909  0.00000000  1.68392126  1.69910692  1.78841554  1.59125978
2    1.75770557  1.68392126  0.00000000  1.58023245  1.67400745  1.47608260
3    1.30610262  1.69910692  1.58023245  0.00000000  1.15353571  0.81508953
4    1.16665410  1.78841554  1.67400745  1.15353571  0.00000000  0.36708235
5    1.00888933  1.59125978  1.47608260  0.81508953  0.36708235  0.00000000

--------------------------------------------------------------------------------
n=5
(result of R-step: (0,2:1)0.01915063)
V=[0, 2, 3, 4, 5]
total successes of this branch: 2
Matrix on 5 elements:

0    0.00000000  0.42047640  0.74683993  0.60739142  0.44962665
2    0.42047640  0.00000000  0.80226597  0.89604097  0.69811611
3    0.74683993  0.80226597  0.00000000  1.15353571  0.81508953
4    0.60739142  0.89604097  1.15353571  0.00000000  0.36708235
5    0.44962665  0.69811611  0.81508953  0.36708235  0.00000000

--------------------------------------------------------------------------------
n=4
(result of R-step: (0,3:2)0.77772988)
V=[0, 3, 4, 5]
total successes of this branch: 1
Matrix on 4 elements:

0    0.00000000  0.56891536  0.55131912  0.39355434
3    0.56891536  0.00000000  1.03168344  0.69323725
4    0.55131912  1.03168344  0.00000000  0.36708235
5    0.39355434  0.69323725  0.36708235  0.00000000

--------------------------------------------------------------------------------
n=4
(result of R-step: (3,4:5)0.17219566)
V=[0, 2, 3, 4]
total successes of this branch: 1
Matrix on 4 elements:

0    0.00000000  0.42047640  0.62498766  0.39585248
2    0.42047640  0.00000000  0.68041369  0.68450203
3    0.62498766  0.68041369  0.00000000  0.82014450
4    0.39585248  0.68450203  0.82014450  0.00000000

--------------------------------------------------------------------------------
n=4
(result of R-step: (4,5:2)0.09036172)
V=[0, 3, 4, 5]
total successes of this branch: 0
reason of abort: negative delta/dxy
