n=6
V=[0, 1, 2, 3, 4, 5]
total successes of this branch: 1
Matrix on 6 elements:

0    0.00000000  1.37323695  1.48695339  1.72863580  0.80246096  0.71751147
1    1.37323695  0.00000000  1.08512833  2.09879025  0.93897311  1.11090422
2    1.48695339  1.08512833  0.00000000  2.21202686  1.15026741  1.29773252
3    1.72863580  2.09879025  2.21202686  0.00000000  1.62122729  1.71120494
4    0.80246096  0.93897311  1.15026741  1.62122729  0.00000000  0.32095657
5    0.71751147  1.11090422  1.29773252  1.71120494  0.32095657  0.00000000

--------------------------------------------------------------------------------
n=5
(result of R-step: (0,4:5)0.25073314)
V=[0, 1, 2, 3, 4]
total successes of this branch: 1
Matrix on 5 elements:

0    0.00000000  1.26713353  1.38084997  1.62253238  0.65851638
1    1.26713353  0.00000000  1.08512833  2.09879025  0.90113196
2    1.38084997  1.08512833  0.00000000  2.21202686  1.11242626
3    1.62253238  2.09879025  2.21202686  0.00000000  1.58338614
4    0.65851638  0.90113196  1.11242626  1.58338614  0.00000000

--------------------------------------------------------------------------------
n=4
(result of R-step: (0,1:4)0.70300058)
V=[0, 1, 2, 3]
total successes of this branch: 1
Matrix on 4 elements:

0    0.00000000  0.61655914  1.05170869  1.29339111
1    0.61655914  0.00000000  0.76369521  1.77735713
2    1.05170869  0.76369521  0.00000000  2.21202686
3    1.29339111  1.77735713  2.21202686  0.00000000

--------------------------------------------------------------------------------
n=4
(result of R-step: (0,2:4)0.57633770)
V=[0, 1, 2, 3]
total successes of this branch: 0
Matrix on 4 elements:

0    0.00000000  0.95273874  0.35187283  1.30813759
1    0.95273874  0.00000000  0.37054599  2.09879025
2    0.35187283  0.37054599  0.00000000  1.49744452
3    1.30813759  2.09879025  1.49744452  0.00000000
reason of abort: no pseudometric

--------------------------------------------------------------------------------
n=4
(result of R-step: (1,3:4)0.17574162)
V=[0, 1, 2, 3]
total successes of this branch: 0
Matrix on 4 elements:

0    0.00000000  1.06017021  1.38084997  0.33889425
1    1.06017021  0.00000000  0.87816500  0.60818879
2    1.38084997  0.87816500  0.00000000  0.92838874
3    0.33889425  0.60818879  0.92838874  0.00000000
reason of abort: no pseudometric

--------------------------------------------------------------------------------
n=4
(result of R-step: (2,3:4)0.30265349)
V=[0, 1, 2, 3]
total successes of this branch: 0
Matrix on 4 elements:

0    0.00000000  1.26713353  0.61967087  0.32849962
1    1.26713353  0.00000000  0.32394924  0.80475749
2    0.61967087  0.32394924  0.00000000  0.15681501
3    0.32849962  0.80475749  0.15681501  0.00000000
reason of abort: no pseudometric

--------------------------------------------------------------------------------
n=4
(result of R-step: (3,4:0)0.99510681)
V=[1, 2, 3, 4]
total successes of this branch: 0
reason of abort: negative delta/dxy
