n=6
V=[0, 1, 2, 3, 4, 5]
total successes of this branch: 2
Matrix on 6 elements:

0    0.00000000  1.12548132  0.92810149  0.89613609  0.70425380  1.06628678
1    1.12548132  0.00000000  1.42065011  1.16173018  1.33073284  0.16764403
2    0.92810149  1.42065011  0.00000000  1.22478860  0.96753549  1.34065436
3    0.89613609  1.16173018  1.22478860  0.00000000  1.11947720  1.10899172
4    0.70425380  1.33073284  0.96753549  1.11947720  0.00000000  1.26742780
5    1.06628678  0.16764403  1.34065436  1.10899172  1.26742780  0.00000000

--------------------------------------------------------------------------------
n=5
(result of R-step: (1,2:5)0.97521074)
V=[0, 1, 2, 3, 4]
total successes of this branch: 2
Matrix on 5 elements:

0    0.00000000  1.02974365  0.73602723  0.89613609  0.70425380
1    1.02974365  0.00000000  1.13283818  1.06599251  1.23499517
2    0.73602723  1.13283818  0.00000000  1.03271434  0.77546123
3    0.89613609  1.06599251  1.03271434  0.00000000  1.11947720
4    0.70425380  1.23499517  0.77546123  1.11947720  0.00000000

--------------------------------------------------------------------------------
n=4
(result of R-step: (0,2:4)0.45974979)
V=[0, 1, 2, 3]
total successes of this branch: 1
Matrix on 4 elements:

0    0.00000000  0.85893308  0.29911941  0.72532551
1    0.85893308  0.00000000  0.86674093  1.06599251
2    0.29911941  0.86674093  0.00000000  0.76661710
3    0.72532551  1.06599251  0.76661710  0.00000000

--------------------------------------------------------------------------------
n=4
(result of R-step: (1,2:0)0.15336055)
V=[1, 2, 3, 4]
total successes of this branch: 0
Matrix on 4 elements:

1    0.00000000  0.02486588  0.37376765  0.54277030
2    0.02486588  0.00000000  0.61696691  0.35971380
3    0.37376765  0.61696691  0.00000000  1.11947720
4    0.54277030  0.35971380  1.11947720  0.00000000
reason of abort: no pseudometric

--------------------------------------------------------------------------------
n=4
(result of R-step: (1,4:0)0.44761325)
V=[1, 2, 3, 4]
total successes of this branch: 0
Matrix on 4 elements:

1    0.00000000  0.52187622  0.45503055  0.30645295
2    0.52187622  0.00000000  1.03271434  0.45788098
3    0.45503055  1.03271434  0.00000000  0.80189694
4    0.30645295  0.45788098  0.80189694  0.00000000
reason of abort: no pseudometric

--------------------------------------------------------------------------------
n=4
(result of R-step: (2,3:0)0.92238971)
V=[1, 2, 3, 4]
total successes of this branch: 0
Matrix on 4 elements:

1    0.00000000  0.72423400  0.79877524  1.23499517
2    0.72423400  0.00000000  0.35689289  0.36685705
3    0.79877524  0.35689289  0.00000000  0.85225992
4    1.23499517  0.36685705  0.85225992  0.00000000
reason of abort: no pseudometric

--------------------------------------------------------------------------------
n=4
(result of R-step: (3,4:0)0.38900944)
V=[1, 2, 3, 4]
total successes of this branch: 1
Matrix on 4 elements:

1    0.00000000  1.13283818  0.61400608  0.90088650
2    1.13283818  0.00000000  0.58072791  0.44135256
3    0.61400608  0.58072791  0.00000000  0.33338209
4    0.90088650  0.44135256  0.33338209  0.00000000
