n=6
V=[0, 1, 2, 3, 4, 5]
total successes of this branch: 2
Matrix on 6 elements:

0    0.00000000  1.52399176  1.35624897  0.76483607  1.87699144  2.09528567
1    1.52399176  0.00000000  0.96341834  1.12829955  0.58183631  0.67169930
2    1.35624897  0.96341834  0.00000000  0.94229279  1.28137696  1.52009078
3    0.76483607  1.12829955  0.94229279  0.00000000  1.48031485  1.69918272
4    1.87699144  0.58183631  1.28137696  1.48031485  0.00000000  0.84502984
5    2.09528567  0.67169930  1.52009078  1.69918272  0.84502984  0.00000000

--------------------------------------------------------------------------------
n=5
(result of R-step: (0,2:3)0.97190815)
V=[0, 1, 2, 4, 5]
total successes of this branch: 2
Matrix on 5 elements:

0    0.00000000  0.95465751  0.71415271  1.30765719  1.52595142
1    0.95465751  0.00000000  0.89065633  0.58183631  0.67169930
2    0.71415271  0.89065633  0.00000000  1.20861495  1.44732877
4    1.30765719  0.58183631  1.20861495  0.00000000  0.84502984
5    1.52595142  0.67169930  1.44732877  0.84502984  0.00000000

--------------------------------------------------------------------------------
n=4
(result of R-step: (0,4:1)0.12304754)
V=[0, 2, 4, 5]
total successes of this branch: 0
Matrix on 4 elements:

0    0.00000000  0.44994350  0.65685430  1.26174222
2    0.44994350  0.00000000  0.82202126  1.44732877
4    0.65685430  0.82202126  0.00000000  0.45843615
5    1.26174222  1.44732877  0.45843615  0.00000000
reason of abort: no pseudometric

--------------------------------------------------------------------------------
n=4
(result of R-step: (0,5:1)0.24542405)
V=[0, 2, 4, 5]
total successes of this branch: 1
Matrix on 4 elements:

0    0.00000000  0.34755320  0.94105768  0.71279149
2    0.34755320  0.00000000  1.20861495  1.00076834
4    0.94105768  1.20861495  0.00000000  0.39846940
5    0.71279149  1.00076834  0.39846940  0.00000000

--------------------------------------------------------------------------------
n=4
(result of R-step: (1,2:0)0.13718151)
V=[1, 2, 4, 5]
total successes of this branch: 1
Matrix on 4 elements:

1    0.00000000  0.65061142  0.57761530  0.66747829
2    0.65061142  0.00000000  0.97279105  1.21150487
4    0.57761530  0.97279105  0.00000000  0.84502984
5    0.66747829  1.21150487  0.84502984  0.00000000

--------------------------------------------------------------------------------
n=4
(result of R-step: (2,4:1)0.15024973)
V=[0, 2, 4, 5]
total successes of this branch: 0
Matrix on 4 elements:

0    0.00000000  0.28998810  0.91691413  1.52595142
2    0.28998810  0.00000000  0.39370730  1.02316417
4    0.91691413  0.39370730  0.00000000  0.45428678
5    1.52595142  1.02316417  0.45428678  0.00000000
reason of abort: no pseudometric

--------------------------------------------------------------------------------
n=4
(result of R-step: (2,5:1)0.26212747)
V=[0, 2, 4, 5]
total successes of this branch: 0
Matrix on 4 elements:

0    0.00000000  0.36849768  1.30765719  1.08494446
2    0.36849768  0.00000000  0.86295993  0.66066679
4    1.30765719  0.86295993  0.00000000  0.40402288
5    1.08494446  0.66066679  0.40402288  0.00000000
reason of abort: no pseudometric
