n=6
V=[0, 1, 2, 3, 4, 5]
total successes of this branch: 2
Matrix on 6 elements:

0    0.00000000  2.12704999  1.86020994  1.50862986  1.67164501  2.23293753
1    2.12704999  0.00000000  1.42957236  1.23512359  1.28739648  1.90221771
2    1.86020994  1.42957236  0.00000000  0.93102802  0.50871763  1.35293488
3    1.50862986  1.23512359  0.93102802  0.00000000  0.66505716  1.12120194
4    1.67164501  1.28739648  0.50871763  0.66505716  0.00000000  1.04386677
5    2.23293753  1.90221771  1.35293488  1.12120194  1.04386677  0.00000000

--------------------------------------------------------------------------------
n=5
(result of R-step: (0,2:1)0.81080227)
V=[0, 2, 3, 4, 5]
total successes of this branch: 2
Matrix on 5 elements:

0    0.00000000  0.43823132  0.31269845  0.47571360  1.03700612
2    0.43823132  0.00000000  0.70498081  0.28267043  1.12688768
3    0.31269845  0.70498081  0.00000000  0.66505716  1.12120194
4    0.47571360  0.28267043  0.66505716  0.00000000  1.04386677
5    1.03700612  1.12688768  1.12120194  1.04386677  0.00000000

--------------------------------------------------------------------------------
n=4
(result of R-step: (2,3:0)0.27094871)
V=[2, 3, 4, 5]
total successes of this branch: 1
Matrix on 4 elements:

2    0.00000000  0.54427201  0.26421579  1.10843305
3    0.54427201  0.00000000  0.52280299  0.97894777
4    0.26421579  0.52280299  0.00000000  1.04386677
5    1.10843305  0.97894777  1.04386677  0.00000000

--------------------------------------------------------------------------------
n=4
(result of R-step: (2,5:4)0.57598260)
V=[0, 2, 3, 5]
total successes of this branch: 1
Matrix on 4 elements:

0    0.00000000  0.41977669  0.31269845  0.31627186
2    0.41977669  0.00000000  0.68652618  0.38769879
3    0.31269845  0.68652618  0.00000000  0.40046768
5    0.31627186  0.38769879  0.40046768  0.00000000

--------------------------------------------------------------------------------
n=4
(result of R-step: (3,4:0)0.47082092)
V=[2, 3, 4, 5]
total successes of this branch: 0
Matrix on 4 elements:

2    0.00000000  0.70069491  0.08815929  1.12688768
3    0.70069491  0.00000000  0.46626012  1.11691604
4    0.08815929  0.46626012  0.00000000  0.84935564
5    1.12688768  1.11691604  0.84935564  0.00000000
reason of abort: no pseudometric
