n=6
V=[0, 1, 2, 3, 4, 5]
total successes of this branch: 2
Matrix on 6 elements:

0    0.00000000  1.49047883  1.29894207  1.56095576  1.16105260  1.21351517
1    1.49047883  0.00000000  1.22685297  1.25072844  0.97717492  1.06452647
2    1.29894207  1.22685297  0.00000000  1.32847977  0.75378195  0.56663352
3    1.56095576  1.25072844  1.32847977  0.00000000  1.15889847  1.22125199
4    1.16105260  0.97717492  0.75378195  1.15889847  0.00000000  0.25937420
5    1.21351517  1.06452647  0.56663352  1.22125199  0.25937420  0.00000000

--------------------------------------------------------------------------------
n=5
(result of R-step: (2,4:5)0.31209790)
V=[0, 1, 2, 3, 4]
total successes of this branch: 2
Matrix on 5 elements:

0    0.00000000  1.49047883  1.23697790  1.56095576  1.15037312
1    1.49047883  0.00000000  1.16488880  1.25072844  0.96649544
2    1.23697790  1.16488880  0.00000000  1.26651560  0.68113830
3    1.56095576  1.25072844  1.26651560  0.00000000  1.14821899
4    1.15037312  0.96649544  0.68113830  1.14821899  0.00000000

--------------------------------------------------------------------------------
n=4
(result of R-step: (0,4:2)0.71999267)
V=[0, 1, 3, 4]
total successes of this branch: 1
Matrix on 4 elements:

0    0.00000000  0.73093232  0.80140925  0.33413357
1    0.73093232  0.00000000  1.25072844  0.90980240
3    0.80140925  1.25072844  0.00000000  1.09152595
4    0.33413357  0.90980240  1.09152595  0.00000000

--------------------------------------------------------------------------------
n=4
(result of R-step: (1,2:0)0.58043486)
V=[1, 2, 3, 4]
total successes of this branch: 0
Matrix on 4 elements:

1    0.00000000  0.25695851  0.64934440  0.36511141
2    0.25695851  0.00000000  0.95996934  0.37459204
3    0.64934440  0.95996934  0.00000000  1.14821899
4    0.36511141  0.37459204  1.14821899  0.00000000
reason of abort: no pseudometric

--------------------------------------------------------------------------------
n=4
(result of R-step: (1,4:0)0.37536048)
V=[1, 2, 3, 4]
total successes of this branch: 0
reason of abort: negative delta/dxy

--------------------------------------------------------------------------------
n=4
(result of R-step: (2,3:0)0.62321795)
V=[1, 2, 3, 4]
total successes of this branch: 1
Matrix on 4 elements:

1    0.00000000  0.79059730  0.61588754  0.96649544
2    0.79059730  0.00000000  0.25738320  0.30684680
3    0.61588754  0.25738320  0.00000000  0.51337809
4    0.96649544  0.30684680  0.51337809  0.00000000

--------------------------------------------------------------------------------
n=4
(result of R-step: (3,4:0)0.10578387)
V=[1, 2, 3, 4]
total successes of this branch: 0
Matrix on 4 elements:

1    0.00000000  1.16488880  1.06032277  0.66735415
2    1.16488880  0.00000000  1.07610993  0.38199700
3    1.06032277  1.07610993  0.00000000  0.65867202
4    0.66735415  0.38199700  0.65867202  0.00000000
reason of abort: no pseudometric
