n=6
V=[0, 1, 2, 3, 4, 5]
total successes of this branch: 2
Matrix on 6 elements:

0    0.00000000  0.60341443  1.50684273  0.97349409  0.95051362  0.70843664
1    0.60341443  0.00000000  1.64473941  1.27539841  1.34067523  0.62412470
2    1.50684273  1.64473941  0.00000000  2.24515117  2.28757024  1.84861565
3    0.97349409  1.27539841  2.24515117  0.00000000  1.39352383  0.76726166
4    0.95051362  1.34067523  2.28757024  1.39352383  0.00000000  1.30954807
5    0.70843664  0.62412470  1.84861565  0.76726166  1.30954807  0.00000000

--------------------------------------------------------------------------------
n=5
(result of R-step: (1,3:5)0.57081955)
V=[0, 1, 2, 3, 4]
total successes of this branch: 2
Matrix on 5 elements:

0    0.00000000  0.48905484  1.50684273  0.86509206  0.95051362
1    0.48905484  0.00000000  1.53037981  1.05263679  1.22631564
2    1.50684273  1.53037981  0.00000000  2.13674914  2.28757024
3    0.86509206  1.05263679  2.13674914  0.00000000  1.28512181
4    0.95051362  1.22631564  2.28757024  1.28512181  0.00000000

--------------------------------------------------------------------------------
n=4
(result of R-step: (1,3:0)0.53929527)
V=[1, 2, 3, 4]
total successes of this branch: 0
Matrix on 4 elements:

1    0.00000000  1.24575430  0.11650470  0.94169012
2    1.24575430  0.00000000  1.48524256  2.28757024
3    0.11650470  1.48524256  0.00000000  0.63361523
4    0.94169012  2.28757024  0.63361523  0.00000000
reason of abort: no pseudometric

--------------------------------------------------------------------------------
n=4
(result of R-step: (1,4:0)0.68742910)
V=[1, 2, 3, 4]
total successes of this branch: 0
Matrix on 4 elements:

1    0.00000000  1.26420180  0.78645877  0.37191693
2    1.26420180  0.00000000  2.13674914  1.69934955
3    0.78645877  2.13674914  0.00000000  0.69690112
4    0.37191693  1.69934955  0.69690112  0.00000000
reason of abort: no pseudometric

--------------------------------------------------------------------------------
n=4
(result of R-step: (2,3:0)0.43638537)
V=[1, 2, 3, 4]
total successes of this branch: 0
Matrix on 4 elements:

1    0.00000000  0.29912671  0.42746847  1.22631564
2    0.29912671  0.00000000  0.28032772  1.05631714
3    0.42746847  0.28032772  0.00000000  0.65995349
4    1.22631564  1.05631714  0.65995349  0.00000000
reason of abort: no pseudometric

--------------------------------------------------------------------------------
n=4
(result of R-step: (2,3:1)0.87949271)
V=[0, 2, 3, 4]
total successes of this branch: 1
Matrix on 4 elements:

0    0.00000000  0.24853882  0.39278138  0.95051362
2    0.24853882  0.00000000  0.40613454  1.02926633
3    0.39278138  0.40613454  0.00000000  0.81281112
4    0.95051362  1.02926633  0.81281112  0.00000000

--------------------------------------------------------------------------------
n=4
(result of R-step: (2,4:0)0.57935063)
V=[1, 2, 3, 4]
total successes of this branch: 1
Matrix on 4 elements:

1    0.00000000  0.27207591  1.05263679  0.58608060
2    0.27207591  0.00000000  0.87844523  0.38903130
3    1.05263679  0.87844523  0.00000000  0.64488677
4    0.58608060  0.38903130  0.64488677  0.00000000

--------------------------------------------------------------------------------
n=4
(result of R-step: (2,4:1)0.77539840)
V=[0, 2, 3, 4]
total successes of this branch: 0
Matrix on 4 elements:

0    0.00000000  0.27558963  0.86509206  0.18165708
2    0.27558963  0.00000000  0.90549604  0.28746060
3    0.86509206  0.90549604  0.00000000  0.51626527
4    0.18165708  0.28746060  0.51626527  0.00000000
reason of abort: no pseudometric
