n=6
V=[0, 1, 2, 3, 4, 5]
total successes of this branch: 1
Matrix on 6 elements:

0    0.00000000  1.50954262  2.15662450  1.30466217  1.47477990  1.44894572
1    1.50954262  0.00000000  1.86487263  0.55082367  1.25705479  1.21362747
2    2.15662450  1.86487263  0.00000000  1.90919176  1.06684750  0.75670497
3    1.30466217  0.55082367  1.90919176  0.00000000  1.28542851  1.24579076
4    1.47477990  1.25705479  1.06684750  1.28542851  0.00000000  0.31017904
5    1.44894572  1.21362747  0.75670497  1.24579076  0.31017904  0.00000000

--------------------------------------------------------------------------------
n=5
(result of R-step: (0,1:3)0.21540055)
V=[0, 1, 2, 4, 5]
total successes of this branch: 1
Matrix on 5 elements:

0    0.00000000  1.03173604  1.83443347  1.15258887  1.12675469
1    1.03173604  0.00000000  1.70925709  1.10143924  1.05801193
2    1.83443347  1.70925709  0.00000000  1.06684750  0.75670497
4    1.15258887  1.10143924  1.06684750  0.00000000  0.31017904
5    1.12675469  1.05801193  0.75670497  0.31017904  0.00000000

--------------------------------------------------------------------------------
n=4
(result of R-step: (1,4:0)0.46469500)
V=[1, 2, 4, 5]
total successes of this branch: 0
reason of abort: negative delta/dxy

--------------------------------------------------------------------------------
n=4
(result of R-step: (2,4:5)0.23765923)
V=[0, 1, 2, 4]
total successes of this branch: 1
Matrix on 4 elements:

0    0.00000000  1.03173604  1.55823030  0.99221851
1    1.03173604  0.00000000  1.43305392  0.94106888
2    1.55823030  1.43305392  0.00000000  0.63027397
4    0.99221851  0.94106888  0.63027397  0.00000000
