n=6
V=[0, 1, 2, 3, 4, 5]
total successes of this branch: 2
Matrix on 6 elements:

0    0.00000000  0.96248775  1.06890368  0.87066432  0.36207364  0.32713729
1    0.96248775  0.00000000  1.52328890  1.02113083  0.93473479  0.92608129
2    1.06890368  1.52328890  0.00000000  1.36503738  1.02371048  1.01636304
3    0.87066432  1.02113083  1.36503738  0.00000000  0.83497852  0.82691909
4    0.36207364  0.93473479  1.02371048  0.83497852  0.00000000  0.26703432
5    0.32713729  0.92608129  1.01636304  0.82691909  0.26703432  0.00000000

--------------------------------------------------------------------------------
n=5
(result of R-step: (0,4:5)0.07488777)
V=[0, 1, 2, 3, 4]
total successes of this branch: 2
Matrix on 5 elements:

0    0.00000000  0.94305599  1.04947191  0.85123255  0.20717112
1    0.94305599  0.00000000  1.52328890  1.02113083  0.79926404
2    1.04947191  1.52328890  0.00000000  1.36503738  0.88823974
3    0.85123255  1.02113083  1.36503738  0.00000000  0.69950777
4    0.20717112  0.79926404  0.88823974  0.69950777  0.00000000

--------------------------------------------------------------------------------
n=4
(result of R-step: (0,1:2)0.60382306)
V=[0, 1, 3, 4]
total successes of this branch: 0
Matrix on 4 elements:

0    0.00000000  0.11281943  0.66130951  0.01724808
1    0.11281943  0.00000000  0.38081731  0.15895053
3    0.66130951  0.38081731  0.00000000  0.69950777
4    0.01724808  0.15895053  0.69950777  0.00000000
reason of abort: no pseudometric

--------------------------------------------------------------------------------
n=4
(result of R-step: (0,3:1)0.33090944)
V=[0, 2, 3, 4]
total successes of this branch: 1
Matrix on 4 elements:

0    0.00000000  0.88201037  0.32748528  0.03970958
2    0.88201037  0.00000000  1.00875166  0.88823974
3    0.32748528  1.00875166  0.00000000  0.34322205
4    0.03970958  0.88823974  0.34322205  0.00000000

--------------------------------------------------------------------------------
n=4
(result of R-step: (0,3:2)0.75658944)
V=[0, 1, 3, 4]
total successes of this branch: 0
Matrix on 4 elements:

0    0.00000000  0.75732497  0.33730060  0.02144011
1    0.75732497  0.00000000  0.69292989  0.79926404
3    0.33730060  0.69292989  0.00000000  0.37130683
4    0.02144011  0.79926404  0.37130683  0.00000000
reason of abort: no pseudometric

--------------------------------------------------------------------------------
n=4
(result of R-step: (1,4:2)0.42671368)
V=[0, 1, 3, 4]
total successes of this branch: 0
Matrix on 4 elements:

0    0.00000000  0.31407087  0.85123255  0.19069229
1    0.31407087  0.00000000  0.39214571  0.15380008
3    0.85123255  0.39214571  0.00000000  0.68302894
4    0.19069229  0.15380008  0.68302894  0.00000000
reason of abort: no pseudometric

--------------------------------------------------------------------------------
n=4
(result of R-step: (3,4:1)0.60285435)
V=[0, 2, 3, 4]
total successes of this branch: 0
Matrix on 4 elements:

0    0.00000000  1.04947191  0.52303161  0.16946065
2    1.04947191  0.00000000  1.03683644  0.85052926
3    0.52303161  1.03683644  0.00000000  0.33359636
4    0.16946065  0.85052926  0.33359636  0.00000000
reason of abort: no pseudometric

--------------------------------------------------------------------------------
n=4
(result of R-step: (3,4:2)0.28014550)
V=[0, 1, 3, 4]
total successes of this branch: 1
Matrix on 4 elements:

0    0.00000000  0.94305599  0.49494683  0.18605165
1    0.94305599  0.00000000  0.66484510  0.77814456
3    0.49494683  0.66484510  0.00000000  0.32210257
4    0.18605165  0.77814456  0.32210257  0.00000000
