n=6
V=[0, 1, 2, 3, 4, 5]
total successes of this branch: 2
Matrix on 6 elements:

0    0.00000000  1.81633760  1.33327816  1.86800906  0.95421926  2.23731843
1    1.81633760  0.00000000  1.12131330  1.21000752  1.08852393  1.21875758
2    1.33327816  1.12131330  0.00000000  1.19750085  0.44129933  1.55895661
3    1.86800906  1.21000752  1.19750085  0.00000000  1.15175910  0.99398643
4    0.95421926  1.08852393  0.44129933  1.15175910  0.00000000  1.51736409
5    2.23731843  1.21875758  1.55895661  0.99398643  1.51736409  0.00000000

--------------------------------------------------------------------------------
n=5
(result of R-step: (0,2:4)0.52832179)
V=[0, 1, 2, 3, 5]
total successes of this branch: 2
Matrix on 5 elements:

0    0.00000000  1.12989340  0.50172945  1.18156486  1.55087423
1    1.12989340  0.00000000  0.97620879  1.21000752  1.21875758
2    0.50172945  0.97620879  0.00000000  1.05239634  1.41385210
3    1.18156486  1.21000752  1.05239634  0.00000000  0.99398643
5    1.55087423  1.21875758  1.41385210  0.99398643  0.00000000

--------------------------------------------------------------------------------
n=4
(result of R-step: (0,3:1)0.27173259)
V=[0, 2, 3, 5]
total successes of this branch: 0
Matrix on 4 elements:

0    0.00000000  0.14116977  0.26112071  1.19031456
2    0.14116977  0.00000000  0.49251186  1.41385210
3    0.26112071  0.49251186  0.00000000  0.43410195
5    1.19031456  1.41385210  0.43410195  0.00000000
reason of abort: no pseudometric

--------------------------------------------------------------------------------
n=4
(result of R-step: (0,5:1)0.59440188)
V=[0, 2, 3, 5]
total successes of this branch: 0
Matrix on 4 elements:

0    0.00000000  0.16833748  0.84817290  0.98031289
2    0.16833748  0.00000000  1.05239634  1.17668272
3    0.84817290  1.05239634  0.00000000  0.75681705
5    0.98031289  1.17668272  0.75681705  0.00000000
reason of abort: no pseudometric

--------------------------------------------------------------------------------
n=4
(result of R-step: (0,5:3)0.42842644)
V=[0, 1, 2, 5]
total successes of this branch: 1
Matrix on 4 elements:

0    0.00000000  0.81968326  0.19151930  0.97803016
1    0.81968326  0.00000000  0.97620879  0.95612367
2    0.19151930  0.97620879  0.00000000  1.15121818
5    0.97803016  0.95612367  1.15121818  0.00000000

--------------------------------------------------------------------------------
n=4
(result of R-step: (2,3:1)0.25137978)
V=[0, 2, 3, 5]
total successes of this branch: 0
Matrix on 4 elements:

0    0.00000000  0.36421203  0.62972902  1.55087423
2    0.36421203  0.00000000  0.36304308  1.27633469
3    0.62972902  0.36304308  0.00000000  0.44215059
5    1.55087423  1.27633469  0.44215059  0.00000000
reason of abort: no pseudometric

--------------------------------------------------------------------------------
n=4
(result of R-step: (2,5:1)0.57514263)
V=[0, 2, 3, 5]
total successes of this branch: 1
Matrix on 4 elements:

0    0.00000000  0.33386131  1.18156486  1.28824031
2    0.33386131  0.00000000  0.88452821  0.98335005
3    1.18156486  0.88452821  0.00000000  0.73135251
5    1.28824031  0.98335005  0.73135251  0.00000000

--------------------------------------------------------------------------------
n=4
(result of R-step: (2,5:3)0.44701350)
V=[0, 1, 2, 5]
total successes of this branch: 0
Matrix on 4 elements:

0    0.00000000  1.12989340  0.31059126  1.31370485
1    1.12989340  0.00000000  0.78507060  0.98158821
2    0.31059126  0.78507060  0.00000000  0.98554454
5    1.31370485  0.98158821  0.98554454  0.00000000
reason of abort: no pseudometric
