n=6
V=[0, 1, 2, 3, 4, 5]
total successes of this branch: 1
Matrix on 6 elements:

0    0.00000000  1.91588956  1.16011631  1.90424273  1.01511785  0.22787139
1    1.91588956  0.00000000  1.47522353  1.65110030  1.89702914  1.86737128
2    1.16011631  1.47522353  0.00000000  1.46430669  1.19308583  1.12290941
3    1.90424273  1.65110030  1.46430669  0.00000000  1.79390037  1.83575941
4    1.01511785  1.89702914  1.19308583  1.79390037  0.00000000  0.80221665
5    0.22787139  1.86737128  1.12290941  1.83575941  0.80221665  0.00000000

--------------------------------------------------------------------------------
n=5
(result of R-step: (0,4:5)0.78175976)
V=[0, 1, 2, 3, 4]
total successes of this branch: 1
Matrix on 5 elements:

0    0.00000000  1.88344096  1.12766771  1.87179413  0.86115056
1    1.88344096  0.00000000  1.47522353  1.65110030  1.77551045
2    1.12766771  1.47522353  0.00000000  1.46430669  1.07156714
3    1.87179413  1.65110030  1.46430669  0.00000000  1.67238168
4    0.86115056  1.77551045  1.07156714  1.67238168  0.00000000

--------------------------------------------------------------------------------
n=4
(result of R-step: (2,3:1)0.63834166)
V=[0, 2, 3, 4]
total successes of this branch: 1
Matrix on 4 elements:

0    0.00000000  0.76814937  1.55420348  0.86115056
2    0.76814937  0.00000000  0.78719769  0.71204879
3    1.55420348  0.78719769  0.00000000  1.35479102
4    0.86115056  0.71204879  1.35479102  0.00000000

--------------------------------------------------------------------------------
n=4
(result of R-step: (2,4:0)0.99208354)
V=[1, 2, 3, 4]
total successes of this branch: 0
reason of abort: negative delta/dxy
