n=6
V=[0, 1, 2, 3, 4, 5]
total successes of this branch: 2
Matrix on 6 elements:

0    0.00000000  1.36388250  1.40614118  1.46037465  1.62797937  0.98323630
1    1.36388250  0.00000000  0.96120693  0.79584802  0.99932339  1.35154986
2    1.40614118  0.96120693  0.00000000  0.83954208  0.95400916  1.54453158
3    1.46037465  0.79584802  0.83954208  0.00000000  0.71612935  1.55811214
4    1.62797937  0.99932339  0.95400916  0.71612935  0.00000000  1.73235755
5    0.98323630  1.35154986  1.54453158  1.55811214  1.73235755  0.00000000

--------------------------------------------------------------------------------
n=5
(result of R-step: (0,1:5)0.81487106)
V=[0, 1, 2, 3, 4]
total successes of this branch: 2
Matrix on 5 elements:

0    0.00000000  0.99856256  1.09321954  1.14745302  1.31505773
1    0.99856256  0.00000000  0.90880863  0.74344971  0.94692508
2    1.09321954  0.90880863  0.00000000  0.83954208  0.95400916
3    1.14745302  0.74344971  0.83954208  0.00000000  0.71612935
4    1.31505773  0.94692508  0.95400916  0.71612935  0.00000000

--------------------------------------------------------------------------------
n=4
(result of R-step: (0,3:2)0.21092968)
V=[0, 1, 3, 4]
total successes of this branch: 0
Matrix on 4 elements:

0    0.00000000  0.81781422  0.65877133  1.13430939
1    0.81781422  0.00000000  0.43551636  0.94692508
3    0.65877133  0.43551636  0.00000000  0.40819600
4    1.13430939  0.94692508  0.40819600  0.00000000
reason of abort: no pseudometric

--------------------------------------------------------------------------------
n=4
(result of R-step: (0,4:2)0.42542813)
V=[0, 1, 3, 4]
total successes of this branch: 1
Matrix on 4 elements:

0    0.00000000  0.53114065  0.68003111  0.45200986
1    0.53114065  0.00000000  0.74344971  0.55129911
3    0.68003111  0.74344971  0.00000000  0.32050338
4    0.45200986  0.55129911  0.32050338  0.00000000

--------------------------------------------------------------------------------
n=4
(result of R-step: (1,3:2)0.76935452)
V=[0, 1, 3, 4]
total successes of this branch: 0
reason of abort: negative delta/dxy

--------------------------------------------------------------------------------
n=4
(result of R-step: (1,4:3)0.19586686)
V=[0, 1, 2, 4]
total successes of this branch: 1
Matrix on 4 elements:

0    0.00000000  0.77491658  1.09321954  0.91943176
1    0.77491658  0.00000000  0.68516265  0.32765314
2    1.09321954  0.68516265  0.00000000  0.55838320
4    0.91943176  0.32765314  0.55838320  0.00000000
