n=6
V=[0, 1, 2, 3, 4, 5]
total successes of this branch: 1
Matrix on 6 elements:

0    0.00000000  0.98724215  0.90717132  0.67832163  0.94100566  0.91961200
1    0.98724215  0.00000000  1.09569323  0.90890391  0.63358507  1.04037067
2    0.90717132  1.09569323  0.00000000  0.96648036  0.88612529  0.28494807
3    0.67832163  0.90890391  0.96648036  0.00000000  0.89131077  0.96402726
4    0.94100566  0.63358507  0.88612529  0.89131077  0.00000000  0.79798440
5    0.91961200  1.04037067  0.28494807  0.96402726  0.79798440  0.00000000

--------------------------------------------------------------------------------
n=5
(result of R-step: (2,4:5)0.86336475)
V=[0, 1, 2, 3, 4]
total successes of this branch: 1
Matrix on 5 elements:

0    0.00000000  0.98724215  0.81679561  0.67832163  0.84909179
1    0.98724215  0.00000000  1.00531751  0.90890391  0.54167120
2    0.81679561  1.00531751  0.00000000  0.87610465  0.70383571
3    0.67832163  0.90890391  0.87610465  0.00000000  0.79939690
4    0.84909179  0.54167120  0.70383571  0.79939690  0.00000000

--------------------------------------------------------------------------------
n=4
(result of R-step: (0,4:1)0.82028182)
V=[0, 2, 3, 4]
total successes of this branch: 0
reason of abort: negative delta/dxy

--------------------------------------------------------------------------------
n=4
(result of R-step: (1,2:4)0.79190761)
V=[0, 1, 2, 3]
total successes of this branch: 1
Matrix on 4 elements:

0    0.00000000  0.71249166  0.79180947  0.67832163
1    0.71249166  0.00000000  0.70558088  0.63415342
2    0.79180947  0.70558088  0.00000000  0.85111850
3    0.67832163  0.63415342  0.85111850  0.00000000

--------------------------------------------------------------------------------
n=4
(result of R-step: (3,4:1)0.47613070)
V=[0, 2, 3, 4]
total successes of this branch: 0
reason of abort: negative delta/dxy
