n=6
V=[0, 1, 2, 3, 4, 5]
total successes of this branch: 2
Matrix on 6 elements:

0    0.00000000  1.92661540  1.35923251  0.50451295  1.91240191  0.46373789
1    1.92661540  0.00000000  1.59684972  1.54207771  1.39955787  1.72031939
2    1.35923251  1.59684972  0.00000000  0.95269465  1.18317117  1.14265096
3    0.50451295  1.54207771  0.95269465  0.00000000  1.51635515  0.28163068
4    1.91240191  1.39955787  1.18317117  1.51635515  0.00000000  1.70072516
5    0.46373789  1.72031939  1.14265096  0.28163068  1.70072516  0.00000000

--------------------------------------------------------------------------------
n=5
(result of R-step: (1,2:4)0.47686446)
V=[0, 1, 2, 3, 5]
total successes of this branch: 2
Matrix on 5 elements:

0    0.00000000  1.63136970  1.22629790  0.50451295  0.46373789
1    1.63136970  0.00000000  1.16866941  1.24683200  1.42507368
2    1.22629790  1.16866941  0.00000000  0.81976004  1.00971635
3    0.50451295  1.24683200  0.81976004  0.00000000  0.28163068
5    0.46373789  1.42507368  1.00971635  0.28163068  0.00000000

--------------------------------------------------------------------------------
n=4
(result of R-step: (0,2:1)0.05077171)
V=[0, 2, 3, 5]
total successes of this branch: 1
Matrix on 4 elements:

0    0.00000000  0.63802498  0.26564522  0.22487016
2    0.63802498  0.00000000  0.47035486  0.66031116
3    0.26564522  0.47035486  0.00000000  0.28163068
5    0.22487016  0.66031116  0.28163068  0.00000000

--------------------------------------------------------------------------------
n=4
(result of R-step: (1,3:2)0.37987601)
V=[0, 1, 3, 5]
total successes of this branch: 1
Matrix on 4 elements:

0    0.00000000  1.49743144  0.46226384  0.46373789
1    1.49743144  0.00000000  1.07064463  1.29113542
3    0.46226384  1.07064463  0.00000000  0.23938157
5    0.46373789  1.29113542  0.23938157  0.00000000

--------------------------------------------------------------------------------
n=4
(result of R-step: (2,5:1)0.90197345)
V=[0, 2, 3, 5]
total successes of this branch: 0
Matrix on 4 elements:

0    0.00000000  0.89931074  0.50451295  0.28769672
2    0.89931074  0.00000000  0.49277289  0.50668801
3    0.50451295  0.49277289  0.00000000  0.10558950
5    0.28769672  0.50668801  0.10558950  0.00000000
reason of abort: no pseudometric
