n=6
V=[0, 1, 2, 3, 4, 5]
total successes of this branch: 2
Matrix on 6 elements:

0    0.00000000  1.90091994  1.25395643  1.45459034  1.25400160  1.41432174
1    1.90091994  0.00000000  1.90008391  1.49640031  1.44051644  1.94035709
2    1.25395643  1.90008391  0.00000000  1.46556173  1.30493507  1.58527774
3    1.45459034  1.49640031  1.46556173  0.00000000  0.47590336  1.19820421
4    1.25400160  1.44051644  1.30493507  0.47590336  0.00000000  0.88593538
5    1.41432174  1.94035709  1.58527774  1.19820421  0.88593538  0.00000000

--------------------------------------------------------------------------------
n=5
(result of R-step: (2,3:1)0.50335124)
V=[0, 2, 3, 4, 5]
total successes of this branch: 2
Matrix on 5 elements:

0    0.00000000  0.63322133  1.24177489  1.25400160  1.41432174
2    0.63322133  0.00000000  0.63201118  0.68419998  0.96454264
3    1.24177489  0.63201118  0.00000000  0.26308791  0.98538876
4    1.25400160  0.68419998  0.26308791  0.00000000  0.88593538
5    1.41432174  0.96454264  0.98538876  0.88593538  0.00000000

--------------------------------------------------------------------------------
n=4
(result of R-step: (0,3:2)0.78642946)
V=[0, 3, 4, 5]
total successes of this branch: 1
Matrix on 4 elements:

0    0.00000000  0.74820298  0.79230320  0.95262334
3    0.74820298  0.00000000  0.23121440  0.95351526
4    0.79230320  0.23121440  0.00000000  0.88593538
5    0.95262334  0.95351526  0.88593538  0.00000000

--------------------------------------------------------------------------------
n=4
(result of R-step: (0,4:2)0.64471600)
V=[0, 3, 4, 5]
total successes of this branch: 0
Matrix on 4 elements:

0    0.00000000  0.89298061  0.71131039  1.06552747
3    0.89298061  0.00000000  0.06919097  0.98538876
4    0.71131039  0.06919097  0.00000000  0.69203844
5    1.06552747  0.98538876  0.69203844  0.00000000
reason of abort: no pseudometric

--------------------------------------------------------------------------------
n=4
(result of R-step: (3,5:4)0.75021299)
V=[0, 2, 3, 5]
total successes of this branch: 1
Matrix on 4 elements:

0    0.00000000  0.63322133  1.20990138  1.05890460
2    0.63322133  0.00000000  0.60013767  0.60912550
3    1.20990138  0.60013767  0.00000000  0.59809811
5    1.05890460  0.60912550  0.59809811  0.00000000
