n=6
V=[0, 1, 2, 3, 4, 5]
total successes of this branch: 2
Matrix on 6 elements:

0    0.00000000  1.72642924  1.86330496  1.42689017  1.75489529  0.40125370
1    1.72642924  0.00000000  1.07029561  0.86324731  0.77626343  1.37190509
2    1.86330496  1.07029561  0.00000000  0.95307132  0.72167403  1.67539025
3    1.42689017  0.86324731  0.95307132  0.00000000  0.85583546  1.28350218
4    1.75489529  0.77626343  0.72167403  0.85583546  0.00000000  1.53094583
5    0.40125370  1.37190509  1.67539025  1.28350218  1.53094583  0.00000000

--------------------------------------------------------------------------------
n=5
(result of R-step: (0,1:5)0.80587082)
V=[0, 1, 2, 3, 4]
total successes of this branch: 2
Matrix on 5 elements:

0    0.00000000  1.62675004  1.80121570  1.36480090  1.69280602
1    1.62675004  0.00000000  1.03270568  0.82565737  0.73867350
2    1.80121570  1.03270568  0.00000000  0.95307132  0.72167403
3    1.36480090  0.82565737  0.95307132  0.00000000  0.85583546
4    1.69280602  0.73867350  0.72167403  0.85583546  0.00000000

--------------------------------------------------------------------------------
n=4
(result of R-step: (0,2:1)0.25815658)
V=[0, 2, 3, 4]
total successes of this branch: 0
Matrix on 4 elements:

0    0.00000000  0.24572244  0.34945845  0.67746357
2    0.24572244  0.00000000  0.41292051  0.18152323
3    0.34945845  0.41292051  0.00000000  0.85583546
4    0.67746357  0.18152323  0.85583546  0.00000000
reason of abort: no pseudometric

--------------------------------------------------------------------------------
n=4
(result of R-step: (0,4:1)0.59800903)
V=[0, 2, 3, 4]
total successes of this branch: 1
Matrix on 4 elements:

0    0.00000000  0.73032775  0.29391296  0.54616485
2    0.73032775  0.00000000  0.95307132  0.64592080
3    0.29391296  0.95307132  0.00000000  0.78008223
4    0.54616485  0.64592080  0.78008223  0.00000000

--------------------------------------------------------------------------------
n=4
(result of R-step: (0,4:2)0.51909935)
V=[0, 1, 3, 4]
total successes of this branch: 0
Matrix on 4 elements:

0    0.00000000  0.51510161  0.25315247  0.57085681
1    0.51510161  0.00000000  0.82565737  0.72837272
3    0.25315247  0.82565737  0.00000000  0.84553468
4    0.57085681  0.72837272  0.84553468  0.00000000
reason of abort: no pseudometric

--------------------------------------------------------------------------------
n=4
(result of R-step: (2,3:1)0.66443550)
V=[0, 2, 3, 4]
total successes of this branch: 0
Matrix on 4 elements:

0    0.00000000  1.24366788  1.03636434  1.69280602
2    1.24366788  0.00000000  0.06708694  0.16412622
3    1.03636434  0.06708694  0.00000000  0.52739890
4    1.69280602  0.16412622  0.52739890  0.00000000
reason of abort: no pseudometric

--------------------------------------------------------------------------------
n=4
(result of R-step: (3,4:1)0.67409011)
V=[0, 2, 3, 4]
total successes of this branch: 0
Matrix on 4 elements:

0    0.00000000  1.80121570  1.07427364  1.68250524
2    1.80121570  0.00000000  0.66254405  0.71137325
3    1.07427364  0.66254405  0.00000000  0.55500742
4    1.68250524  0.71137325  0.55500742  0.00000000
reason of abort: no pseudometric

--------------------------------------------------------------------------------
n=4
(result of R-step: (3,4:2)0.44729501)
V=[0, 1, 3, 4]
total successes of this branch: 1
Matrix on 4 elements:

0    0.00000000  1.62675004  1.11337617  1.61705279
1    1.62675004  0.00000000  0.57423264  0.66292027
3    1.11337617  0.57423264  0.00000000  0.52865750
4    1.61705279  0.66292027  0.52865750  0.00000000
