n=6
V=[0, 1, 2, 3, 4, 5]
total successes of this branch: 2
Matrix on 6 elements:

0    0.00000000  2.05048339  1.49867376  1.65378231  0.71149741  2.12858572
1    2.05048339  0.00000000  2.33220871  1.58544891  2.30205946  1.12991076
2    1.49867376  2.33220871  0.00000000  1.92889265  1.38712607  2.40913881
3    1.65378231  1.58544891  1.92889265  0.00000000  1.90369984  1.48343776
4    0.71149741  2.30205946  1.38712607  1.90369984  0.00000000  2.37986788
5    2.12858572  1.12991076  2.40913881  1.48343776  2.37986788  0.00000000

--------------------------------------------------------------------------------
n=5
(result of R-step: (1,3:5)0.82279247)
V=[0, 1, 2, 3, 4]
total successes of this branch: 2
Matrix on 5 elements:

0    0.00000000  1.62476454  1.49867376  1.56760765  0.71149741
1    1.62476454  0.00000000  1.90648987  1.07355540  1.87634061
2    1.49867376  1.90648987  0.00000000  1.84271800  1.38712607
3    1.56760765  1.07355540  1.84271800  0.00000000  1.81752518
4    0.71149741  1.87634061  1.38712607  1.81752518  0.00000000

--------------------------------------------------------------------------------
n=4
(result of R-step: (0,1:2)0.75856326)
V=[0, 1, 3, 4]
total successes of this branch: 0
Matrix on 4 elements:

0    0.00000000  0.57639885  1.09829729  0.24218706
1    0.57639885  0.00000000  0.49450007  1.29728527
3    1.09829729  0.49450007  0.00000000  1.81752518
4    0.24218706  1.29728527  1.81752518  0.00000000
reason of abort: no pseudometric

--------------------------------------------------------------------------------
n=4
(result of R-step: (0,3:2)0.76231320)
V=[0, 1, 3, 4]
total successes of this branch: 0
Matrix on 4 elements:

0    0.00000000  1.15689015  0.60544932  0.24362302
1    1.15689015  0.00000000  0.57927147  1.87634061
3    0.60544932  0.57927147  0.00000000  1.32324125
4    0.24362302  1.87634061  1.32324125  0.00000000
reason of abort: no pseudometric

--------------------------------------------------------------------------------
n=4
(result of R-step: (1,2:3)0.99543258)
V=[0, 1, 2, 4]
total successes of this branch: 1
Matrix on 4 elements:

0    0.00000000  1.06147745  1.33262291  0.71149741
1    1.06147745  0.00000000  1.17715192  1.31305352
2    1.33262291  1.17715192  0.00000000  1.22107523
4    0.71149741  1.31305352  1.22107523  0.00000000

--------------------------------------------------------------------------------
n=4
(result of R-step: (1,4:2)0.45979155)
V=[0, 1, 3, 4]
total successes of this branch: 0
Matrix on 4 elements:

0    0.00000000  1.05318925  1.56760765  0.56605663
1    1.05318925  0.00000000  0.50198011  1.15932454
3    1.56760765  0.50198011  0.00000000  1.67208440
4    0.56605663  1.15932454  1.67208440  0.00000000
reason of abort: no pseudometric

--------------------------------------------------------------------------------
n=4
(result of R-step: (3,4:2)0.45634406)
V=[0, 1, 3, 4]
total successes of this branch: 1
Matrix on 4 elements:

0    0.00000000  1.62476454  1.06566826  0.56322926
1    1.62476454  0.00000000  0.57161601  1.72807245
3    1.06566826  0.57161601  0.00000000  1.16731763
4    0.56322926  1.72807245  1.16731763  0.00000000
