n=6
V=[0, 1, 2, 3, 4, 5]
total successes of this branch: 2
Matrix on 6 elements:

0    0.00000000  2.20559330  2.39378545  2.34803793  2.55707918  2.59468669
1    2.20559330  0.00000000  1.59969122  1.40737204  1.62758509  1.68802155
2    2.39378545  1.59969122  0.00000000  1.65470775  1.78983590  1.61587853
3    2.34803793  1.40737204  1.65470775  0.00000000  1.65906221  1.72346750
4    2.55707918  1.62758509  1.78983590  1.65906221  0.00000000  0.56373413
5    2.59468669  1.68802155  1.61587853  1.72346750  0.56373413  0.00000000

--------------------------------------------------------------------------------
n=5
(result of R-step: (2,4:5)0.16860390)
V=[0, 1, 2, 3, 4]
total successes of this branch: 2
Matrix on 5 elements:

0    0.00000000  2.20559330  2.20791645  2.34803793  2.43871120
1    2.20559330  0.00000000  1.41382222  1.40737204  1.50921711
2    2.20791645  1.41382222  0.00000000  1.46883875  1.48559892
3    2.34803793  1.40737204  1.46883875  0.00000000  1.54069423
4    2.43871120  1.50921711  1.48559892  1.54069423  0.00000000

--------------------------------------------------------------------------------
n=4
(result of R-step: (0,2:3)0.38146172)
V=[0, 1, 2, 4]
total successes of this branch: 0
reason of abort: negative delta/dxy

--------------------------------------------------------------------------------
n=4
(result of R-step: (0,4:2)0.21212885)
V=[0, 1, 3, 4]
total successes of this branch: 1
Matrix on 4 elements:

0    0.00000000  0.95719492  1.09963955  0.42153592
1    0.95719492  0.00000000  1.40737204  0.74044021
3    1.09963955  1.40737204  0.00000000  0.77191733
4    0.42153592  0.74044021  0.77191733  0.00000000

--------------------------------------------------------------------------------
n=4
(result of R-step: (1,3:2)0.76622573)
V=[0, 1, 3, 4]
total successes of this branch: 0
reason of abort: negative delta/dxy

--------------------------------------------------------------------------------
n=4
(result of R-step: (1,4:3)0.45811672)
V=[0, 1, 2, 4]
total successes of this branch: 1
Matrix on 4 elements:

0    0.00000000  1.57973688  2.20791645  1.66993430
1    1.57973688  0.00000000  0.78796580  0.11458379
2    2.20791645  0.78796580  0.00000000  0.71682201
4    1.66993430  0.11458379  0.71682201  0.00000000
