n=6
V=[0, 1, 2, 3, 4, 5]
total successes of this branch: 2
Matrix on 6 elements:

0    0.00000000  1.74152147  1.88943224  0.97593877  1.64515189  1.00156921
1    1.74152147  0.00000000  1.51104522  1.25480861  1.19823154  1.52173673
2    1.88943224  1.51104522  0.00000000  1.60459039  0.92729863  1.83368296
3    0.97593877  1.25480861  1.60459039  0.00000000  1.33607063  0.46719721
4    1.64515189  1.19823154  0.92729863  1.33607063  0.00000000  1.56970626
5    1.00156921  1.52173673  1.83368296  0.46719721  1.56970626  0.00000000

--------------------------------------------------------------------------------
n=5
(result of R-step: (0,3:5)0.18742438)
V=[0, 1, 2, 3, 4]
total successes of this branch: 2
Matrix on 5 elements:

0    0.00000000  1.65391576  1.80182653  0.82152314  1.55754618
1    1.65391576  0.00000000  1.51104522  1.18799869  1.19823154
2    1.80182653  1.51104522  0.00000000  1.53778047  0.92729863
3    0.82152314  1.18799869  1.53778047  0.00000000  1.26926071
4    1.55754618  1.19823154  0.92729863  1.26926071  0.00000000

--------------------------------------------------------------------------------
n=4
(result of R-step: (0,1:3)0.64631210)
V=[0, 1, 2, 4]
total successes of this branch: 1
Matrix on 4 elements:

0    0.00000000  0.95001870  1.49411654  1.24983619
1    0.95001870  0.00000000  1.11485815  0.80204447
2    1.49411654  1.11485815  0.00000000  0.92729863
4    1.24983619  0.80204447  0.92729863  0.00000000

--------------------------------------------------------------------------------
n=4
(result of R-step: (0,4:2)0.04902906)
V=[0, 1, 3, 4]
total successes of this branch: 1
Matrix on 4 elements:

0    0.00000000  1.34620577  0.51381316  0.95515753
1    1.34620577  0.00000000  1.18799869  0.90355287
3    0.51381316  1.18799869  0.00000000  0.97458205
4    0.95515753  0.90355287  0.97458205  0.00000000

--------------------------------------------------------------------------------
n=4
(result of R-step: (3,4:2)0.09442582)
V=[0, 1, 3, 4]
total successes of this branch: 0
Matrix on 4 elements:

0    0.00000000  1.65391576  0.42655270  1.28497451
1    1.65391576  0.00000000  0.79302825  0.92565988
3    0.42655270  0.79302825  0.00000000  0.60171861
4    1.28497451  0.92565988  0.60171861  0.00000000
reason of abort: no pseudometric
