n=6
V=[0, 1, 2, 3, 4, 5]
total successes of this branch: 1
Matrix on 6 elements:

0    0.00000000  2.70808322  2.46547030  2.15544649  1.99107856  2.40754664
1    2.70808322  0.00000000  2.80652092  2.32791001  2.26985112  0.63962058
2    2.46547030  2.80652092  0.00000000  1.77215358  1.32466156  2.60751655
3    2.15544649  2.32791001  1.77215358  0.00000000  1.09310051  2.15120753
4    1.99107856  2.26985112  1.32466156  1.09310051  0.00000000  2.07908533
5    2.40754664  0.63962058  2.60751655  2.15120753  2.07908533  0.00000000

--------------------------------------------------------------------------------
n=5
(result of R-step: (2,3:4)0.63058820)
V=[0, 1, 2, 3, 5]
total successes of this branch: 1
Matrix on 5 elements:

0    0.00000000  2.70808322  1.64887366  1.70139136  2.40754664
1    2.70808322  0.00000000  1.98992429  1.87385487  0.63962058
2    1.64887366  1.98992429  0.00000000  0.50150181  1.79091991
3    1.70139136  1.87385487  0.50150181  0.00000000  1.69715240
5    2.40754664  0.63962058  1.79091991  1.69715240  0.00000000

--------------------------------------------------------------------------------
n=4
(result of R-step: (0,3:2)0.18009497)
V=[0, 1, 3, 5]
total successes of this branch: 1
Matrix on 4 elements:

0    0.00000000  1.90832395  0.76182279  1.60778737
1    1.90832395  0.00000000  1.73404557  0.63962058
3    0.76182279  1.73404557  0.00000000  1.55734309
5    1.60778737  0.63962058  1.55734309  0.00000000

--------------------------------------------------------------------------------
n=4
(result of R-step: (2,5:1)0.28338776)
V=[0, 2, 3, 5]
total successes of this branch: 0
reason of abort: negative delta/dxy

--------------------------------------------------------------------------------
n=4
(result of R-step: (3,5:1)0.17407626)
V=[0, 2, 3, 5]
total successes of this branch: 0
reason of abort: negative delta/dxy
