n=6
V=[0, 1, 2, 3, 4, 5]
total successes of this branch: 1
Matrix on 6 elements:

0    0.00000000  1.60685056  1.35815309  1.23752820  1.29466097  1.26356455
1    1.60685056  0.00000000  1.35696057  0.98425980  1.07803036  1.18540540
2    1.35815309  1.35696057  0.00000000  0.98639178  0.95356362  0.44039702
3    1.23752820  0.98425980  0.98639178  0.00000000  0.44885499  0.72244776
4    1.29466097  1.07803036  0.95356362  0.44885499  0.00000000  0.60063604
5    1.26356455  1.18540540  0.44039702  0.72244776  0.60063604  0.00000000

--------------------------------------------------------------------------------
n=5
(result of R-step: (2,4:5)0.64274362)
V=[0, 1, 2, 3, 4]
total successes of this branch: 1
Matrix on 5 elements:

0    0.00000000  1.60685056  1.22463491  1.23752820  1.21118496
1    1.60685056  0.00000000  1.22344239  0.98425980  0.99455435
2    1.22463491  1.22344239  0.00000000  0.85287361  0.73656943
3    1.23752820  0.98425980  0.85287361  0.00000000  0.36537897
4    1.21118496  0.99455435  0.73656943  0.36537897  0.00000000

--------------------------------------------------------------------------------
n=4
(result of R-step: (0,3:4)0.50472031)
V=[0, 1, 2, 3]
total successes of this branch: 0
Matrix on 4 elements:

0    0.00000000  0.71308622  0.33087057  0.29862471
1    0.71308622  0.00000000  1.22344239  0.93912065
2    0.33087057  1.22344239  0.00000000  0.80773445
3    0.29862471  0.93912065  0.80773445  0.00000000
reason of abort: no pseudometric

--------------------------------------------------------------------------------
n=4
(result of R-step: (1,4:3)0.98633412)
V=[0, 1, 2, 4]
total successes of this branch: 0
reason of abort: negative delta/dxy

--------------------------------------------------------------------------------
n=4
(result of R-step: (2,3:4)0.14534428)
V=[0, 1, 2, 3]
total successes of this branch: 1
Matrix on 4 elements:

0    0.00000000  1.60685056  1.11412007  1.08197554
1    1.60685056  0.00000000  1.11292755  0.82870714
2    1.11412007  1.11292755  0.00000000  0.58680610
3    1.08197554  0.82870714  0.58680610  0.00000000
