n=6
V=[0, 1, 2, 3, 4, 5]
total successes of this branch: 2
Matrix on 6 elements:

0    0.00000000  1.22303177  1.20840846  1.36702551  1.61782842  0.85429376
1    1.22303177  0.00000000  0.58802879  0.54251064  1.07964995  0.81790678
2    1.20840846  0.58802879  0.00000000  0.71558628  1.21288615  0.84793403
3    1.36702551  0.54251064  0.71558628  0.00000000  1.25645293  0.97180824
4    1.61782842  1.07964995  1.21288615  1.25645293  0.00000000  0.86932057
5    0.85429376  0.81790678  0.84793403  0.97180824  0.86932057  0.00000000

--------------------------------------------------------------------------------
n=5
(result of R-step: (1,2:3)0.77810529)
V=[0, 1, 2, 4, 5]
total successes of this branch: 2
Matrix on 5 elements:

0    0.00000000  1.05288025  0.95874186  1.61782842  0.85429376
1    1.05288025  0.00000000  0.16821066  0.90949843  0.64775526
2    0.95874186  0.16821066  0.00000000  0.96321955  0.59826742
4    1.61782842  0.90949843  0.96321955  0.00000000  0.86932057
5    0.85429376  0.64775526  0.59826742  0.86932057  0.00000000

--------------------------------------------------------------------------------
n=4
(result of R-step: (0,1:2)0.20568096)
V=[0, 1, 4, 5]
total successes of this branch: 1
Matrix on 4 elements:

0    0.00000000  0.50425531  1.09666228  0.33312763
1    0.50425531  0.00000000  0.88203962  0.62029645
4    1.09666228  0.88203962  0.00000000  0.86932057
5    0.33312763  0.62029645  0.86932057  0.00000000

--------------------------------------------------------------------------------
n=4
(result of R-step: (1,5:2)0.06659428)
V=[0, 1, 4, 5]
total successes of this branch: 0
reason of abort: negative delta/dxy

--------------------------------------------------------------------------------
n=4
(result of R-step: (2,4:1)0.88493115)
V=[0, 2, 4, 5]
total successes of this branch: 1
Matrix on 4 elements:

0    0.00000000  0.93666328  1.44915815  0.85429376
2    0.93666328  0.00000000  0.77247072  0.57618885
4    1.44915815  0.77247072  0.00000000  0.70065031
5    0.85429376  0.57618885  0.70065031  0.00000000
