n=6
V=[0, 1, 2, 3, 4, 5]
total successes of this branch: 2
Matrix on 6 elements:

0    0.00000000  0.91889401  1.76438380  1.36297158  1.70659646  0.59199694
1    0.91889401  0.00000000  1.24730651  0.77046292  1.01218857  1.03361789
2    1.76438380  1.24730651  0.00000000  1.49705039  1.98294122  1.30109720
3    1.36297158  0.77046292  1.49705039  0.00000000  1.35266027  1.41577203
4    1.70659646  1.01218857  1.98294122  1.35266027  0.00000000  1.80472923
5    0.59199694  1.03361789  1.30109720  1.41577203  1.80472923  0.00000000

--------------------------------------------------------------------------------
n=5
(result of R-step: (0,2:5)0.68135511)
V=[0, 1, 2, 3, 4]
total successes of this branch: 2
Matrix on 5 elements:

0    0.00000000  0.90443155  1.61050540  1.34850913  1.69213401
1    0.90443155  0.00000000  1.10789056  0.77046292  1.01218857
2    1.61050540  1.10789056  0.00000000  1.35763444  1.84352528
3    1.34850913  0.77046292  1.35763444  0.00000000  1.35266027
4    1.69213401  1.01218857  1.84352528  1.35266027  0.00000000

--------------------------------------------------------------------------------
n=4
(result of R-step: (0,1:3)0.51163094)
V=[0, 1, 2, 4]
total successes of this branch: 0
reason of abort: negative delta/dxy

--------------------------------------------------------------------------------
n=4
(result of R-step: (0,3:2)0.74663530)
V=[0, 1, 3, 4]
total successes of this branch: 1
Matrix on 4 elements:

0    0.00000000  0.21370687  0.43402006  1.00140933
1    0.21370687  0.00000000  0.54669853  1.01218857
3    0.43402006  0.54669853  0.00000000  1.12889589
4    1.00140933  1.01218857  1.12889589  0.00000000

--------------------------------------------------------------------------------
n=4
(result of R-step: (1,4:2)0.42141423)
V=[0, 1, 3, 4]
total successes of this branch: 0
reason of abort: negative delta/dxy

--------------------------------------------------------------------------------
n=4
(result of R-step: (2,4:3)0.57462856)
V=[0, 1, 2, 4]
total successes of this branch: 1
Matrix on 4 elements:

0    0.00000000  0.90443155  0.85334656  0.99857928
1    0.90443155  0.00000000  0.35073172  0.31863385
2    0.85334656  0.35073172  0.00000000  0.39281171
4    0.99857928  0.31863385  0.39281171  0.00000000
