n=6
V=[0, 1, 2, 3, 4, 5]
total successes of this branch: 2
Matrix on 6 elements:

0    0.00000000  1.44137439  1.05806379  0.52997951  0.97253698  1.06819730
1    1.44137439  0.00000000  1.21130443  1.48380849  0.98721011  1.33178102
2    1.05806379  1.21130443  0.00000000  1.07192386  0.43131110  0.37217084
3    0.52997951  1.48380849  1.07192386  0.00000000  0.98952193  1.00962742
4    0.97253698  0.98721011  0.43131110  0.98952193  0.00000000  0.59116594
5    1.06819730  1.33178102  0.37217084  1.00962742  0.59116594  0.00000000

--------------------------------------------------------------------------------
n=5
(result of R-step: (2,3:5)0.86217251)
V=[0, 1, 2, 3, 4]
total successes of this branch: 2
Matrix on 5 elements:

0    0.00000000  1.44137439  0.97599656  0.52081555  0.97253698
1    1.44137439  0.00000000  1.12923720  1.47464453  0.98721011
2    0.97599656  1.12923720  0.00000000  0.98069267  0.34924387
3    0.52081555  1.47464453  0.98069267  0.00000000  0.98035796
4    0.97253698  0.98721011  0.34924387  0.98035796  0.00000000

--------------------------------------------------------------------------------
n=4
(result of R-step: (0,4:2)0.15507425)
V=[0, 1, 3, 4]
total successes of this branch: 0
Matrix on 4 elements:

0    0.00000000  1.17480170  0.25424285  0.63091005
1    1.17480170  0.00000000  1.47464453  0.91215587
3    0.25424285  1.47464453  0.00000000  0.90530372
4    0.63091005  0.91215587  0.90530372  0.00000000
reason of abort: no pseudometric

--------------------------------------------------------------------------------
n=4
(result of R-step: (1,2:4)0.10936064)
V=[0, 1, 2, 3]
total successes of this branch: 1
Matrix on 4 elements:

0    0.00000000  1.27760156  0.81874808  0.52081555
1    1.27760156  0.00000000  0.80821589  1.31087169
2    0.81874808  0.80821589  0.00000000  0.82344419
3    0.52081555  1.31087169  0.82344419  0.00000000

--------------------------------------------------------------------------------
n=4
(result of R-step: (3,4:2)0.14754475)
V=[0, 1, 3, 4]
total successes of this branch: 1
Matrix on 4 elements:

0    0.00000000  1.44137439  0.26708686  0.89365396
1    1.44137439  0.00000000  1.22091584  0.90832708
3    0.26708686  1.22091584  0.00000000  0.64774625
4    0.89365396  0.90832708  0.64774625  0.00000000
