n=6
V=[0, 1, 2, 3, 4, 5]
total successes of this branch: 1
Matrix on 6 elements:

0    0.00000000  0.92410862  1.26674815  1.26315459  0.98438429  0.49627661
1    0.92410862  0.00000000  1.35668869  1.69684583  1.36225731  0.47019420
2    1.26674815  1.35668869  0.00000000  2.01406876  1.59142227  1.30132261
3    1.26315459  1.69684583  2.01406876  0.00000000  0.49947562  1.47506383
4    0.98438429  1.36225731  1.59142227  0.49947562  0.00000000  1.16749792
5    0.49627661  0.47019420  1.30132261  1.47506383  1.16749792  0.00000000

--------------------------------------------------------------------------------
n=5
(result of R-step: (0,1:5)0.48411805)
V=[0, 1, 2, 3, 4]
total successes of this branch: 1
Matrix on 5 elements:

0    0.00000000  0.85813527  1.23434914  1.23075557  0.95198527
1    0.85813527  0.00000000  1.32311436  1.66327150  1.32868298
2    1.23434914  1.32311436  0.00000000  2.01406876  1.59142227
3    1.23075557  1.66327150  2.01406876  0.00000000  0.49947562
4    0.95198527  1.32868298  1.59142227  0.49947562  0.00000000

--------------------------------------------------------------------------------
n=4
(result of R-step: (0,2:1)0.61203988)
V=[0, 2, 3, 4]
total successes of this branch: 1
Matrix on 4 elements:

0    0.00000000  0.46378710  1.02600145  0.74723115
2    0.46378710  0.00000000  1.44826085  1.02561436
3    1.02600145  1.44826085  0.00000000  0.49947562
4    0.74723115  1.02561436  0.49947562  0.00000000

--------------------------------------------------------------------------------
n=4
(result of R-step: (1,3:2)0.90558166)
V=[0, 1, 3, 4]
total successes of this branch: 0
Matrix on 4 elements:

0    0.00000000  0.40260520  0.34740540  0.95198527
1    0.40260520  0.00000000  0.32439126  0.87315291
3    0.34740540  0.32439126  0.00000000 -0.38387456
4    0.95198527  0.87315291 -0.38387456  0.00000000
reason of abort: no pseudometric

--------------------------------------------------------------------------------
n=4
(result of R-step: (1,4:2)0.97979033)
V=[0, 1, 3, 4]
total successes of this branch: 0
reason of abort: negative delta/dxy
