n=6
V=[0, 1, 2, 3, 4, 5]
total successes of this branch: 1
Matrix on 6 elements:

0    0.00000000  1.58727214  1.14201397  1.71603703  1.33339943  1.65474059
1    1.58727214  0.00000000  1.46819329  1.51933189  0.55791292  1.24439536
2    1.14201397  1.46819329  0.00000000  1.74931023  1.12449263  1.64512531
3    1.71603703  1.51933189  1.74931023  0.00000000  1.33769328  0.55126687
4    1.33339943  0.55791292  1.12449263  1.33769328  0.00000000  1.09313013
5    1.65474059  1.24439536  1.64512531  0.55126687  1.09313013  0.00000000

--------------------------------------------------------------------------------
n=5
(result of R-step: (1,3:5)0.28150899)
V=[0, 1, 2, 3, 4]
total successes of this branch: 1
Matrix on 5 elements:

0    0.00000000  1.27144381  1.14201397  1.61261942  1.33339943
1    1.27144381  0.00000000  1.15236496  1.10008595  0.24208460
2    1.14201397  1.15236496  0.00000000  1.64589261  1.12449263
3    1.61261942  1.10008595  1.64589261  0.00000000  1.23427567
4    1.33339943  0.24208460  1.12449263  1.23427567  0.00000000

--------------------------------------------------------------------------------
n=4
(result of R-step: (2,3:0)0.44571878)
V=[1, 2, 3, 4]
total successes of this branch: 1
Matrix on 4 elements:

1    0.00000000  1.06074836  0.44071123  0.24208460
2    1.06074836  0.00000000  0.89490129  1.03287602
3    0.44071123  0.89490129  0.00000000  0.57490095
4    0.24208460  1.03287602  0.57490095  0.00000000

--------------------------------------------------------------------------------
n=4
(result of R-step: (3,4:1)0.37091400)
V=[0, 2, 3, 4]
total successes of this branch: 0
reason of abort: negative delta/dxy
