n=6
V=[0, 1, 2, 3, 4, 5]
total successes of this branch: 2
Matrix on 6 elements:

0    0.00000000  1.60641055  1.08200544  1.02845599  0.82489358  1.61146429
1    1.60641055  0.00000000  1.53396073  1.35010908  0.95567397  0.42331105
2    1.08200544  1.53396073  0.00000000  0.80335056  1.15977713  1.53357730
3    1.02845599  1.35010908  0.80335056  0.00000000  1.03193108  1.32981977
4    0.82489358  0.95567397  1.15977713  1.03193108  0.00000000  0.98402891
5    1.61146429  0.42331105  1.53357730  1.32981977  0.98402891  0.00000000

--------------------------------------------------------------------------------
n=5
(result of R-step: (1,3:5)0.96438278)
V=[0, 1, 2, 3, 4]
total successes of this branch: 2
Matrix on 5 elements:

0    0.00000000  1.42516248  1.08200544  0.99814837  0.82489358
1    1.42516248  0.00000000  1.35271266  1.13855338  0.77442590
2    1.08200544  1.35271266  0.00000000  0.77304294  1.15977713
3    0.99814837  1.13855338  0.77304294  0.00000000  1.00162346
4    0.82489358  0.77442590  1.15977713  1.00162346  0.00000000

--------------------------------------------------------------------------------
n=4
(result of R-step: (0,3:2)0.12087394)
V=[0, 1, 3, 4]
total successes of this branch: 1
Matrix on 4 elements:

0    0.00000000  1.32178416  0.62582279  0.72151527
1    1.32178416  0.00000000  0.86960611  0.77442590
3    0.62582279  0.86960611  0.00000000  0.73267619
4    0.72151527  0.77442590  0.73267619  0.00000000

--------------------------------------------------------------------------------
n=4
(result of R-step: (1,2:3)0.10198456)
V=[0, 1, 2, 4]
total successes of this branch: 1
Matrix on 4 elements:

0    0.00000000  1.21606060  0.66222373  0.82489358
1    1.21606060  0.00000000  0.72382907  0.56532402
2    0.66222373  0.72382907  0.00000000  0.73999542
4    0.82489358  0.56532402  0.73999542  0.00000000

--------------------------------------------------------------------------------
n=4
(result of R-step: (2,4:3)0.59429518)
V=[0, 1, 2, 4]
total successes of this branch: 0
Matrix on 4 elements:

0    0.00000000  1.42516248  0.84469802  0.46512579
1    1.42516248  0.00000000  1.11540523  0.41465811
2    0.84469802  1.11540523  0.00000000  0.56270192
4    0.46512579  0.41465811  0.56270192  0.00000000
reason of abort: no pseudometric
