n=6
V=[0, 1, 2, 3, 4, 5]
total successes of this branch: 1
Matrix on 6 elements:

0    0.00000000  3.05459811  2.02560811  1.32580052  1.67610918  0.48192765
1    3.05459811  0.00000000  1.70569456  2.13114023  2.35581137  2.68473224
2    2.02560811  1.70569456  0.00000000  1.23044315  1.51746375  1.65952154
3    1.32580052  2.13114023  1.23044315  0.00000000  0.62215099  0.94709107
4    1.67610918  2.35581137  1.51746375  0.62215099  0.00000000  1.30239901
5    0.48192765  2.68473224  1.65952154  0.94709107  1.30239901  0.00000000

--------------------------------------------------------------------------------
n=5
(result of R-step: (0,3:5)0.97054170)
V=[0, 1, 2, 3, 4]
total successes of this branch: 1
Matrix on 5 elements:

0    0.00000000  2.64990958  1.62091958  0.87004430  1.27142066
1    2.64990958  0.00000000  1.70569456  2.08007252  2.35581137
2    1.62091958  1.70569456  0.00000000  1.17937544  1.51746375
3    0.87004430  2.08007252  1.17937544  0.00000000  0.57108328
4    1.27142066  2.35581137  1.51746375  0.57108328  0.00000000

--------------------------------------------------------------------------------
n=4
(result of R-step: (0,1:2)0.49626468)
V=[0, 1, 3, 4]
total successes of this branch: 1
Matrix on 4 elements:

0    0.00000000  1.37350939  0.27936218  0.68073855
1    1.37350939  0.00000000  1.39435445  1.67009330
3    0.27936218  1.39435445  0.00000000  0.57108328
4    0.68073855  1.67009330  0.57108328  0.00000000

--------------------------------------------------------------------------------
n=4
(result of R-step: (2,3:1)0.02487301)
V=[0, 2, 3, 4]
total successes of this branch: 0
reason of abort: negative delta/dxy

--------------------------------------------------------------------------------
n=4
(result of R-step: (2,4:1)0.50426480)
V=[0, 2, 3, 4]
total successes of this branch: 0
reason of abort: negative delta/dxy
