n=6
V=[0, 1, 2, 3, 4, 5]
total successes of this branch: 1
Matrix on 6 elements:

0    0.00000000  1.62891942  1.38690422  1.16896001  0.43782930  1.30619073
1    1.62891942  0.00000000  0.83154809  1.43066929  1.33199900  1.12852811
2    1.38690422  0.83154809  0.00000000  1.16264590  1.13712338  0.72943263
3    1.16896001  1.43066929  1.16264590  0.00000000  1.07150903  0.88350892
4    0.43782930  1.33199900  1.13712338  1.07150903  0.00000000  1.12682531
5    1.30619073  1.12852811  0.72943263  0.88350892  1.12682531  0.00000000

--------------------------------------------------------------------------------
n=5
(result of R-step: (0,1:4)0.81356467)
V=[0, 1, 2, 3, 5]
total successes of this branch: 1
Matrix on 5 elements:

0    0.00000000  1.04624296  1.21458602  0.99664181  1.13387253
1    1.04624296  0.00000000  0.42118984  1.02031104  0.71816985
2    1.21458602  0.42118984  0.00000000  1.16264590  0.72943263
3    0.99664181  1.02031104  1.16264590  0.00000000  0.88350892
5    1.13387253  0.71816985  0.72943263  0.88350892  0.00000000

--------------------------------------------------------------------------------
n=4
(result of R-step: (0,1:5)0.54468700)
V=[0, 1, 2, 3]
total successes of this branch: 0
Matrix on 4 elements:

0    0.00000000  0.03001672  0.49728020  0.27933599
1    0.03001672  0.00000000  0.12226941  0.72139061
2    0.49728020  0.12226941  0.00000000  1.16264590
3    0.27933599  0.72139061  1.16264590  0.00000000
reason of abort: no pseudometric

--------------------------------------------------------------------------------
n=4
(result of R-step: (0,2:5)0.72828739)
V=[0, 1, 2, 3]
total successes of this branch: 0
Matrix on 4 elements:

0    0.00000000  0.38572590  0.54835845  0.33612475
1    0.38572590  0.00000000  0.41547933  1.02031104
2    0.54835845  0.41547933  0.00000000  1.15693538
3    0.33612475  1.02031104  1.15693538  0.00000000
reason of abort: no pseudometric

--------------------------------------------------------------------------------
n=4
(result of R-step: (1,3:5)0.72111597)
V=[0, 1, 2, 3]
total successes of this branch: 0
Matrix on 4 elements:

0    0.00000000  0.81593405  1.21458602  0.91366145
1    0.81593405  0.00000000  0.19088093  0.70702177
2    1.21458602  0.19088093  0.00000000  1.07966554
3    0.91366145  0.70702177  1.07966554  0.00000000
reason of abort: no pseudometric

--------------------------------------------------------------------------------
n=4
(result of R-step: (1,5:2)0.88411529)
V=[0, 1, 3, 5]
total successes of this branch: 0
reason of abort: negative delta/dxy

--------------------------------------------------------------------------------
n=4
(result of R-step: (2,3:5)0.53774386)
V=[0, 1, 2, 3]
total successes of this branch: 1
Matrix on 4 elements:

0    0.00000000  1.04624296  1.05469590  0.73891601
1    1.04624296  0.00000000  0.26129972  0.76258524
2    1.05469590  0.26129972  0.00000000  0.74502997
3    0.73891601  0.76258524  0.74502997  0.00000000
