n=6
V=[0, 1, 2, 3, 4, 5]
total successes of this branch: 1
Matrix on 6 elements:

0    0.00000000  3.20126039  2.62519578  1.60119111  2.52858653  3.10301902
1    3.20126039  0.00000000  1.98233342  2.11504588  1.75682431  1.10972104
2    2.62519578  1.98233342  0.00000000  1.52495577  0.90817047  1.77212900
3    1.60119111  2.11504588  1.52495577  0.00000000  1.42950615  2.01321661
4    2.52858653  1.75682431  0.90817047  1.42950615  0.00000000  1.38171453
5    3.10301902  1.10972104  1.77212900  2.01321661  1.38171453  0.00000000

--------------------------------------------------------------------------------
n=5
(result of R-step: (0,2:3)0.96795460)
V=[0, 1, 2, 4, 5]
total successes of this branch: 1
Matrix on 5 elements:

0    0.00000000  1.87670490  0.81634396  1.20403104  1.77846353
1    1.87670490  0.00000000  1.49803710  1.75682431  1.10972104
2    0.81634396  1.49803710  0.00000000  0.42387414  1.28783268
4    1.20403104  1.75682431  0.42387414  0.00000000  1.38171453
5    1.77846353  1.10972104  1.28783268  1.38171453  0.00000000

--------------------------------------------------------------------------------
n=4
(result of R-step: (0,5:1)0.56127444)
V=[0, 2, 4, 5]
total successes of this branch: 0
reason of abort: negative delta/dxy

--------------------------------------------------------------------------------
n=4
(result of R-step: (1,4:5)0.72113053)
V=[0, 1, 2, 4]
total successes of this branch: 1
Matrix on 4 elements:

0    0.00000000  1.50891466  0.81634396  1.15836800
1    1.50891466  0.00000000  1.13024686  1.34337104
2    0.81634396  1.13024686  0.00000000  0.37821111
4    1.15836800  1.34337104  0.37821111  0.00000000
