n=6
V=[0, 1, 2, 3, 4, 5]
total successes of this branch: 2
Matrix on 6 elements:

0    0.00000000  2.41960160  2.16758060  0.75664604  2.24319482  1.71348272
1    2.41960160  0.00000000  2.09261465  2.03223074  2.10537529  0.78189600
2    2.16758060  2.09261465  0.00000000  1.84965002  0.71754437  1.49902168
3    0.75664604  2.03223074  1.84965002  0.00000000  1.91990029  1.30734333
4    2.24319482  2.10537529  0.71754437  1.91990029  0.00000000  1.51633804
5    1.71348272  0.78189600  1.49902168  1.30734333  1.51633804  0.00000000

--------------------------------------------------------------------------------
n=5
(result of R-step: (1,3:5)0.92075589)
V=[0, 1, 2, 3, 4]
total successes of this branch: 2
Matrix on 5 elements:

0    0.00000000  1.77057336  2.16758060  0.69043067  2.24319482
1    1.77057336  0.00000000  1.44358641  1.31698713  1.45634705
2    2.16758060  1.44358641  0.00000000  1.78343464  0.71754437
3    0.69043067  1.31698713  1.78343464  0.00000000  1.85368491
4    2.24319482  1.45634705  0.71754437  1.85368491  0.00000000

--------------------------------------------------------------------------------
n=4
(result of R-step: (0,1:3)0.91465967)
V=[0, 1, 2, 4]
total successes of this branch: 1
Matrix on 4 elements:

0    0.00000000  1.18308330  1.69653687  1.77215109
1    1.18308330  0.00000000  1.32714007  1.33990071
2    1.69653687  1.32714007  0.00000000  0.71754437
4    1.77215109  1.33990071  0.71754437  0.00000000

--------------------------------------------------------------------------------
n=4
(result of R-step: (0,2:1)0.46025554)
V=[0, 2, 3, 4]
total successes of this branch: 0
Matrix on 4 elements:

0    0.00000000  1.17566525  0.07770570  1.63046985
2    1.17566525  0.00000000  1.40424426  0.33835399
3    0.07770570  1.40424426  0.00000000  1.85368491
4    1.63046985  0.33835399  1.85368491  0.00000000
reason of abort: no pseudometric

--------------------------------------------------------------------------------
n=4
(result of R-step: (0,4:1)0.48319918)
V=[0, 2, 3, 4]
total successes of this branch: 0
Matrix on 4 elements:

0    0.00000000  1.56130605  0.08415612  1.30115122
2    1.56130605  0.00000000  1.78343464  0.38177533
3    0.08415612  1.78343464  0.00000000  1.51791587
4    1.30115122  0.38177533  1.51791587  0.00000000
reason of abort: no pseudometric

--------------------------------------------------------------------------------
n=4
(result of R-step: (2,3:1)0.56537173)
V=[0, 2, 3, 4]
total successes of this branch: 0
Matrix on 4 elements:

0    0.00000000  1.79309122  0.61717299  2.24319482
2    1.79309122  0.00000000  1.33568759  0.34305499
3    0.61717299  1.33568759  0.00000000  1.78042724
4    2.24319482  0.34305499  1.78042724  0.00000000
reason of abort: no pseudometric

--------------------------------------------------------------------------------
n=4
(result of R-step: (3,4:1)0.45774024)
V=[0, 2, 3, 4]
total successes of this branch: 1
Matrix on 4 elements:

0    0.00000000  2.16758060  0.60996231  1.90230680
2    2.16758060  0.00000000  1.70296629  0.37665636
3    0.60996231  1.70296629  0.00000000  1.43232854
4    1.90230680  0.37665636  1.43232854  0.00000000
