n=6
V=[0, 1, 2, 3, 4, 5]
total successes of this branch: 2
Matrix on 6 elements:

0    0.00000000  2.19583319  2.30314163  1.84296701  1.16658486  0.79977681
1    2.19583319  0.00000000  2.37143023  1.85997508  1.47697436  1.74767953
2    2.30314163  2.37143023  0.00000000  2.43361485  1.93971400  1.98492211
3    1.84296701  1.85997508  2.43361485  0.00000000  0.87100926  1.30228857
4    1.16658486  1.47697436  1.93971400  0.87100926  0.00000000  0.58647491
5    0.79977681  1.74767953  1.98492211  1.30228857  0.58647491  0.00000000

--------------------------------------------------------------------------------
n=5
(result of R-step: (0,4:5)0.63443234)
V=[0, 1, 2, 3, 4]
total successes of this branch: 2
Matrix on 5 elements:

0    0.00000000  1.75553940  1.86284784  1.40267322  0.68290941
1    1.75553940  0.00000000  2.37143023  1.85997508  1.43359270
2    1.86284784  2.37143023  0.00000000  2.43361485  1.89633233
3    1.40267322  1.85997508  2.43361485  0.00000000  0.82762760
4    0.68290941  1.43359270  1.89633233  0.82762760  0.00000000

--------------------------------------------------------------------------------
n=4
(result of R-step: (0,3:4)0.23781402)
V=[0, 1, 2, 3]
total successes of this branch: 1
Matrix on 4 elements:

0    0.00000000  1.72325018  1.83055861  0.78286443
1    1.72325018  0.00000000  2.37143023  1.27245551
2    1.83055861  2.37143023  0.00000000  1.84609528
3    0.78286443  1.27245551  1.84609528  0.00000000

--------------------------------------------------------------------------------
n=4
(result of R-step: (0,4:1)0.91573050)
V=[0, 2, 3, 4]
total successes of this branch: 0
reason of abort: negative delta/dxy

--------------------------------------------------------------------------------
n=4
(result of R-step: (1,2:4)0.91361826)
V=[0, 1, 2, 3]
total successes of this branch: 0
reason of abort: negative delta/dxy

--------------------------------------------------------------------------------
n=4
(result of R-step: (2,3:1)0.41591847)
V=[0, 2, 3, 4]
total successes of this branch: 1
Matrix on 4 elements:

0    0.00000000  0.91491003  0.81515365  0.68290941
2    0.91491003  0.00000000  0.89815747  0.94839453
3    0.81515365  0.89815747  0.00000000  0.24010803
4    0.68290941  0.94839453  0.24010803  0.00000000
