n=6
V=[0, 1, 2, 3, 4, 5]
total successes of this branch: 1
Matrix on 6 elements:

0    0.00000000  0.97016551  1.06564725  0.31001856  0.61401302  0.49148776
1    0.97016551  0.00000000  0.99096212  0.95385684  1.03749064  0.70355446
2    1.06564725  0.99096212  0.00000000  1.06916698  0.82417811  1.04681361
3    0.31001856  0.95385684  1.06916698  0.00000000  0.73902666  0.40089934
4    0.61401302  1.03749064  0.82417811  0.73902666  0.00000000  0.82065301
5    0.49148776  0.70355446  1.04681361  0.40089934  0.82065301  0.00000000

--------------------------------------------------------------------------------
n=5
(result of R-step: (0,2:4)0.51014818)
V=[0, 1, 2, 3, 5]
total successes of this branch: 1
Matrix on 5 elements:

0    0.00000000  0.93599318  0.80344450  0.27584623  0.45731543
1    0.93599318  0.00000000  0.76293170  0.95385684  0.70355446
2    0.80344450  0.76293170  0.00000000  0.84113655  0.81878319
3    0.27584623  0.95385684  0.84113655  0.00000000  0.40089934
5    0.45731543  0.70355446  0.81878319  0.40089934  0.00000000

--------------------------------------------------------------------------------
n=4
(result of R-step: (0,1:2)0.52793891)
V=[0, 1, 3, 5]
total successes of this branch: 1
Matrix on 4 elements:

0    0.00000000  0.80083016  0.16563401  0.34710320
1    0.80083016  0.00000000  0.92890605  0.67860367
3    0.16563401  0.92890605  0.00000000  0.40089934
5    0.34710320  0.67860367  0.40089934  0.00000000

--------------------------------------------------------------------------------
n=4
(result of R-step: (0,5:3)0.91997498)
V=[0, 1, 2, 5]
total successes of this branch: 0
reason of abort: negative delta/dxy

--------------------------------------------------------------------------------
n=4
(result of R-step: (1,3:2)0.30690050)
V=[0, 1, 3, 5]
total successes of this branch: 0
reason of abort: negative delta/dxy
