n=6
V=[0, 1, 2, 3, 4, 5]
total successes of this branch: 1
Matrix on 6 elements:

0    0.00000000  1.42107442  1.35119926  1.70958914  1.26817143  1.45678686
1    1.42107442  0.00000000  1.38355531  1.34090335  0.41677983  0.74717150
2    1.35119926  1.38355531  0.00000000  1.60156242  1.21567936  1.38798363
3    1.70958914  1.34090335  1.60156242  0.00000000  1.09468101  0.92019739
4    1.26817143  0.41677983  1.21567936  1.09468101  0.00000000  0.44399959
5    1.45678686  0.74717150  1.38798363  0.92019739  0.44399959  0.00000000

--------------------------------------------------------------------------------
n=5
(result of R-step: (3,4:5)0.29371149)
V=[0, 1, 2, 3, 4]
total successes of this branch: 1
Matrix on 5 elements:

0    0.00000000  1.42107442  1.35119926  1.55966177  1.22320877
1    1.42107442  0.00000000  1.38355531  1.19097598  0.37181716
2    1.35119926  1.38355531  0.00000000  1.45163505  1.17071670
3    1.55966177  1.19097598  1.45163505  0.00000000  0.89979098
4    1.22320877  0.37181716  1.17071670  0.89979098  0.00000000

--------------------------------------------------------------------------------
n=4
(result of R-step: (0,4:1)0.16342994)
V=[0, 2, 3, 4]
total successes of this branch: 0
reason of abort: negative delta/dxy

--------------------------------------------------------------------------------
n=4
(result of R-step: (1,3:4)0.78764055)
V=[0, 1, 2, 3]
total successes of this branch: 1
Matrix on 4 elements:

0    0.00000000  1.20130530  1.35119926  1.11460036
1    1.20130530  0.00000000  1.16378619  0.52614545
2    1.35119926  1.16378619  0.00000000  1.00657365
3    1.11460036  0.52614545  1.00657365  0.00000000

--------------------------------------------------------------------------------
n=4
(result of R-step: (2,4:1)0.22016883)
V=[0, 2, 3, 4]
total successes of this branch: 0
reason of abort: negative delta/dxy
