n=6
V=[0, 1, 2, 3, 4, 5]
total successes of this branch: 2
Matrix on 6 elements:

0    0.00000000  1.00170678  1.34934586  2.14964564  1.49504748  0.53041080
1    1.00170678  0.00000000  1.30882564  2.05118644  1.39536992  0.54748121
2    1.34934586  1.30882564  0.00000000  2.09873284  1.44713316  1.15267311
3    2.14964564  2.05118644  2.09873284  0.00000000  0.90095102  1.91554649
4    1.49504748  1.39536992  1.44713316  0.90095102  0.00000000  1.26016132
5    0.53041080  0.54748121  1.15267311  1.91554649  1.26016132  0.00000000

--------------------------------------------------------------------------------
n=5
(result of R-step: (0,1:5)0.35403778)
V=[0, 1, 2, 3, 4]
total successes of this branch: 2
Matrix on 5 elements:

0    0.00000000  0.64442631  1.27330273  2.07360250  1.41900434
1    0.64442631  0.00000000  1.02758831  1.76994910  1.11413258
2    1.27330273  1.02758831  0.00000000  2.09873284  1.44713316
3    2.07360250  1.76994910  2.09873284  0.00000000  0.90095102
4    1.41900434  1.11413258  1.44713316  0.90095102  0.00000000

--------------------------------------------------------------------------------
n=4
(result of R-step: (0,3:2)0.78398738)
V=[0, 1, 3, 4]
total successes of this branch: 1
Matrix on 4 elements:

0    0.00000000  0.20733793  0.86568003  0.98191597
1    0.20733793  0.00000000  0.99911501  1.11413258
3    0.86568003  0.99911501  0.00000000  0.13011693
4    0.98191597  1.11413258  0.13011693  0.00000000

--------------------------------------------------------------------------------
n=4
(result of R-step: (0,3:4)0.01405178)
V=[0, 1, 2, 3]
total successes of this branch: 0
Matrix on 4 elements:

0    0.00000000  0.12703370  0.75591012  0.78952960
1    0.12703370  0.00000000  1.02758831  1.00326881
2    0.75591012  1.02758831  0.00000000  1.33205255
3    0.78952960  1.00326881  1.33205255  0.00000000
reason of abort: no pseudometric

--------------------------------------------------------------------------------
n=4
(result of R-step: (0,4:2)0.78200142)
V=[0, 1, 3, 4]
total successes of this branch: 0
Matrix on 4 elements:

0    0.00000000  0.20760159  1.63677779  0.85212593
1    0.20760159  0.00000000  1.76994910  0.98407888
3    1.63677779  1.76994910  0.00000000  0.77089732
4    0.85212593  0.98407888  0.77089732  0.00000000
reason of abort: no pseudometric

--------------------------------------------------------------------------------
n=4
(result of R-step: (1,3:2)0.81984690)
V=[0, 1, 3, 4]
total successes of this branch: 0
Matrix on 4 elements:

0    0.00000000  0.43870461  1.30692221  1.41900434
1    0.43870461  0.00000000  0.79754711  0.90841088
3    1.30692221  0.79754711  0.00000000  0.13427073
4    1.41900434  0.90841088  0.13427073  0.00000000
reason of abort: no pseudometric

--------------------------------------------------------------------------------
n=4
(result of R-step: (1,3:4)0.00837487)
V=[0, 1, 2, 3]
total successes of this branch: 1
Matrix on 4 elements:

0    0.00000000  0.54677928  1.27330273  1.30276841
1    0.54677928  0.00000000  0.92994128  0.90146799
2    1.27330273  0.92994128  0.00000000  1.32789875
3    1.30276841  0.90146799  1.32789875  0.00000000

--------------------------------------------------------------------------------
n=4
(result of R-step: (1,4:2)0.81741480)
V=[0, 1, 3, 4]
total successes of this branch: 0
Matrix on 4 elements:

0    0.00000000  0.43846340  2.07360250  1.28488951
1    0.43846340  0.00000000  1.56398620  0.77405484
3    2.07360250  1.56398620  0.00000000  0.76683619
4    1.28488951  0.77405484  0.76683619  0.00000000
reason of abort: no pseudometric
