n=6
V=[0, 1, 2, 3, 4, 5]
total successes of this branch: 2
Matrix on 6 elements:

0    0.00000000  1.85810314  0.88005072  1.09087453  0.33135004  1.28024086
1    1.85810314  0.00000000  1.71125377  1.16511138  1.89331045  1.25922542
2    0.88005072  1.71125377  0.00000000  0.91454054  0.91157124  1.43751773
3    1.09087453  1.16511138  0.91454054  0.00000000  1.12521792  1.15210564
4    0.33135004  1.89331045  0.91157124  1.12521792  0.00000000  1.36787151
5    1.28024086  1.25922542  1.43751773  1.15210564  1.36787151  0.00000000

--------------------------------------------------------------------------------
n=5
(result of R-step: (0,1:5)0.34444114)
V=[0, 1, 2, 3, 4]
total successes of this branch: 2
Matrix on 5 elements:

0    0.00000000  1.32343122  0.80807850  1.01890231  0.25937782
1    1.32343122  0.00000000  1.24855406  0.70241168  1.43061074
2    0.80807850  1.24855406  0.00000000  0.91454054  0.91157124
3    1.01890231  0.70241168  0.91454054  0.00000000  1.12521792
4    0.25937782  1.43061074  0.91157124  1.12521792  0.00000000

--------------------------------------------------------------------------------
n=4
(result of R-step: (0,3:1)0.03768966)
V=[0, 2, 3, 4]
total successes of this branch: 1
Matrix on 4 elements:

0    0.00000000  0.74300817  0.78445649  0.19430748
2    0.74300817  0.00000000  0.74516506  0.91157124
3    0.78445649  0.74516506  0.00000000  0.95584244
4    0.19430748  0.91157124  0.95584244  0.00000000

--------------------------------------------------------------------------------
n=4
(result of R-step: (1,4:0)0.00371534)
V=[1, 2, 3, 4]
total successes of this branch: 1
Matrix on 4 elements:

1    0.00000000  0.86091357  0.31477119  0.86289755
2    0.86091357  0.00000000  0.91454054  0.73149853
3    0.31477119  0.91454054  0.00000000  0.94514522
4    0.86289755  0.73149853  0.94514522  0.00000000

--------------------------------------------------------------------------------
n=4
(result of R-step: (3,4:0)0.00504232)
V=[1, 2, 3, 4]
total successes of this branch: 0
Matrix on 4 elements:

1    0.00000000  1.24855406  0.41823678  1.25109968
2    1.24855406  0.00000000  0.63036565  0.73206018
3    0.41823678  0.63036565  0.00000000  0.66153197
4    1.25109968  0.73206018  0.66153197  0.00000000
reason of abort: no pseudometric

--------------------------------------------------------------------------------
n=4
(result of R-step: (3,4:1)0.96102782)
V=[0, 2, 3, 4]
total successes of this branch: 0
Matrix on 4 elements:

0    0.00000000  0.80807850  0.85010894  0.06544749
2    0.80807850  0.00000000  0.74574718  0.71764091
3    0.85010894  0.74574718  0.00000000  0.76249423
4    0.06544749  0.71764091  0.76249423  0.00000000
reason of abort: no pseudometric
