n=6
V=[0, 1, 2, 3, 4, 5]
total successes of this branch: 2
Matrix on 6 elements:

0    0.00000000  1.30076832  1.41907069  1.58403870  0.92854494  1.51236910
1    1.30076832  0.00000000  1.23192821  1.59920461  1.06565185  1.31902108
2    1.41907069  1.23192821  0.00000000  1.60497465  1.09645547  0.27174462
3    1.58403870  1.59920461  1.60497465  0.00000000  1.21081827  1.69895380
4    0.92854494  1.06565185  1.09645547  1.21081827  0.00000000  1.19028318
5    1.51236910  1.31902108  0.27174462  1.69895380  1.19028318  0.00000000

--------------------------------------------------------------------------------
n=5
(result of R-step: (1,2:5)0.00604927)
V=[0, 1, 2, 3, 4]
total successes of this branch: 2
Matrix on 5 elements:

0    0.00000000  1.25687194  1.33341338  1.58403870  0.92854494
1    1.25687194  0.00000000  1.10237452  1.55530823  1.02175547
2    1.33341338  1.10237452  0.00000000  1.51931734  1.01079815
3    1.58403870  1.55530823  1.51931734  0.00000000  1.21081827
4    0.92854494  1.02175547  1.01079815  1.21081827  0.00000000

--------------------------------------------------------------------------------
n=4
(result of R-step: (0,2:1)0.17032586)
V=[0, 2, 3, 4]
total successes of this branch: 1
Matrix on 4 elements:

0    0.00000000  0.45226462  1.21531556  0.55982180
2    0.45226462  0.00000000  1.00689172  0.49837253
3    1.21531556  1.00689172  0.00000000  1.21081827
4    0.55982180  0.49837253  1.21081827  0.00000000

--------------------------------------------------------------------------------
n=4
(result of R-step: (1,4:0)0.20008892)
V=[1, 2, 3, 4]
total successes of this branch: 1
Matrix on 4 elements:

1    0.00000000  0.76435828  1.21729199  0.42132808
2    0.76435828  0.00000000  1.51931734  0.74838700
3    1.21729199  1.51931734  0.00000000  0.94840711
4    0.42132808  0.74838700  0.94840711  0.00000000

--------------------------------------------------------------------------------
n=4
(result of R-step: (2,3:0)0.06390705)
V=[1, 2, 3, 4]
total successes of this branch: 0
reason of abort: negative delta/dxy

--------------------------------------------------------------------------------
n=4
(result of R-step: (2,4:0)0.60603805)
V=[1, 2, 3, 4]
total successes of this branch: 0
Matrix on 4 elements:

1    0.00000000  0.48447675  1.55530823  0.85713990
2    0.48447675  0.00000000  0.90141958  0.22828482
3    1.55530823  0.90141958  0.00000000  1.04620270
4    0.85713990  0.22828482  1.04620270  0.00000000
reason of abort: no pseudometric
