n=6
V=[0, 1, 2, 3, 4, 5]
total successes of this branch: 1
Matrix on 6 elements:

0    0.00000000  1.43736853  1.16328667  2.24885870  0.76720771  1.24367242
1    1.43736853  0.00000000  1.09400776  1.86812346  1.03305579  0.90777726
2    1.16328667  1.09400776  0.00000000  2.29794652  1.15800491  0.58530624
3    2.24885870  1.86812346  2.29794652  0.00000000  1.65633346  2.23955499
4    0.76720771  1.03305579  1.15800491  1.65633346  0.00000000  1.15972033
5    1.24367242  0.90777726  0.58530624  2.23955499  1.15972033  0.00000000

--------------------------------------------------------------------------------
n=5
(result of R-step: (0,3:4)0.43311806)
V=[0, 1, 2, 3, 5]
total successes of this branch: 1
Matrix on 5 elements:

0    0.00000000  1.27474514  1.00066328  0.91243528  1.08104902
1    1.27474514  0.00000000  1.09400776  0.69432343  0.90777726
2    1.00066328  1.09400776  0.00000000  1.12414649  0.58530624
3    0.91243528  0.69432343  1.12414649  0.00000000  1.06575496
5    1.08104902  0.90777726  0.58530624  1.06575496  0.00000000

--------------------------------------------------------------------------------
n=4
(result of R-step: (0,1:3)0.47948681)
V=[0, 1, 2, 5]
total successes of this branch: 1
Matrix on 4 elements:

0    0.00000000  1.08540249  0.81920109  0.89958684
1    1.08540249  0.00000000  1.08612730  0.89989679
2    0.81920109  1.08612730  0.00000000  0.58530624
5    0.89958684  0.89989679  0.58530624  0.00000000

--------------------------------------------------------------------------------
n=4
(result of R-step: (2,3:1)0.91490919)
V=[0, 2, 3, 5]
total successes of this branch: 0
reason of abort: negative delta/dxy

--------------------------------------------------------------------------------
n=4
(result of R-step: (3,5:1)0.44526628)
V=[0, 2, 3, 5]
total successes of this branch: 0
reason of abort: negative delta/dxy
