n=6
V=[0, 1, 2, 3, 4, 5]
total successes of this branch: 1
Matrix on 6 elements:

0    0.00000000  1.47457566  1.35180427  1.33036204  1.31060173  0.43539181
1    1.47457566  0.00000000  0.93664515  0.66546187  0.74463414  1.48561860
2    1.35180427  0.93664515  0.00000000  0.79014423  0.57428688  1.45236841
3    1.33036204  0.66546187  0.79014423  0.00000000  0.57143403  1.40577759
4    1.31060173  0.74463414  0.57428688  0.57143403  0.00000000  1.39597966
5    0.43539181  1.48561860  1.45236841  1.40577759  1.39597966  0.00000000

--------------------------------------------------------------------------------
n=5
(result of R-step: (0,1:5)0.89930138)
V=[0, 1, 2, 3, 4]
total successes of this branch: 1
Matrix on 5 elements:

0    0.00000000  1.30900895  1.27144523  1.25000299  1.23024268
1    1.30900895  0.00000000  0.85143749  0.58025420  0.65942647
2    1.27144523  0.85143749  0.00000000  0.79014423  0.57428688
3    1.25000299  0.58025420  0.79014423  0.00000000  0.57143403
4    1.23024268  0.65942647  0.57428688  0.57143403  0.00000000

--------------------------------------------------------------------------------
n=4
(result of R-step: (0,3:1)0.15041146)
V=[0, 2, 3, 4]
total successes of this branch: 1
Matrix on 4 elements:

0    0.00000000  0.41339671  0.15458112  0.37219416
2    0.41339671  0.00000000  0.55277088  0.57428688
3    0.15458112  0.55277088  0.00000000  0.33406068
4    0.37219416  0.57428688  0.33406068  0.00000000

--------------------------------------------------------------------------------
n=4
(result of R-step: (0,4:2)0.92109086)
V=[0, 1, 3, 4]
total successes of this branch: 0
reason of abort: negative delta/dxy
