n=6
V=[0, 1, 2, 3, 4, 5]
total successes of this branch: 2
Matrix on 6 elements:

0    0.00000000  1.01704592  1.07714227  0.89646282  0.54914672  0.92861161
1    1.01704592  0.00000000  0.92121245  0.70695901  0.98877128  0.46621595
2    1.07714227  0.92121245  0.00000000  0.86833945  0.97658826  0.49324467
3    0.89646282  0.70695901  0.86833945  0.00000000  0.87665005  0.67320044
4    0.54914672  0.98877128  0.97658826  0.87665005  0.00000000  0.86131871
5    0.92861161  0.46621595  0.49324467  0.67320044  0.86131871  0.00000000

--------------------------------------------------------------------------------
n=5
(result of R-step: (1,2:5)0.46017441)
V=[0, 1, 2, 3, 4]
total successes of this branch: 2
Matrix on 5 elements:

0    0.00000000  0.91947666  0.90097228  0.89646282  0.54914672
1    0.91947666  0.00000000  0.64747321  0.60938975  0.89120202
2    0.90097228  0.64747321  0.00000000  0.69216946  0.80041827
3    0.89646282  0.60938975  0.69216946  0.00000000  0.87665005
4    0.54914672  0.89120202  0.80041827  0.87665005  0.00000000

--------------------------------------------------------------------------------
n=4
(result of R-step: (0,1:2)0.27587924)
V=[0, 1, 3, 4]
total successes of this branch: 0
Matrix on 4 elements:

0    0.00000000  0.23031930  0.47675394  0.12943783
1    0.23031930  0.00000000  0.33994127  0.62175354
3    0.47675394  0.33994127  0.00000000  0.87665005
4    0.12943783  0.62175354  0.87665005  0.00000000
reason of abort: no pseudometric

--------------------------------------------------------------------------------
n=4
(result of R-step: (0,2:4)0.87502796)
V=[0, 1, 2, 3]
total successes of this branch: 1
Matrix on 4 elements:

0    0.00000000  0.67329471  0.62948808  0.65028087
1    0.67329471  0.00000000  0.62217096  0.60938975
2    0.62948808  0.62217096  0.00000000  0.66686721
3    0.65028087  0.60938975  0.66686721  0.00000000

--------------------------------------------------------------------------------
n=4
(result of R-step: (0,3:2)0.17929264)
V=[0, 1, 3, 4]
total successes of this branch: 0
Matrix on 4 elements:

0    0.00000000  0.40983084  0.05237799  0.03950090
1    0.40983084  0.00000000  0.27495074  0.89120202
3    0.05237799  0.27495074  0.00000000  0.54221104
4    0.03950090  0.89120202  0.54221104  0.00000000
reason of abort: no pseudometric

--------------------------------------------------------------------------------
n=4
(result of R-step: (1,4:2)0.84114549)
V=[0, 1, 3, 4]
total successes of this branch: 1
Matrix on 4 elements:

0    0.00000000  0.64272457  0.89646282  0.51621246
1    0.64272457  0.00000000  0.33263766  0.58151568
3    0.89646282  0.33263766  0.00000000  0.84371580
4    0.51621246  0.58151568  0.84371580  0.00000000

--------------------------------------------------------------------------------
n=4
(result of R-step: (3,4:2)0.94663411)
V=[0, 1, 3, 4]
total successes of this branch: 0
reason of abort: negative delta/dxy
