n=6
V=[0, 1, 2, 3, 4, 5]
total successes of this branch: 2
Matrix on 6 elements:

0    0.00000000  1.42066363  1.47926080  1.33874133  0.76057547  0.94836585
1    1.42066363  0.00000000  1.11778029  0.61957752  1.48615483  0.68023476
2    1.47926080  1.11778029  0.00000000  0.92794085  1.42499333  1.31147520
3    1.33874133  0.61957752  0.92794085  0.00000000  1.37636776  0.96572948
4    0.76057547  1.48615483  1.42499333  1.37636776  0.00000000  1.21650703
5    0.94836585  0.68023476  1.31147520  0.96572948  1.21650703  0.00000000

--------------------------------------------------------------------------------
n=5
(result of R-step: (0,1:5)0.42623476)
V=[0, 1, 2, 3, 4]
total successes of this branch: 2
Matrix on 5 elements:

0    0.00000000  1.28027330  1.36943975  1.22892028  0.65075442
1    1.28027330  0.00000000  1.08721101  0.58900823  1.45558555
2    1.36943975  1.08721101  0.00000000  0.92794085  1.42499333
3    1.22892028  0.58900823  0.92794085  0.00000000  1.37636776
4    0.65075442  1.45558555  1.42499333  1.37636776  0.00000000

--------------------------------------------------------------------------------
n=4
(result of R-step: (0,3:1)0.06859012)
V=[0, 2, 3, 4]
total successes of this branch: 1
Matrix on 4 elements:

0    0.00000000  1.32091150  0.97869310  0.60222617
2    1.32091150  0.00000000  0.72624192  1.42499333
3    0.97869310  0.72624192  0.00000000  1.17466883
4    0.60222617  1.42499333  1.17466883  0.00000000

--------------------------------------------------------------------------------
n=4
(result of R-step: (1,2:3)0.76732569)
V=[0, 1, 2, 4]
total successes of this branch: 1
Matrix on 4 elements:

0    0.00000000  1.01432239  1.01315702  0.65075442
1    1.01432239  0.00000000  0.46497737  1.18963464
2    1.01315702  0.46497737  0.00000000  1.06871060
4    0.65075442  1.18963464  1.06871060  0.00000000

--------------------------------------------------------------------------------
n=4
(result of R-step: (3,4:1)0.89963235)
V=[0, 2, 3, 4]
total successes of this branch: 0
Matrix on 4 elements:

0    0.00000000  1.36943975  1.03912982  0.11283998
2    1.36943975  0.00000000  0.73815040  0.88707889
3    1.03912982  0.73815040  0.00000000  0.64866287
4    0.11283998  0.88707889  0.64866287  0.00000000
reason of abort: no pseudometric
