n=6
V=[0, 1, 2, 3, 4, 5]
total successes of this branch: 2
Matrix on 6 elements:

0    0.00000000  0.93883545  1.13847923  0.51151056  0.80612496  0.55935846
1    0.93883545  0.00000000  1.18457660  0.82280038  1.17388264  0.65102569
2    1.13847923  1.18457660  0.00000000  1.01319607  1.37712147  1.01098355
3    0.51151056  0.82280038  1.01319607  0.00000000  0.75272437  0.48297050
4    0.80612496  1.17388264  1.37712147  0.75272437  0.00000000  0.74246029
5    0.55935846  0.65102569  1.01098355  0.48297050  0.74246029  0.00000000

--------------------------------------------------------------------------------
n=5
(result of R-step: (0,2:3)0.80742980)
V=[0, 1, 2, 4, 5]
total successes of this branch: 2
Matrix on 5 elements:

0    0.00000000  0.65668654  0.18823239  0.52397604  0.27720955
1    0.65668654  0.00000000  0.51647867  1.17388264  0.65102569
2    0.18823239  0.51647867  0.00000000  0.70902354  0.34288562
4    0.52397604  1.17388264  0.70902354  0.00000000  0.74246029
5    0.27720955  0.65102569  0.34288562  0.74246029  0.00000000

--------------------------------------------------------------------------------
n=4
(result of R-step: (0,1:5)0.80155770)
V=[0, 1, 2, 4]
total successes of this branch: 0
Matrix on 4 elements:

0    0.00000000  0.53235863  0.15243966  0.48818332
1    0.53235863  0.00000000  0.42794348  1.08534745
2    0.15243966  0.42794348  0.00000000  0.70902354
4    0.48818332  1.08534745  0.70902354  0.00000000
reason of abort: no pseudometric

--------------------------------------------------------------------------------
n=4
(result of R-step: (0,2:5)0.31086427)
V=[0, 1, 2, 4]
total successes of this branch: 0
reason of abort: negative delta/dxy

--------------------------------------------------------------------------------
n=4
(result of R-step: (1,4:0)0.54930533)
V=[1, 2, 4, 5]
total successes of this branch: 0
Matrix on 4 elements:

1    0.00000000  0.02253742  0.35357710  0.15708444
2    0.02253742  0.00000000  0.38265926  0.34288562
4    0.35357710  0.38265926  0.00000000  0.41609601
5    0.15708444  0.34288562  0.41609601  0.00000000
reason of abort: no pseudometric

--------------------------------------------------------------------------------
n=4
(result of R-step: (1,4:5)0.36700831)
V=[0, 1, 2, 4]
total successes of this branch: 1
Matrix on 4 elements:

0    0.00000000  0.37952648  0.18823239  0.04442160
1    0.37952648  0.00000000  0.23931861  0.41716813
2    0.18823239  0.23931861  0.00000000  0.22946910
4    0.04442160  0.41716813  0.22946910  0.00000000

--------------------------------------------------------------------------------
n=4
(result of R-step: (2,4:0)0.20147188)
V=[1, 2, 4, 5]
total successes of this branch: 1
Matrix on 4 elements:

1    0.00000000  0.49959087  0.69432819  0.65102569
2    0.49959087  0.00000000  0.21258129  0.32599782
4    0.69432819  0.21258129  0.00000000  0.26290585
5    0.65102569  0.32599782  0.26290585  0.00000000

--------------------------------------------------------------------------------
n=4
(result of R-step: (2,4:5)0.85832924)
V=[0, 1, 2, 4]
total successes of this branch: 0
Matrix on 4 elements:

0    0.00000000  0.65668654  0.07112953  0.19761176
1    0.65668654  0.00000000  0.39937581  0.84751835
2    0.07112953  0.39937581  0.00000000  0.26555640
4    0.19761176  0.84751835  0.26555640  0.00000000
reason of abort: no pseudometric
