n=6
V=[0, 1, 2, 3, 4, 5]
total successes of this branch: 2
Matrix on 6 elements:

0    0.00000000  1.94306494  1.17340468  0.71747130  1.71764794  0.67438564
1    1.94306494  0.00000000  2.42376093  2.11367491  1.28970762  1.77354026
2    1.17340468  2.42376093  0.00000000  1.18843069  2.33552568  1.60528858
3    0.71747130  2.11367491  1.18843069  0.00000000  1.97166288  1.17985517
4    1.71764794  1.28970762  2.33552568  1.97166288  0.00000000  1.38297682
5    0.67438564  1.77354026  1.60528858  1.17985517  1.38297682  0.00000000

--------------------------------------------------------------------------------
n=5
(result of R-step: (0,4:5)0.66873271)
V=[0, 1, 2, 3, 4]
total successes of this branch: 2
Matrix on 5 elements:

0    0.00000000  1.89934506  1.12968480  0.67375142  1.39104739
1    1.89934506  0.00000000  2.42376093  2.11367491  1.00682695
2    1.12968480  2.42376093  0.00000000  1.18843069  2.05264502
3    0.67375142  2.11367491  1.18843069  0.00000000  1.68878221
4    1.39104739  1.00682695  2.05264502  1.68878221  0.00000000

--------------------------------------------------------------------------------
n=4
(result of R-step: (0,1:4)0.36871963)
V=[0, 1, 2, 3]
total successes of this branch: 1
Matrix on 4 elements:

0    0.00000000  1.62395792  1.01307480  0.55714143
1    1.62395792  0.00000000  2.26498379  1.95489776
2    1.01307480  2.26498379  0.00000000  1.18843069
3    0.55714143  1.95489776  1.18843069  0.00000000

--------------------------------------------------------------------------------
n=4
(result of R-step: (1,3:2)0.04826643)
V=[0, 1, 3, 4]
total successes of this branch: 1
Matrix on 4 elements:

0    0.00000000  1.74056791  0.31144792  1.39104739
1    1.74056791  0.00000000  1.59259427  0.84804981
3    0.31144792  1.59259427  0.00000000  1.32647872
4    1.39104739  0.84804981  1.32647872  0.00000000

--------------------------------------------------------------------------------
n=4
(result of R-step: (3,4:2)0.92004614)
V=[0, 1, 3, 4]
total successes of this branch: 0
Matrix on 4 elements:

0    0.00000000  1.89934506  0.31788707  0.76378143
1    1.89934506  0.00000000  1.75781057  0.37956099
3    0.31788707  1.75781057  0.00000000  0.70565190
4    0.76378143  0.37956099  0.70565190  0.00000000
reason of abort: no pseudometric
