n=6
V=[0, 1, 2, 3, 4, 5]
total successes of this branch: 2
Matrix on 6 elements:

0    0.00000000  1.82294856  0.93457935  0.94684653  1.15319226  1.23661503
1    1.82294856  0.00000000  1.52110756  1.41560484  1.75540602  1.82514932
2    0.93457935  1.52110756  0.00000000  0.81206609  0.41932034  0.42620906
3    0.94684653  1.41560484  0.81206609  0.00000000  1.04279204  1.11565095
4    1.15319226  1.75540602  0.41932034  1.04279204  0.00000000  0.70120844
5    1.23661503  1.82514932  0.42620906  1.11565095  0.70120844  0.00000000

--------------------------------------------------------------------------------
n=5
(result of R-step: (0,1:3)0.22775854)
V=[0, 1, 2, 4, 5]
total successes of this branch: 2
Matrix on 5 elements:

0    0.00000000  0.55116728  0.68311845  0.90173136  0.98515413
1    0.55116728  0.00000000  0.50078719  0.73508565  0.80482895
2    0.68311845  0.50078719  0.00000000  0.41932034  0.42620906
4    0.90173136  0.73508565  0.41932034  0.00000000  0.70120844
5    0.98515413  0.80482895  0.42620906  0.70120844  0.00000000

--------------------------------------------------------------------------------
n=4
(result of R-step: (0,2:4)0.08003091)
V=[0, 1, 2, 5]
total successes of this branch: 0
Matrix on 4 elements:

0    0.00000000  0.28241486  0.34132920  0.71640171
1    0.28241486  0.00000000  0.42775036  0.80482895
2    0.34132920  0.42775036  0.00000000  0.35317223
5    0.71640171  0.80482895  0.35317223  0.00000000
reason of abort: no pseudometric

--------------------------------------------------------------------------------
n=4
(result of R-step: (0,5:4)0.12310644)
V=[0, 1, 2, 5]
total successes of this branch: 1
Matrix on 4 elements:

0    0.00000000  0.24098056  0.37293174  0.32233309
1    0.24098056  0.00000000  0.50078719  0.45219462
2    0.37293174  0.50078719  0.00000000  0.07357473
5    0.32233309  0.45219462  0.07357473  0.00000000

--------------------------------------------------------------------------------
n=4
(result of R-step: (1,2:4)0.11043805)
V=[0, 1, 2, 5]
total successes of this branch: 0
Matrix on 4 elements:

0    0.00000000  0.29573410  0.60958279  0.98515413
1    0.29573410  0.00000000  0.17181835  0.54939577
2    0.60958279  0.17181835  0.00000000  0.35267340
5    0.98515413  0.54939577  0.35267340  0.00000000
reason of abort: no pseudometric

--------------------------------------------------------------------------------
n=4
(result of R-step: (1,4:0)0.90944669)
V=[1, 2, 4, 5]
total successes of this branch: 1
Matrix on 4 elements:

1    0.00000000  0.33865867  0.33275724  0.64270043
2    0.33865867  0.00000000  0.17912045  0.42620906
4    0.33275724  0.17912045  0.00000000  0.46100854
5    0.64270043  0.42620906  0.46100854  0.00000000

--------------------------------------------------------------------------------
n=4
(result of R-step: (1,5:4)0.15049022)
V=[0, 1, 2, 5]
total successes of this branch: 0
Matrix on 4 elements:

0    0.00000000  0.32029654  0.68311845  0.63306780
1    0.32029654  0.00000000  0.26991644  0.22187188
2    0.68311845  0.26991644  0.00000000  0.07412274
5    0.63306780  0.22187188  0.07412274  0.00000000
reason of abort: no pseudometric
