n=6
V=[0, 1, 2, 3, 4, 5]
total successes of this branch: 2
Matrix on 6 elements:

0    0.00000000  2.66961431  1.23606646  1.36683571  1.96452775  1.52845854
1    2.66961431  0.00000000  2.83293443  2.33169543  2.41341306  2.06694578
2    1.23606646  2.83293443  0.00000000  1.44007872  2.07287645  1.63071095
3    1.36683571  2.33169543  1.44007872  0.00000000  1.03721106  0.52601729
4    1.96452775  2.41341306  2.07287645  1.03721106  0.00000000  0.58695277
5    1.52845854  2.06694578  1.63071095  0.52601729  0.58695277  0.00000000

--------------------------------------------------------------------------------
n=5
(result of R-step: (3,4:5)0.17365575)
V=[0, 1, 2, 3, 4]
total successes of this branch: 2
Matrix on 5 elements:

0    0.00000000  2.66961431  1.23606646  1.36337931  1.51730999
1    2.66961431  0.00000000  2.83293443  2.32823903  1.96619530
2    1.23606646  2.83293443  0.00000000  1.43662233  1.62565870
3    1.36337931  2.32823903  1.43662233  0.00000000  0.58653691
4    1.51730999  1.96619530  1.62565870  0.58653691  0.00000000

--------------------------------------------------------------------------------
n=4
(result of R-step: (0,2:4)0.18488276)
V=[0, 1, 2, 3]
total successes of this branch: 0
reason of abort: negative delta/dxy

--------------------------------------------------------------------------------
n=4
(result of R-step: (0,3:2)0.90673292)
V=[0, 1, 3, 4]
total successes of this branch: 1
Matrix on 4 elements:

0    0.00000000  2.16574551  0.83140720  1.01344119
1    2.16574551  0.00000000  2.30013572  1.96619530
3    0.83140720  2.30013572  0.00000000  0.55843359
4    1.01344119  1.96619530  0.55843359  0.00000000

--------------------------------------------------------------------------------
n=4
(result of R-step: (1,3:4)0.38972935)
V=[0, 1, 2, 3]
total successes of this branch: 1
Matrix on 4 elements:

0    0.00000000  1.51434232  1.23606646  1.33527600
1    1.51434232  0.00000000  1.67766244  1.14486373
2    1.23606646  1.67766244  0.00000000  1.40851901
3    1.33527600  1.14486373  1.40851901  0.00000000
