n=6
V=[0, 1, 2, 3, 4, 5]
total successes of this branch: 1
Matrix on 6 elements:

0    0.00000000  1.30659009  1.23826602  0.93088135  0.93197501  1.28595747
1    1.30659009  0.00000000  1.03641327  0.56416931  1.21570706  0.86041341
2    1.23826602  1.03641327  0.00000000  0.73248004  1.23942074  0.70123386
3    0.93088135  0.56416931  0.73248004  0.00000000  0.83663855  0.63430144
4    0.93197501  1.21570706  1.23942074  0.83663855  0.00000000  1.23037687
5    1.28595747  0.86041341  0.70123386  0.63430144  1.23037687  0.00000000

--------------------------------------------------------------------------------
n=5
(result of R-step: (1,2:5)0.61643529)
V=[0, 1, 2, 3, 4]
total successes of this branch: 1
Matrix on 5 elements:

0    0.00000000  0.93566082  1.16425234  0.93088135  0.93197501
1    0.93566082  0.00000000  0.59147031  0.19324004  0.84477779
2    1.16425234  0.59147031  0.00000000  0.65846636  1.16540706
3    0.93088135  0.19324004  0.65846636  0.00000000  0.83663855
4    0.93197501  0.84477779  1.16540706  0.83663855  0.00000000

--------------------------------------------------------------------------------
n=4
(result of R-step: (0,1:3)0.15473155)
V=[0, 1, 2, 4]
total successes of this branch: 0
Matrix on 4 elements:

0    0.00000000  0.37191176  0.64196655  0.40968921
1    0.37191176  0.00000000  0.55000704  0.80331452
2    0.64196655  0.55000704  0.00000000  1.16540706
4    0.40968921  0.80331452  1.16540706  0.00000000
reason of abort: no pseudometric

--------------------------------------------------------------------------------
n=4
(result of R-step: (1,4:3)0.87573975)
V=[0, 1, 2, 4]
total successes of this branch: 1
Matrix on 4 elements:

0    0.00000000  0.88279739  1.16425234  0.52494811
1    0.88279739  0.00000000  0.53860688  0.38488746
2    1.16425234  0.53860688  0.00000000  0.75838016
4    0.52494811  0.38488746  0.75838016  0.00000000

--------------------------------------------------------------------------------
n=4
(result of R-step: (2,3:1)0.03521864)
V=[0, 2, 3, 4]
total successes of this branch: 0
reason of abort: negative delta/dxy
