n=6
V=[0, 1, 2, 3, 4, 5]
total successes of this branch: 2
Matrix on 6 elements:

0    0.00000000  1.36101948  0.60660104  1.17427305  0.54410060  0.54242881
1    1.36101948  0.00000000  1.53328695  1.64889399  1.55265395  1.46942617
2    0.60660104  1.53328695  0.00000000  1.54726279  0.40015683  0.18089338
3    1.17427305  1.64889399  1.54726279  0.00000000  1.52581756  1.48324675
4    0.54410060  1.55265395  0.40015683  1.52581756  0.00000000  0.33546188
5    0.54242881  1.46942617  0.18089338  1.48324675  0.33546188  0.00000000

--------------------------------------------------------------------------------
n=5
(result of R-step: (2,4:5)0.99619565)
V=[0, 1, 2, 3, 4]
total successes of this branch: 2
Matrix on 5 elements:

0    0.00000000  1.36101948  0.48448371  1.17427305  0.44397300
1    1.36101948  0.00000000  1.41116962  1.64889399  1.45252635
2    0.48448371  1.41116962  0.00000000  1.42514546  0.17791190
3    1.17427305  1.64889399  1.42514546  0.00000000  1.42568996
4    0.44397300  1.45252635  0.17791190  1.42568996  0.00000000

--------------------------------------------------------------------------------
n=4
(result of R-step: (0,2:4)0.20332686)
V=[0, 1, 2, 3]
total successes of this branch: 1
Matrix on 4 elements:

0    0.00000000  1.34517248  0.45115793  1.15842604
1    1.34517248  0.00000000  1.39369084  1.64889399
2    0.45115793  1.39369084  0.00000000  1.40766668
3    1.15842604  1.64889399  1.40766668  0.00000000

--------------------------------------------------------------------------------
n=4
(result of R-step: (2,3:1)0.28658293)
V=[0, 2, 3, 4]
total successes of this branch: 1
Matrix on 4 elements:

0    0.00000000  0.46700493  0.57431310  0.44397300
2    0.46700493  0.00000000  0.80770674  0.16043312
3    0.57431310  0.80770674  0.00000000  0.82573001
4    0.44397300  0.16043312  0.82573001  0.00000000

--------------------------------------------------------------------------------
n=4
(result of R-step: (3,4:1)0.61170582)
V=[0, 2, 3, 4]
total successes of this branch: 0
Matrix on 4 elements:

0    0.00000000  0.48448371  0.66341541  0.30219157
2    0.48448371  0.00000000  0.91428783  0.03613047
3    0.66341541  0.91428783  0.00000000  0.77305089
4    0.30219157  0.03613047  0.77305089  0.00000000
reason of abort: no pseudometric
