n=6
V=[0, 1, 2, 3, 4, 5]
total successes of this branch: 2
Matrix on 6 elements:

0    0.00000000  3.04382414  2.32620753  2.52417130  3.02646228  3.13797716
1    3.04382414  0.00000000  1.66971145  1.65987700  2.05188943  2.18356234
2    2.32620753  1.66971145  0.00000000  1.26018256  1.74790130  1.86207987
3    2.52417130  1.65987700  1.26018256  0.00000000  1.33615136  1.29983692
4    3.02646228  2.05188943  1.74790130  1.33615136  0.00000000  0.61041452
5    3.13797716  2.18356234  1.86207987  1.29983692  0.61041452  0.00000000

--------------------------------------------------------------------------------
n=5
(result of R-step: (3,4:5)0.18279190)
V=[0, 1, 2, 3, 4]
total successes of this branch: 2
Matrix on 5 elements:

0    0.00000000  3.04382414  2.32620753  2.51160619  2.92682593
1    3.04382414  0.00000000  1.66971145  1.64731190  1.95225308
2    2.32620753  1.66971145  0.00000000  1.24761745  1.64826495
3    2.51160619  1.64731190  1.24761745  0.00000000  1.22394990
4    2.92682593  1.95225308  1.64826495  1.22394990  0.00000000

--------------------------------------------------------------------------------
n=4
(result of R-step: (0,4:3)0.23138232)
V=[0, 1, 2, 4]
total successes of this branch: 1
Matrix on 4 elements:

0    0.00000000  1.27292941  0.55531281  0.43759907
1    1.27292941  0.00000000  1.66971145  1.23392094
2    0.55531281  1.66971145  0.00000000  0.92993281
4    0.43759907  1.23392094  0.92993281  0.00000000

--------------------------------------------------------------------------------
n=4
(result of R-step: (1,3:4)0.13232581)
V=[0, 1, 2, 3]
total successes of this branch: 1
Matrix on 4 elements:

0    0.00000000  2.37075251  2.32620753  2.13060231
1    2.37075251  0.00000000  0.99663982  0.59323639
2    2.32620753  0.99663982  0.00000000  0.86661358
3    2.13060231  0.59323639  0.86661358  0.00000000

--------------------------------------------------------------------------------
n=4
(result of R-step: (2,4:3)0.34670422)
V=[0, 1, 2, 4]
total successes of this branch: 0
Matrix on 4 elements:

0    0.00000000  3.04382414  1.78136888  2.26902870
1    3.04382414  0.00000000  1.12487279  1.29445585
2    1.78136888  1.12487279  0.00000000  0.44562907
4    2.26902870  1.29445585  0.44562907  0.00000000
reason of abort: no pseudometric
