n=8
V=[0, 1, 2, 3, 4, 5, 6, 7]
total successes of this branch: 2
Matrix on 8 elements:

0    0.00000000  1.60903469  1.96412071  1.92829091  0.92905302  1.49425714  1.82130915  1.59808937
1    1.60903469  0.00000000  1.76135171  1.83628209  1.09095294  1.38823299  1.66663269  1.43034480
2    1.96412071  1.76135171  0.00000000  2.01005478  1.52437490  1.46617447  1.39799307  0.94948526
3    1.92829091  1.83628209  2.01005478  0.00000000  1.50612654  1.00188049  1.59964524  1.44913943
4    0.92905302  1.09095294  1.52437490  1.50612654  0.00000000  1.06986806  1.38919728  1.16390314
5    1.49425714  1.38823299  1.46617447  1.00188049  1.06986806  0.00000000  0.99914314  0.86402308
6    1.82130915  1.66663269  1.39799307  1.59964524  1.38919728  0.99914314  0.00000000  0.68123072
7    1.59808937  1.43034480  0.94948526  1.44913943  1.16390314  0.86402308  0.68123072  0.00000000

--------------------------------------------------------------------------------
n=7
(result of R-step: (2,6:7)0.27172842)
V=[0, 1, 2, 3, 4, 5, 6]
total successes of this branch: 2
Matrix on 7 elements:

0    0.00000000  1.60903469  1.60826470  1.92829091  0.92905302  1.49425714  1.43451525
1    1.60903469  0.00000000  1.40549570  1.83628209  1.09095294  1.38823299  1.27983879
2    1.60826470  1.40549570  0.00000000  1.65419877  1.16851890  1.11031847  0.65534316
3    1.92829091  1.83628209  1.65419877  0.00000000  1.50612654  1.00188049  1.21285133
4    0.92905302  1.09095294  1.16851890  1.50612654  0.00000000  1.06986806  1.00240338
5    1.49425714  1.38823299  1.11031847  1.00188049  1.06986806  0.00000000  0.61234923
6    1.43451525  1.27983879  0.65534316  1.21285133  1.00240338  0.61234923  0.00000000

--------------------------------------------------------------------------------
n=6
(result of R-step: (2,5:6)0.50289307)
V=[0, 1, 2, 3, 4, 5]
total successes of this branch: 2
Matrix on 6 elements:

0    0.00000000  1.60903469  1.38906138  1.92829091  0.92905302  1.32220836
1    1.60903469  0.00000000  1.18629238  1.83628209  1.09095294  1.21618422
2    1.38906138  1.18629238  0.00000000  1.43499546  0.94931558  0.71906637
3    1.92829091  1.83628209  1.43499546  0.00000000  1.50612654  0.82983172
4    0.92905302  1.09095294  0.94931558  1.50612654  0.00000000  0.89781928
5    1.32220836  1.21618422  0.71906637  0.82983172  0.89781928  0.00000000

--------------------------------------------------------------------------------
n=5
(result of R-step: (2,3:5)0.12653765)
V=[0, 1, 2, 3, 4]
total successes of this branch: 2
Matrix on 5 elements:

0    0.00000000  1.60903469  1.37522529  1.24932605  0.92905302
1    1.60903469  0.00000000  1.17245629  1.15731724  1.09095294
2    1.37522529  1.17245629  0.00000000  0.74219451  0.93547949
3    1.24932605  1.15731724  0.74219451  0.00000000  0.82716168
4    0.92905302  1.09095294  0.93547949  0.82716168  0.00000000

--------------------------------------------------------------------------------
n=4
(result of R-step: (1,3:2)0.18329770)
V=[0, 1, 3, 4]
total successes of this branch: 1
Matrix on 4 elements:

0    0.00000000  1.15265371  0.96152507  0.92905302
1    1.15265371  0.00000000  0.41313526  0.63457195
3    0.96152507  0.41313526  0.00000000  0.53936070
4    0.92905302  0.63457195  0.53936070  0.00000000

--------------------------------------------------------------------------------
n=4
(result of R-step: (2,4:0)0.57618239)
V=[1, 2, 3, 4]
total successes of this branch: 0
reason of abort: negative delta/dxy

--------------------------------------------------------------------------------
n=4
(result of R-step: (3,4:0)0.30169909)
V=[1, 2, 3, 4]
total successes of this branch: 1
Matrix on 4 elements:

1    0.00000000  1.17245629  0.86951625  0.96103804
2    1.17245629  0.00000000  0.45439352  0.80556459
3    0.86951625  0.45439352  0.00000000  0.40944580
4    0.96103804  0.80556459  0.40944580  0.00000000
