n=8
V=[0, 1, 2, 3, 4, 5, 6, 7]
total successes of this branch: 2
Matrix on 8 elements:

0    0.00000000  1.62522391  1.40451901  1.39495169  1.28173488  1.56813376  1.32787519  0.24879103
1    1.62522391  0.00000000  1.17248776  1.49955684  0.75985983  1.25403955  1.00124858  1.70729498
2    1.40451901  1.17248776  0.00000000  1.34312841  0.87449999  0.66074769  1.03140766  1.49004832
3    1.39495169  1.49955684  1.34312841  0.00000000  1.14535634  1.49629062  0.88143624  1.40877371
4    1.28173488  0.75985983  0.87449999  1.14535634  0.00000000  0.98358141  0.40353304  1.36322965
5    1.56813376  1.25403955  0.66074769  1.49629062  0.98358141  0.00000000  1.15422728  1.65310070
6    1.32787519  1.00124858  1.03140766  0.88143624  0.40353304  1.15422728  0.00000000  1.39268796
7    0.24879103  1.70729498  1.49004832  1.40877371  1.36322965  1.65310070  1.39268796  0.00000000

--------------------------------------------------------------------------------
n=7
(result of R-step: (0,3:7)0.94619760)
V=[0, 1, 2, 3, 4, 5, 6]
total successes of this branch: 2
Matrix on 7 elements:

0    0.00000000  1.58035642  1.35965153  1.34969848  1.23686739  1.52326628  1.28300770
1    1.58035642  0.00000000  1.17248776  1.49917112  0.75985983  1.25403955  1.00124858
2    1.35965153  1.17248776  0.00000000  1.34274269  0.87449999  0.66074769  1.03140766
3    1.34969848  1.49917112  1.34274269  0.00000000  1.14497062  1.49590490  0.88105052
4    1.23686739  0.75985983  0.87449999  1.14497062  0.00000000  0.98358141  0.40353304
5    1.52326628  1.25403955  0.66074769  1.49590490  0.98358141  0.00000000  1.15422728
6    1.28300770  1.00124858  1.03140766  0.88105052  0.40353304  1.15422728  0.00000000

--------------------------------------------------------------------------------
n=6
(result of R-step: (1,2:5)0.16261854)
V=[0, 1, 2, 3, 4, 6]
total successes of this branch: 2
Matrix on 6 elements:

0    0.00000000  1.13607744  1.15523131  1.34969848  1.23686739  1.28300770
1    1.13607744  0.00000000  0.52378856  1.05489214  0.31558085  0.55696959
2    1.15523131  0.52378856  0.00000000  1.13832248  0.67007977  0.82698745
3    1.34969848  1.05489214  1.13832248  0.00000000  1.14497062  0.88105052
4    1.23686739  0.31558085  0.67007977  1.14497062  0.00000000  0.40353304
6    1.28300770  0.55696959  0.82698745  0.88105052  0.40353304  0.00000000

--------------------------------------------------------------------------------
n=5
(result of R-step: (3,4:6)0.31165939)
V=[0, 1, 2, 3, 4]
total successes of this branch: 2
Matrix on 5 elements:

0    0.00000000  1.13607744  1.15523131  1.21823235  1.21092330
1    1.13607744  0.00000000  0.52378856  0.92342600  0.28963675
2    1.15523131  0.52378856  0.00000000  1.00685635  0.64413567
3    1.21823235  0.92342600  1.00685635  0.00000000  0.98756039
4    1.21092330  0.28963675  0.64413567  0.98756039  0.00000000

--------------------------------------------------------------------------------
n=4
(result of R-step: (0,1:3)0.74128154)
V=[0, 1, 2, 4]
total successes of this branch: 0
Matrix on 4 elements:

0    0.00000000  0.39463964  0.54188998  0.59758197
1    0.39463964  0.00000000  0.39569209  0.16154028
2    0.54188998  0.39569209  0.00000000  0.64413567
4    0.59758197  0.16154028  0.64413567  0.00000000
reason of abort: no pseudometric

--------------------------------------------------------------------------------
n=4
(result of R-step: (0,4:3)0.80832738)
V=[0, 1, 2, 4]
total successes of this branch: 1
Matrix on 4 elements:

0    0.00000000  0.49491183  0.51406570  0.41545849
1    0.49491183  0.00000000  0.52378856  0.13533755
2    0.51406570  0.52378856  0.00000000  0.48983648
4    0.41545849  0.13533755  0.48983648  0.00000000

--------------------------------------------------------------------------------
n=4
(result of R-step: (2,3:0)0.19055246)
V=[1, 2, 3, 4]
total successes of this branch: 1
Matrix on 4 elements:

1    0.00000000  0.38883729  0.46782510  0.28963675
2    0.38883729  0.00000000  0.41630418  0.50918441
3    0.46782510  0.41630418  0.00000000  0.53195949
4    0.28963675  0.50918441  0.53195949  0.00000000
