n=8
V=[0, 1, 2, 3, 4, 5, 6, 7]
total successes of this branch: 2
Matrix on 8 elements:

0    0.00000000  1.80649276  1.43606128  2.22092999  1.77374946  1.89670095  1.58253985  1.45816173
1    1.80649276  0.00000000  1.69457802  1.45342324  1.18749328  1.00838525  1.36256638  1.57832406
2    1.43606128  1.69457802  0.00000000  2.14969925  1.57756109  1.81259851  1.79025336  0.65246382
3    2.22092999  1.45342324  2.14969925  0.00000000  1.84456380  0.81819429  0.88305607  2.06651994
4    1.77374946  1.18749328  1.57756109  1.84456380  0.00000000  1.44356987  1.64697612  1.32755411
5    1.89670095  1.00838525  1.81259851  0.81819429  1.44356987  0.00000000  0.90999711  1.71895496
6    1.58253985  1.36256638  1.79025336  0.88305607  1.64697612  0.90999711  0.00000000  1.73358271
7    1.45816173  1.57832406  0.65246382  2.06651994  1.32755411  1.71895496  1.73358271  0.00000000

--------------------------------------------------------------------------------
n=7
(result of R-step: (0,3:6)0.25179257)
V=[0, 1, 2, 3, 4, 5, 7]
total successes of this branch: 2
Matrix on 7 elements:

0    0.00000000  1.60676350  1.23633201  1.68466334  1.57402019  1.69697169  1.25843246
1    1.60676350  0.00000000  1.69457802  1.11688586  1.18749328  1.00838525  1.57832406
2    1.23633201  1.69457802  0.00000000  1.81316186  1.57756109  1.81259851  0.65246382
3    1.68466334  1.11688586  1.81316186  0.00000000  1.50802642  0.48165690  1.72998256
4    1.57402019  1.18749328  1.57756109  1.50802642  0.00000000  1.44356987  1.32755411
5    1.69697169  1.00838525  1.81259851  0.48165690  1.44356987  0.00000000  1.71895496
7    1.25843246  1.57832406  0.65246382  1.72998256  1.32755411  1.71895496  0.00000000

--------------------------------------------------------------------------------
n=6
(result of R-step: (2,4:7)0.83622295)
V=[0, 1, 2, 3, 4, 5]
total successes of this branch: 2
Matrix on 6 elements:

0    0.00000000  1.60676350  0.98083757  1.68466334  1.44712073  1.69697169
1    1.60676350  0.00000000  1.43908358  1.11688586  1.06059382  1.00838525
2    0.98083757  1.43908358  0.00000000  1.55766741  1.19516718  1.55710406
3    1.68466334  1.11688586  1.55766741  0.00000000  1.38112696  0.48165690
4    1.44712073  1.06059382  1.19516718  1.38112696  0.00000000  1.31667040
5    1.69697169  1.00838525  1.55710406  0.48165690  1.31667040  0.00000000

--------------------------------------------------------------------------------
n=5
(result of R-step: (0,4:2)0.83232311)
V=[0, 1, 3, 4, 5]
total successes of this branch: 2
Matrix on 5 elements:

0    0.00000000  1.11759725  1.19549709  0.75877662  1.20780543
1    1.11759725  0.00000000  1.11688586  0.86141596  1.00838525
3    1.19549709  1.11688586  0.00000000  1.18194910  0.48165690
4    0.75877662  0.86141596  1.18194910  0.00000000  1.11749255
5    1.20780543  1.00838525  0.48165690  1.11749255  0.00000000

--------------------------------------------------------------------------------
n=4
(result of R-step: (0,3:1)0.73718437)
V=[0, 3, 4, 5]
total successes of this branch: 0
Matrix on 4 elements:

0    0.00000000  0.18025698  0.20804674  0.65707555
3    0.18025698  0.00000000  0.71743888  0.01714669
4    0.20804674  0.71743888  0.00000000  1.11749255
5    0.65707555  0.01714669  1.11749255  0.00000000
reason of abort: no pseudometric

--------------------------------------------------------------------------------
n=4
(result of R-step: (0,5:1)0.83101064)
V=[0, 3, 4, 5]
total successes of this branch: 0
reason of abort: negative delta/dxy

--------------------------------------------------------------------------------
n=4
(result of R-step: (3,4:0)0.18609601)
V=[1, 3, 4, 5]
total successes of this branch: 1
Matrix on 4 elements:

1    0.00000000  1.05007992  0.65857800  1.00838525
3    1.05007992  0.00000000  0.91230519  0.41485096
4    0.65857800  0.91230519  0.00000000  0.91465458
5    1.00838525  0.41485096  0.91465458  0.00000000

--------------------------------------------------------------------------------
n=4
(result of R-step: (3,4:1)0.43627361)
V=[0, 3, 4, 5]
total successes of this branch: 0
Matrix on 4 elements:

0    0.00000000  0.87196280  0.60136715  1.20780543
3    0.87196280  0.00000000  0.70100533  0.15812261
4    0.60136715  0.70100533  0.00000000  0.96008307
5    1.20780543  0.15812261  0.96008307  0.00000000
reason of abort: no pseudometric

--------------------------------------------------------------------------------
n=4
(result of R-step: (4,5:0)0.71362643)
V=[1, 3, 4, 5]
total successes of this branch: 0
Matrix on 4 elements:

1    0.00000000  1.11688586  0.70400649  0.66575578
3    1.11688586  0.00000000  1.02453962  0.13902743
4    0.70400649  1.02453962  0.00000000  0.61745360
5    0.66575578  0.13902743  0.61745360  0.00000000
reason of abort: no pseudometric

--------------------------------------------------------------------------------
n=4
(result of R-step: (4,5:1)0.63118758)
V=[0, 3, 4, 5]
total successes of this branch: 1
Matrix on 4 elements:

0    0.00000000  1.19549709  0.55593866  1.05891591
3    1.19549709  0.00000000  0.97911113  0.33276738
4    0.55593866  0.97911113  0.00000000  0.76576506
5    1.05891591  0.33276738  0.76576506  0.00000000
