n=8
V=[0, 1, 2, 3, 4, 5, 6, 7]
total successes of this branch: 1
Matrix on 8 elements:

0    0.00000000  1.30471046  0.77978805  1.07650566  1.12697906  0.74256007  1.19971088  0.10684070
1    1.30471046  0.00000000  1.07867164  0.92686729  1.19901053  1.20362212  0.77585667  1.27222248
2    0.77978805  1.07867164  0.00000000  0.90507351  1.06983271  0.90514924  1.01034807  0.75368118
3    1.07650566  0.92686729  0.90507351  0.00000000  0.90683667  0.93881351  0.51856837  1.04298622
4    1.12697906  1.19901053  1.06983271  0.90683667  0.00000000  0.85356951  1.05104677  1.08963524
5    0.74256007  1.20362212  0.90514924  0.93881351  0.85356951  0.00000000  1.07403795  0.69490373
6    1.19971088  0.77585667  1.01034807  0.51856837  1.05104677  1.07403795  0.00000000  1.16653013
7    0.10684070  1.27222248  0.75368118  1.04298622  1.08963524  0.69490373  1.16653013  0.00000000

--------------------------------------------------------------------------------
n=7
(result of R-step: (0,5:7)0.97182102)
V=[0, 1, 2, 3, 4, 5, 6]
total successes of this branch: 1
Matrix on 7 elements:

0    0.00000000  1.24525737  0.72033495  1.01705257  1.06752597  0.63151432  1.14025778
1    1.24525737  0.00000000  1.07867164  0.92686729  1.19901053  1.15202946  0.77585667
2    0.72033495  1.07867164  0.00000000  0.90507351  1.06983271  0.85355659  1.01034807
3    1.01705257  0.92686729  0.90507351  0.00000000  0.90683667  0.88722085  0.51856837
4    1.06752597  1.19901053  1.06983271  0.90683667  0.00000000  0.80197686  1.05104677
5    0.63151432  1.15202946  0.85355659  0.88722085  0.80197686  0.00000000  1.02244529
6    1.14025778  0.77585667  1.01034807  0.51856837  1.05104677  1.02244529  0.00000000

--------------------------------------------------------------------------------
n=6
(result of R-step: (0,4:5)0.42778870)
V=[0, 1, 2, 3, 4, 6]
total successes of this branch: 1
Matrix on 6 elements:

0    0.00000000  1.14307043  0.61814802  0.91486564  0.60527427  1.03807085
1    1.14307043  0.00000000  1.07867164  0.92686729  0.83894577  0.77585667
2    0.61814802  1.07867164  0.00000000  0.90507351  0.70976795  1.01034807
3    0.91486564  0.92686729  0.90507351  0.00000000  0.54677191  0.51856837
4    0.60527427  0.83894577  0.70976795  0.54677191  0.00000000  0.69098201
6    1.03807085  0.77585667  1.01034807  0.51856837  0.69098201  0.00000000

--------------------------------------------------------------------------------
n=5
(result of R-step: (2,4:0)0.53947857)
V=[1, 2, 3, 4, 6]
total successes of this branch: 1
Matrix on 5 elements:

1    0.00000000  0.97070908  0.92686729  0.78729564  0.77585667
2    0.97070908  0.00000000  0.79711095  0.55015528  0.90238551
3    0.92686729  0.79711095  0.00000000  0.49512178  0.51856837
4    0.78729564  0.55015528  0.49512178  0.00000000  0.63933188
6    0.77585667  0.90238551  0.51856837  0.63933188  0.00000000

--------------------------------------------------------------------------------
n=4
(result of R-step: (1,2:3)0.90407339)
V=[1, 2, 4, 6]
total successes of this branch: 0
reason of abort: negative delta/dxy

--------------------------------------------------------------------------------
n=4
(result of R-step: (1,6:4)0.96708086)
V=[1, 2, 3, 6]
total successes of this branch: 0
reason of abort: negative delta/dxy

--------------------------------------------------------------------------------
n=4
(result of R-step: (2,3:4)0.76574715)
V=[1, 2, 3, 6]
total successes of this branch: 1
Matrix on 4 elements:

1    0.00000000  0.62034987  0.80332617  0.77585667
2    0.62034987  0.00000000  0.32321063  0.55202630
3    0.80332617  0.32321063  0.00000000  0.39502725
6    0.77585667  0.55202630  0.39502725  0.00000000

--------------------------------------------------------------------------------
n=4
(result of R-step: (4,6:3)0.70472058)
V=[1, 2, 4, 6]
total successes of this branch: 0
reason of abort: negative delta/dxy
