n=8
V=[0, 1, 2, 3, 4, 5, 6, 7]
total successes of this branch: 2
Matrix on 8 elements:

0    0.00000000  0.89531178  1.16479866  1.02599780  0.99586721  0.64332990  1.18922157  1.10845009
1    0.89531178  0.00000000  0.79876247  1.00548801  1.12578589  0.72705043  0.55116631  0.62169743
2    1.16479866  0.79876247  0.00000000  1.31566384  1.41371311  1.02181043  0.83790520  0.32401553
3    1.02599780  1.00548801  1.31566384  0.00000000  1.19544196  0.76716110  1.31049722  1.24618404
4    0.99586721  1.12578589  1.41371311  1.19544196  0.00000000  0.77707868  1.42472597  1.35141343
5    0.64332990  0.72705043  1.02181043  0.76716110  0.77707868  0.00000000  1.02785440  0.95730566
6    1.18922157  0.55116631  0.83790520  1.31049722  1.42472597  1.02785440  0.00000000  0.55238547
7    1.10845009  0.62169743  0.32401553  1.24618404  1.35141343  0.95730566  0.55238547  0.00000000

--------------------------------------------------------------------------------
n=7
(result of R-step: (2,6:7)0.55622057)
V=[0, 1, 2, 3, 4, 5, 6]
total successes of this branch: 2
Matrix on 7 elements:

0    0.00000000  0.89531178  1.14739783  1.02599780  0.99586721  0.64332990  1.01626141
1    0.89531178  0.00000000  0.78136164  1.00548801  1.12578589  0.72705043  0.37820615
2    1.14739783  0.78136164  0.00000000  1.29826301  1.39631228  1.00440960  0.64754421
3    1.02599780  1.00548801  1.29826301  0.00000000  1.19544196  0.76716110  1.13753706
4    0.99586721  1.12578589  1.39631228  1.19544196  0.00000000  0.77707868  1.25176581
5    0.64332990  0.72705043  1.00440960  0.76716110  0.77707868  0.00000000  0.85489425
6    1.01626141  0.37820615  0.64754421  1.13753706  1.25176581  0.85489425  0.00000000

--------------------------------------------------------------------------------
n=6
(result of R-step: (1,2:6)0.72721262)
V=[0, 1, 2, 3, 4, 5]
total successes of this branch: 2
Matrix on 6 elements:

0    0.00000000  0.81770255  1.09764402  1.02599780  0.99586721  0.64332990
1    0.81770255  0.00000000  0.65399860  0.92787878  1.04817667  0.64944120
2    1.09764402  0.65399860  0.00000000  1.24850919  1.34655846  0.95465578
3    1.02599780  0.92787878  1.24850919  0.00000000  1.19544196  0.76716110
4    0.99586721  1.04817667  1.34655846  1.19544196  0.00000000  0.77707868
5    0.64332990  0.64944120  0.95465578  0.76716110  0.77707868  0.00000000

--------------------------------------------------------------------------------
n=5
(result of R-step: (3,4:5)0.30711044)
V=[0, 1, 2, 3, 4]
total successes of this branch: 2
Matrix on 5 elements:

0    0.00000000  0.81770255  1.09764402  0.53652799  0.43896987
1    0.81770255  0.00000000  0.65399860  0.43840897  0.49127933
2    1.09764402  0.65399860  0.00000000  0.75903939  0.78966113
3    0.53652799  0.43840897  0.75903939  0.00000000  0.14907482
4    0.43896987  0.49127933  0.78966113  0.14907482  0.00000000

--------------------------------------------------------------------------------
n=4
(result of R-step: (0,1:3)0.90178627)
V=[0, 1, 2, 4]
total successes of this branch: 0
reason of abort: negative delta/dxy

--------------------------------------------------------------------------------
n=4
(result of R-step: (0,2:3)0.82620653)
V=[0, 1, 2, 4]
total successes of this branch: 0
Matrix on 4 elements:

0    0.00000000  0.39613270  0.09204292  0.01740002
1    0.39613270  0.00000000  0.06996735  0.49127933
2    0.09204292  0.06996735  0.00000000  0.20562988
4    0.01740002  0.49127933  0.20562988  0.00000000
reason of abort: no pseudometric

--------------------------------------------------------------------------------
n=4
(result of R-step: (1,4:3)0.24918557)
V=[0, 1, 2, 4]
total successes of this branch: 1
Matrix on 4 elements:

0    0.00000000  0.68453681  1.09764402  0.42333905
1    0.68453681  0.00000000  0.52083286  0.34248277
2    1.09764402  0.52083286  0.00000000  0.77403031
4    0.42333905  0.34248277  0.77403031  0.00000000

--------------------------------------------------------------------------------
n=4
(result of R-step: (2,3:1)0.76795938)
V=[0, 2, 3, 4]
total successes of this branch: 1
Matrix on 4 elements:

0    0.00000000  0.68902190  0.52524266  0.43896987
2    0.68902190  0.00000000  0.33913193  0.38103901
3    0.52524266  0.33913193  0.00000000  0.13778949
4    0.43896987  0.38103901  0.13778949  0.00000000

--------------------------------------------------------------------------------
n=4
(result of R-step: (2,4:3)0.30331082)
V=[0, 1, 2, 4]
total successes of this branch: 0
Matrix on 4 elements:

0    0.00000000  0.81770255  0.58477756  0.43051063
1    0.81770255  0.00000000  0.14113214  0.48282009
2    0.58477756  0.14113214  0.00000000  0.26833542
4    0.43051063  0.48282009  0.26833542  0.00000000
reason of abort: no pseudometric
