n=6
V=[0, 1, 2, 3, 4, 5]
total successes of this branch: 2
Matrix on 6 elements:

0    0.00000000  1.63676808  0.96059446  0.43058164  0.68215013  0.42186370
1    1.63676808  0.00000000  1.60993321  1.52786267  1.47784023  1.60304165
2    0.96059446  1.60993321  0.00000000  0.86384787  0.37704299  0.71073285
3    0.43058164  1.52786267  0.86384787  0.00000000  0.63886289  0.58376616
4    0.68215013  1.47784023  0.37704299  0.63886289  0.00000000  0.38411633
5    0.42186370  1.60304165  0.71073285  0.58376616  0.38411633  0.00000000

--------------------------------------------------------------------------------
n=5
(result of R-step: (2,3:1)0.46374581)
V=[0, 2, 3, 4, 5]
total successes of this branch: 2
Matrix on 5 elements:

0    0.00000000  0.75973447  0.27500093  0.68215013  0.42186370
2    0.75973447  0.00000000  0.50740718  0.17618301  0.50987287
3    0.27500093  0.50740718  0.00000000  0.48328218  0.42818546
4    0.68215013  0.17618301  0.48328218  0.00000000  0.38411633
5    0.42186370  0.50987287  0.42818546  0.38411633  0.00000000

--------------------------------------------------------------------------------
n=4
(result of R-step: (0,2:3)0.65454899)
V=[0, 2, 4, 5]
total successes of this branch: 1
Matrix on 4 elements:

0    0.00000000  0.68224510  0.65416828  0.39388184
2    0.68224510  0.00000000  0.12667549  0.46036535
4    0.65416828  0.12667549  0.00000000  0.38411633
5    0.39388184  0.46036535  0.38411633  0.00000000

--------------------------------------------------------------------------------
n=4
(result of R-step: (0,2:5)0.38890222)
V=[0, 2, 3, 4]
total successes of this branch: 0
reason of abort: negative delta/dxy

--------------------------------------------------------------------------------
n=4
(result of R-step: (0,4:2)0.41308827)
V=[0, 3, 4, 5]
total successes of this branch: 0
reason of abort: negative delta/dxy

--------------------------------------------------------------------------------
n=4
(result of R-step: (0,4:3)0.52611376)
V=[0, 2, 4, 5]
total successes of this branch: 0
reason of abort: negative delta/dxy

--------------------------------------------------------------------------------
n=4
(result of R-step: (0,4:5)0.49099585)
V=[0, 2, 3, 4]
total successes of this branch: 1
Matrix on 4 elements:

0    0.00000000  0.73175262  0.24701908  0.65218899
2    0.73175262  0.00000000  0.50740718  0.17420372
3    0.24701908  0.50740718  0.00000000  0.48130289
4    0.65218899  0.17420372  0.48130289  0.00000000

--------------------------------------------------------------------------------
n=4
(result of R-step: (2,3:5)0.31070783)
V=[0, 2, 3, 4]
total successes of this branch: 0
Matrix on 4 elements:

0    0.00000000  0.49603206  0.07604480  0.68215013
2    0.49603206  0.00000000  0.04474864 -0.08751940
3    0.07604480  0.04474864  0.00000000  0.28432605
4    0.68215013 -0.08751940  0.28432605  0.00000000
reason of abort: no pseudometric

--------------------------------------------------------------------------------
n=4
(result of R-step: (2,5:4)0.79331321)
V=[0, 2, 3, 5]
total successes of this branch: 0
reason of abort: negative delta/dxy

--------------------------------------------------------------------------------
n=4
(result of R-step: (3,4:2)0.10676028)
V=[0, 3, 4, 5]
total successes of this branch: 0
reason of abort: negative delta/dxy

--------------------------------------------------------------------------------
n=4
(result of R-step: (3,4:5)0.80443893)
V=[0, 2, 3, 4]
total successes of this branch: 0
reason of abort: negative delta/dxy

--------------------------------------------------------------------------------
n=4
(result of R-step: (3,5:0)0.47398866)
V=[2, 3, 4, 5]
total successes of this branch: 0
reason of abort: negative delta/dxy
