n=6
V=[0, 1, 2, 3, 4, 5]
total successes of this branch: 5
Matrix on 6 elements:

0    0.00000000  2.11630340  1.54122905  1.01389096  0.92983711  1.08433145
1    2.11630340  0.00000000  1.82642862  1.34429959  1.31989075  1.39673081
2    1.54122905  1.82642862  0.00000000  0.67168954  0.65458821  0.47673600
3    1.01389096  1.34429959  0.67168954  0.00000000  0.12234320  0.21002850
4    0.92983711  1.31989075  0.65458821  0.12234320  0.00000000  0.19473839
5    1.08433145  1.39673081  0.47673600  0.21002850  0.19473839  0.00000000

--------------------------------------------------------------------------------
n=5
(result of R-step: (2,3:5)0.39835538)
V=[0, 1, 2, 3, 4]
total successes of this branch: 5
Matrix on 5 elements:

0    0.00000000  2.11630340  1.27482738  0.94567391  0.92983711
1    2.11630340  0.00000000  1.56002695  1.27608255  1.31989075
2    1.27482738  1.56002695  0.00000000  0.33707083  0.38818654
3    0.94567391  1.27608255  0.33707083  0.00000000  0.05412615
4    0.92983711  1.31989075  0.38818654  0.05412615  0.00000000

--------------------------------------------------------------------------------
n=4
(result of R-step: (0,1:3)0.40826717)
V=[0, 1, 2, 4]
total successes of this branch: 0
reason of abort: negative delta/dxy

--------------------------------------------------------------------------------
n=4
(result of R-step: (0,2:1)0.10914464)
V=[0, 2, 3, 4]
total successes of this branch: 1
Matrix on 4 elements:

0    0.00000000  0.47219252  0.45077724  0.43494043
2    0.47219252  0.00000000  0.02933265  0.08044835
3    0.45077724  0.02933265  0.00000000  0.05412615
4    0.43494043  0.08044835  0.05412615  0.00000000

--------------------------------------------------------------------------------
n=4
(result of R-step: (0,3:4)0.07492137)
V=[0, 1, 2, 3]
total successes of this branch: 1
Matrix on 4 elements:

0    0.00000000  1.62140672  0.77993070  0.44947072
1    1.62140672  0.00000000  1.56002695  1.27477603
2    0.77993070  1.56002695  0.00000000  0.33576431
3    0.44947072  1.27477603  0.33576431  0.00000000

--------------------------------------------------------------------------------
n=4
(result of R-step: (0,4:2)0.44997553)
V=[0, 1, 3, 4]
total successes of this branch: 0
reason of abort: negative delta/dxy

--------------------------------------------------------------------------------
n=4
(result of R-step: (1,2:4)0.63613215)
V=[0, 1, 2, 3]
total successes of this branch: 0
reason of abort: negative delta/dxy

--------------------------------------------------------------------------------
n=4
(result of R-step: (1,3:2)0.05157844)
V=[0, 1, 3, 4]
total successes of this branch: 1
Matrix on 4 elements:

0    0.00000000  1.33120281  0.94436740  0.92983711
1    1.33120281  0.00000000  0.48967545  0.53479016
3    0.94436740  0.48967545  0.00000000  0.05281964
4    0.92983711  0.53479016  0.05281964  0.00000000

--------------------------------------------------------------------------------
n=4
(result of R-step: (1,4:0)0.09791129)
V=[1, 2, 3, 4]
total successes of this branch: 1
Matrix on 4 elements:

1    0.00000000  0.77492637  0.49098197  0.51888238
2    0.77492637  0.00000000  0.33707083  0.37227875
3    0.49098197  0.33707083  0.00000000  0.03821837
4    0.51888238  0.37227875  0.03821837  0.00000000

--------------------------------------------------------------------------------
n=4
(result of R-step: (2,3:0)0.70815944)
V=[1, 2, 3, 4]
total successes of this branch: 0
reason of abort: negative delta/dxy

--------------------------------------------------------------------------------
n=4
(result of R-step: (2,4:3)0.56883827)
V=[0, 1, 2, 4]
total successes of this branch: 1
Matrix on 4 elements:

0    0.00000000  2.11630340  0.96708919  0.91392932
1    2.11630340  0.00000000  1.25228877  1.30398297
2    0.96708919  1.25228877  0.00000000  0.06454057
4    0.91392932  1.30398297  0.06454057  0.00000000

--------------------------------------------------------------------------------
n=4
(result of R-step: (3,4:1)0.21845148)
V=[0, 2, 3, 4]
total successes of this branch: 0
reason of abort: negative delta/dxy
