n=6
V=[0, 1, 2, 3, 4, 5]
total successes of this branch: 3
Matrix on 6 elements:

0    0.00000000  1.06572556  0.67725012  1.21676621  0.84705374  0.87915300
1    1.06572556  0.00000000  0.81893090  1.42424231  1.21779166  1.10515205
2    0.67725012  0.81893090  0.00000000  0.92784315  0.77630938  0.61498352
3    1.21676621  1.42424231  0.92784315  0.00000000  1.00662337  0.40095310
4    0.84705374  1.21779166  0.77630938  1.00662337  0.00000000  0.62431362
5    0.87915300  1.10515205  0.61498352  0.40095310  0.62431362  0.00000000

--------------------------------------------------------------------------------
n=5
(result of R-step: (3,4:5)0.88654445)
V=[0, 1, 2, 3, 4]
total successes of this branch: 3
Matrix on 5 elements:

0    0.00000000  1.06572556  0.67725012  0.88829234  0.72557643
1    1.06572556  0.00000000  0.81893090  1.09576843  1.09631435
2    0.67725012  0.81893090  0.00000000  0.59936928  0.65483208
3    0.88829234  1.09576843  0.59936928  0.00000000  0.55667219
4    0.72557643  1.09631435  0.65483208  0.55667219  0.00000000

--------------------------------------------------------------------------------
n=4
(result of R-step: (0,2:1)0.25170597)
V=[0, 2, 3, 4]
total successes of this branch: 1
Matrix on 4 elements:

0    0.00000000  0.25834805  0.61959025  0.45687435
2    0.25834805  0.00000000  0.44916929  0.50463209
3    0.61959025  0.44916929  0.00000000  0.55667219
4    0.45687435  0.50463209  0.55667219  0.00000000

--------------------------------------------------------------------------------
n=4
(result of R-step: (0,3:4)0.50884906)
V=[0, 1, 2, 3]
total successes of this branch: 1
Matrix on 4 elements:

0    0.00000000  0.79702347  0.40854803  0.52915750
1    0.79702347  0.00000000  0.81893090  1.00533568
2    0.40854803  0.81893090  0.00000000  0.50893652
3    0.52915750  1.00533568  0.50893652  0.00000000

--------------------------------------------------------------------------------
n=4
(result of R-step: (0,4:2)0.88369032)
V=[0, 1, 3, 4]
total successes of this branch: 0
reason of abort: negative delta/dxy

--------------------------------------------------------------------------------
n=4
(result of R-step: (1,3:0)0.28437656)
V=[1, 2, 3, 4]
total successes of this branch: 0
Matrix on 4 elements:

1    0.00000000  0.35102082  0.23572557  0.62840427
2    0.35102082  0.00000000  0.20723650  0.65483208
3    0.23572557  0.20723650  0.00000000  0.16453941
4    0.62840427  0.65483208  0.16453941  0.00000000
reason of abort: no pseudometric

--------------------------------------------------------------------------------
n=4
(result of R-step: (1,3:2)0.85365674)
V=[0, 1, 3, 4]
total successes of this branch: 1
Matrix on 4 elements:

0    0.00000000  0.46766207  0.79785959  0.72557643
1    0.46766207  0.00000000  0.40727219  0.49825086
3    0.79785959  0.40727219  0.00000000  0.46623944
4    0.72557643  0.49825086  0.46623944  0.00000000

--------------------------------------------------------------------------------
n=4
(result of R-step: (1,4:0)0.82454462)
V=[1, 2, 3, 4]
total successes of this branch: 0
reason of abort: negative delta/dxy

--------------------------------------------------------------------------------
n=4
(result of R-step: (1,4:2)0.45752561)
V=[0, 1, 3, 4]
total successes of this branch: 0
Matrix on 4 elements:

0    0.00000000  0.59781548  0.88829234  0.39635035
1    0.59781548  0.00000000  0.62785835  0.29917819
3    0.88829234  0.62785835  0.00000000  0.22744611
4    0.39635035  0.29917819  0.22744611  0.00000000
reason of abort: no pseudometric

--------------------------------------------------------------------------------
n=4
(result of R-step: (2,3:0)0.53052930)
V=[1, 2, 3, 4]
total successes of this branch: 0
reason of abort: negative delta/dxy

--------------------------------------------------------------------------------
n=4
(result of R-step: (2,4:3)0.71275589)
V=[0, 1, 2, 4]
total successes of this branch: 0
reason of abort: negative delta/dxy

--------------------------------------------------------------------------------
n=4
(result of R-step: (3,4:1)0.80690872)
V=[0, 2, 3, 4]
total successes of this branch: 0
reason of abort: negative delta/dxy
