n=6
V=[0, 1, 2, 3, 4, 5]
total successes of this branch: 5
Matrix on 6 elements:

0    0.00000000  1.21560819  1.46070521  0.99738802  1.52128436  0.58513180
1    1.21560819  0.00000000  1.18906185  0.99762351  0.63987905  1.02856161
2    1.46070521  1.18906185  0.00000000  1.23300112  1.43561428  1.26752069
3    0.99738802  0.99762351  1.23300112  0.00000000  1.30237363  0.67086299
4    1.52128436  0.63987905  1.43561428  1.30237363  0.00000000  1.33365296
5    0.58513180  1.02856161  1.26752069  0.67086299  1.33365296  0.00000000

--------------------------------------------------------------------------------
n=5
(result of R-step: (1,2:4)0.90472193)
V=[0, 1, 2, 3, 5]
total successes of this branch: 5
Matrix on 5 elements:

0    0.00000000  1.08061437  1.05389519  0.99738802  0.58513180
1    1.08061437  0.00000000  0.64725801  0.86262969  0.89356779
2    1.05389519  0.64725801  0.00000000  0.82619110  0.86071067
3    0.99738802  0.86262969  0.82619110  0.00000000  0.67086299
5    0.58513180  0.89356779  0.86071067  0.67086299  0.00000000

--------------------------------------------------------------------------------
n=4
(result of R-step: (0,1:3)0.56167383)
V=[0, 1, 2, 5]
total successes of this branch: 0
Matrix on 4 elements:

0    0.00000000  0.22228643  0.54364280  0.07487940
1    0.22228643  0.00000000  0.29918246  0.54549224
2    0.54364280  0.29918246  0.00000000  0.86071067
5    0.07487940  0.54549224  0.86071067  0.00000000
reason of abort: no pseudometric

--------------------------------------------------------------------------------
n=4
(result of R-step: (0,2:1)0.00801624)
V=[0, 2, 3, 5]
total successes of this branch: 1
Matrix on 4 elements:

0    0.00000000  0.74327017  0.99107418  0.57881796
2    0.74327017  0.00000000  0.52187992  0.55639948
3    0.99107418  0.52187992  0.00000000  0.67086299
5    0.57881796  0.55639948  0.67086299  0.00000000

--------------------------------------------------------------------------------
n=4
(result of R-step: (0,2:3)0.57158867)
V=[0, 1, 2, 5]
total successes of this branch: 0
Matrix on 4 elements:

0    0.00000000  0.57481595  0.24917089  0.07933337
1    0.57481595  0.00000000  0.34833214  0.89356779
2    0.24917089  0.34833214  0.00000000  0.56178479
5    0.07933337  0.89356779  0.56178479  0.00000000
reason of abort: no pseudometric

--------------------------------------------------------------------------------
n=4
(result of R-step: (0,3:5)0.36848569)
V=[0, 1, 2, 3]
total successes of this branch: 1
Matrix on 4 elements:

0    0.00000000  1.07430054  1.04758135  0.71180425
1    1.07430054  0.00000000  0.64725801  0.58335976
2    1.04758135  0.64725801  0.00000000  0.54692117
3    0.71180425  0.58335976  0.54692117  0.00000000

--------------------------------------------------------------------------------
n=4
(result of R-step: (1,3:2)0.95599362)
V=[0, 1, 3, 5]
total successes of this branch: 1
Matrix on 4 elements:

0    0.00000000  0.74988335  0.71811809  0.58513180
1    0.74988335  0.00000000  0.25262873  0.56283677
3    0.71811809  0.25262873  0.00000000  0.39159306
5    0.58513180  0.56283677  0.39159306  0.00000000

--------------------------------------------------------------------------------
n=4
(result of R-step: (1,5:0)0.32905760)
V=[1, 2, 3, 5]
total successes of this branch: 1
Matrix on 4 elements:

1    0.00000000  0.31652699  0.53189866  0.54221370
2    0.31652699  0.00000000  0.82619110  0.84008760
3    0.53189866  0.82619110  0.00000000  0.65023992
5    0.54221370  0.84008760  0.65023992  0.00000000

--------------------------------------------------------------------------------
n=4
(result of R-step: (1,5:3)0.63020678)
V=[0, 1, 2, 5]
total successes of this branch: 0
Matrix on 4 elements:

0    0.00000000  0.73771531  1.05389519  0.57467897
1    0.73771531  0.00000000  0.30435895  0.54021590
2    1.05389519  0.30435895  0.00000000  0.85025784
5    0.57467897  0.54021590  0.85025784  0.00000000
reason of abort: no pseudometric

--------------------------------------------------------------------------------
n=4
(result of R-step: (2,5:0)0.34727413)
V=[1, 2, 3, 5]
total successes of this branch: 0
Matrix on 4 elements:

1    0.00000000  0.33122025  0.86262969  0.88311497
2    0.33122025  0.00000000  0.51015334  0.53422008
3    0.86262969  0.51015334  0.00000000  0.66041017
5    0.88311497  0.53422008  0.66041017  0.00000000
reason of abort: no pseudometric

--------------------------------------------------------------------------------
n=4
(result of R-step: (2,5:1)0.96899072)
V=[0, 2, 3, 5]
total successes of this branch: 0
Matrix on 4 elements:

0    0.00000000  0.75496931  0.99738802  0.29018873
2    0.75496931  0.00000000  0.52726523  0.26684172
3    0.99738802  0.52726523  0.00000000  0.37591992
5    0.29018873  0.26684172  0.37591992  0.00000000
reason of abort: no pseudometric

--------------------------------------------------------------------------------
n=4
(result of R-step: (2,5:3)0.61978878)
V=[0, 1, 2, 5]
total successes of this branch: 1
Matrix on 4 elements:

0    0.00000000  1.08061437  0.74958400  0.56450872
1    1.08061437  0.00000000  0.34294683  0.87294472
2    0.74958400  0.34294683  0.00000000  0.53577641
5    0.56450872  0.87294472  0.53577641  0.00000000
