n=8
V=[0, 1, 2, 3, 4, 5, 6, 7]
total successes of this branch: 1
Matrix on 8 elements:

0    0.00000000  1.74887866  1.66397978  1.55846052  1.70498433  1.51980719  0.58943874  1.63393655
1    1.74887866  0.00000000  1.61678348  1.69912146  1.19759877  0.95006499  1.73591465  1.64022658
2    1.66397978  1.61678348  0.00000000  1.60021404  1.16805694  1.62730151  1.64736590  0.52216178
3    1.55846052  1.69912146  1.60021404  0.00000000  1.64798445  1.66777418  1.21702740  1.17109544
4    1.70498433  1.19759877  1.16805694  1.64798445  0.00000000  1.31067323  1.69013327  1.30470091
5    1.51980719  0.95006499  1.62730151  1.66777418  1.31067323  0.00000000  1.55835932  1.63882480
6    0.58943874  1.73591465  1.64736590  1.21702740  1.69013327  1.55835932  0.00000000  1.52484080
7    1.63393655  1.64022658  0.52216178  1.17109544  1.30470091  1.63882480  1.52484080  0.00000000

--------------------------------------------------------------------------------
n=7
(result of R-step: (2,3:7)0.71528205)
V=[0, 1, 2, 3, 4, 5, 6]
total successes of this branch: 1
Matrix on 7 elements:

0    0.00000000  1.74887866  1.61745819  1.51193893  1.70498433  1.51980719  0.58943874
1    1.74887866  0.00000000  1.57026189  1.65259987  1.19759877  0.95006499  1.73591465
2    1.61745819  1.57026189  0.00000000  1.50717086  1.12153535  1.58077992  1.60084431
3    1.51193893  1.65259987  1.50717086  0.00000000  1.60146286  1.62125259  1.17050581
4    1.70498433  1.19759877  1.12153535  1.60146286  0.00000000  1.31067323  1.69013327
5    1.51980719  0.95006499  1.58077992  1.62125259  1.31067323  0.00000000  1.55835932
6    0.58943874  1.73591465  1.60084431  1.17050581  1.69013327  1.55835932  0.00000000

--------------------------------------------------------------------------------
n=6
(result of R-step: (0,3:6)0.73945450)
V=[0, 1, 2, 3, 4, 5]
total successes of this branch: 1
Matrix on 6 elements:

0    0.00000000  1.62487586  1.49345538  1.31045491  1.58098153  1.39580439
1    1.62487586  0.00000000  1.57026189  1.57511866  1.19759877  0.95006499
2    1.49345538  1.57026189  0.00000000  1.42968964  1.12153535  1.58077992
3    1.31045491  1.57511866  1.42968964  0.00000000  1.52398165  1.54377137
4    1.58098153  1.19759877  1.12153535  1.52398165  0.00000000  1.31067323
5    1.39580439  0.95006499  1.58077992  1.54377137  1.31067323  0.00000000

--------------------------------------------------------------------------------
n=5
(result of R-step: (0,1:5)0.22285707)
V=[0, 1, 2, 3, 4]
total successes of this branch: 1
Matrix on 5 elements:

0    0.00000000  1.02788515  1.25696143  1.07396096  1.34448757
1    1.02788515  0.00000000  1.20976513  1.21462190  0.83710201
2    1.25696143  1.20976513  0.00000000  1.42968964  1.12153535
3    1.07396096  1.21462190  1.42968964  0.00000000  1.52398165
4    1.34448757  0.83710201  1.12153535  1.52398165  0.00000000

--------------------------------------------------------------------------------
n=4
(result of R-step: (0,1:2)0.10703799)
V=[0, 1, 3, 4]
total successes of this branch: 0
Matrix on 4 elements:

0    0.00000000  0.03190660  0.56491161  0.83543823
1    0.03190660  0.00000000  0.72769269  0.35017281
3    0.56491161  0.72769269  0.00000000  1.52398165
4    0.83543823  0.35017281  1.52398165  0.00000000
reason of abort: no pseudometric

--------------------------------------------------------------------------------
n=4
(result of R-step: (0,4:2)0.72870215)
V=[0, 1, 3, 4]
total successes of this branch: 0
reason of abort: negative delta/dxy

--------------------------------------------------------------------------------
n=4
(result of R-step: (1,2:4)0.48298107)
V=[0, 1, 2, 3]
total successes of this branch: 1
Matrix on 4 elements:

0    0.00000000  1.01394579  0.92904690  1.07396096
1    1.01394579  0.00000000  0.86791124  1.20068254
2    0.92904690  0.86791124  0.00000000  1.10177512
3    1.07396096  1.20068254  1.10177512  0.00000000

--------------------------------------------------------------------------------
n=4
(result of R-step: (1,3:2)0.91361311)
V=[0, 1, 3, 4]
total successes of this branch: 0
Matrix on 4 elements:

0    0.00000000  0.54642217  0.52469235  1.34448757
1    0.54642217  0.00000000  0.18389031  0.35563903
3    0.52469235  0.18389031  0.00000000  0.97471304
4    1.34448757  0.35563903  0.97471304  0.00000000
reason of abort: no pseudometric

--------------------------------------------------------------------------------
n=4
(result of R-step: (3,4:2)0.71011765)
V=[0, 1, 3, 4]
total successes of this branch: 0
reason of abort: negative delta/dxy
