n=8
V=[0, 1, 2, 3, 4, 5, 6, 7]
total successes of this branch: 1
Matrix on 8 elements:

0    0.00000000  1.46074413  1.22248733  1.32672969  0.93158623  1.29306938  1.30578926  1.29500735
1    1.46074413  0.00000000  0.57150250  0.45942084  0.85508346  0.49561250  0.48193605  0.49352878
2    1.22248733  0.57150250  0.00000000  0.42740984  0.60119260  0.34401240  0.37552743  0.34881397
3    1.32672969  0.45942084  0.42740984  0.00000000  0.71420476  0.25253442  0.19488439  0.24375097
4    0.93158623  0.85508346  0.60119260  0.71420476  0.00000000  0.67771264  0.69150263  0.67981365
5    1.29306938  0.49561250  0.34401240  0.25253442  0.67771264  0.00000000  0.15762660  0.03887974
6    1.30578926  0.48193605  0.37552743  0.19488439  0.69150263  0.15762660  0.00000000  0.13628262
7    1.29500735  0.49352878  0.34881397  0.24375097  0.67981365  0.03887974  0.13628262  0.00000000

--------------------------------------------------------------------------------
n=7
(result of R-step: (1,4:0)0.03896062)
V=[1, 2, 3, 4, 5, 6, 7]
total successes of this branch: 1
Matrix on 7 elements:

1    0.00000000  0.35944499  0.24736333  0.49952497  0.28355499  0.26987854  0.28147127
2    0.35944499  0.00000000  0.42740984  0.45769162  0.34401240  0.37552743  0.34881397
3    0.24736333  0.42740984  0.00000000  0.57070379  0.25253442  0.19488439  0.24375097
4    0.49952497  0.45769162  0.57070379  0.00000000  0.53421166  0.54800166  0.53631268
5    0.28355499  0.34401240  0.25253442  0.53421166  0.00000000  0.15762660  0.03887974
6    0.26987854  0.37552743  0.19488439  0.54800166  0.15762660  0.00000000  0.13628262
7    0.28147127  0.34881397  0.24375097  0.53631268  0.03887974  0.13628262  0.00000000

--------------------------------------------------------------------------------
n=6
(result of R-step: (1,2:4)0.39222065)
V=[1, 2, 3, 5, 6, 7]
total successes of this branch: 1
Matrix on 6 elements:

1    0.00000000  0.18927439  0.16176123  0.19795289  0.18427644  0.19586917
2    0.18927439  0.00000000  0.34284134  0.25944391  0.29095893  0.26424548
3    0.16176123  0.34284134  0.00000000  0.25253442  0.19488439  0.24375097
5    0.19795289  0.25944391  0.25253442  0.00000000  0.15762660  0.03887974
6    0.18427644  0.29095893  0.19488439  0.15762660  0.00000000  0.13628262
7    0.19586917  0.26424548  0.24375097  0.03887974  0.13628262  0.00000000

--------------------------------------------------------------------------------
n=5
(result of R-step: (2,3:1)0.49317052)
V=[2, 3, 5, 6, 7]
total successes of this branch: 1
Matrix on 5 elements:

2    0.00000000  0.21833382  0.18492467  0.21643969  0.18972624
3    0.21833382  0.00000000  0.20254614  0.14489611  0.19376268
5    0.18492467  0.20254614  0.00000000  0.15762660  0.03887974
6    0.21643969  0.14489611  0.15762660  0.00000000  0.13628262
7    0.18972624  0.19376268  0.03887974  0.13628262  0.00000000

--------------------------------------------------------------------------------
n=4
(result of R-step: (2,7:5)0.22596596)
V=[2, 3, 6, 7]
total successes of this branch: 0
reason of abort: negative delta/dxy

--------------------------------------------------------------------------------
n=4
(result of R-step: (3,5:7)0.56666143)
V=[2, 3, 5, 6]
total successes of this branch: 0
reason of abort: negative delta/dxy

--------------------------------------------------------------------------------
n=4
(result of R-step: (5,6:7)0.84764184)
V=[2, 3, 5, 6]
total successes of this branch: 1
Matrix on 4 elements:

2    0.00000000  0.21833382  0.17615679  0.20767182
3    0.21833382  0.00000000  0.19377826  0.13612823
5    0.17615679  0.19377826  0.00000000  0.14009085
6    0.20767182  0.13612823  0.14009085  0.00000000
