n=8
V=[0, 1, 2, 3, 4, 5, 6, 7]
total successes of this branch: 1
Matrix on 8 elements:

0    0.00000000  1.33430306  1.33427190  1.21697757  1.33428690  1.33428457  0.95380148  0.92275688
1    1.33430306  0.00000000  1.15521366  1.22132575  0.96723071  0.99645237  1.00299168  1.02760219
2    1.33427190  1.15521366  0.00000000  1.13383049  0.95263999  0.90748692  1.25092974  1.25712057
3    1.21697757  1.22132575  1.13383049  0.00000000  1.17594376  1.16939732  1.21900142  1.21885108
4    1.33428690  0.96723071  0.95263999  1.17594376  0.00000000  0.70732331  1.16344161  1.17613236
5    1.33428457  0.99645237  0.90748692  1.16939732  0.70732331  0.00000000  1.17704150  1.18872185
6    0.95380148  1.00299168  1.25092974  1.21900142  1.16344161  1.17704150  0.00000000  0.56691783
7    0.92275688  1.02760219  1.25712057  1.21885108  1.17613236  1.18872185  0.56691783  0.00000000

--------------------------------------------------------------------------------
n=7
(result of R-step: (0,6:7)0.07428213)
V=[0, 1, 2, 3, 4, 5, 6]
total successes of this branch: 1
Matrix on 7 elements:

0    0.00000000  1.06636645  1.06633529  0.94904096  1.06635029  1.06634796  0.41792825
1    1.06636645  0.00000000  1.15521366  1.22132575  0.96723071  0.99645237  0.73505506
2    1.06633529  1.15521366  0.00000000  1.13383049  0.95263999  0.90748692  0.98299312
3    0.94904096  1.22132575  1.13383049  0.00000000  1.17594376  1.16939732  0.95106480
4    1.06635029  0.96723071  0.95263999  1.17594376  0.00000000  0.70732331  0.89550500
5    1.06634796  0.99645237  0.90748692  1.16939732  0.70732331  0.00000000  0.90910489
6    0.41792825  0.73505506  0.98299312  0.95106480  0.89550500  0.90910489  0.00000000

--------------------------------------------------------------------------------
n=6
(result of R-step: (0,1:6)0.53455275)
V=[0, 1, 2, 3, 4, 5]
total successes of this branch: 1
Matrix on 6 elements:

0    0.00000000  0.71181297  1.02302686  0.90573252  1.02304186  1.02303952
1    0.71181297  0.00000000  0.84396861  0.91008070  0.65598567  0.68520732
2    1.02302686  0.84396861  0.00000000  1.13383049  0.95263999  0.90748692
3    0.90573252  0.91008070  1.13383049  0.00000000  1.17594376  1.16939732
4    1.02304186  0.65598567  0.95263999  1.17594376  0.00000000  0.70732331
5    1.02303952  0.68520732  0.90748692  1.16939732  0.70732331  0.00000000

--------------------------------------------------------------------------------
n=5
(result of R-step: (1,3:0)0.18295942)
V=[1, 2, 3, 4, 5]
total successes of this branch: 1
Matrix on 5 elements:

1    0.00000000  0.77288514  0.35126419  0.58490219  0.61412385
2    0.77288514  0.00000000  0.64609746  0.95263999  0.90748692
3    0.35126419  0.64609746  0.00000000  0.68821073  0.68166429
4    0.58490219  0.95263999  0.68821073  0.00000000  0.70732331
5    0.61412385  0.90748692  0.68166429  0.70732331  0.00000000

--------------------------------------------------------------------------------
n=4
(result of R-step: (2,4:5)0.15544844)
V=[1, 2, 3, 4]
total successes of this branch: 1
Matrix on 4 elements:

1    0.00000000  0.44180002  0.35126419  0.25381707
2    0.44180002  0.00000000  0.31501234  0.29046976
3    0.35126419  0.31501234  0.00000000  0.35712561
4    0.25381707  0.29046976  0.35712561  0.00000000
