n=8
V=[0, 1, 2, 3, 4, 5, 6, 7]
total successes of this branch: 1
Matrix on 8 elements:

0    0.00000000  1.51013675  1.44671781  0.94995625  1.48684608  1.22413066  1.50140443  0.55742053
1    1.51013675  0.00000000  1.38691239  1.46790812  0.92448501  0.92243793  0.56173717  1.48560546
2    1.44671781  1.38691239  0.00000000  1.18772195  1.11851689  1.40648961  1.28628341  1.29626294
3    0.94995625  1.46790812  1.18772195  0.00000000  1.36500944  1.29835730  1.42932853  0.40584001
4    1.48684608  0.92448501  1.11851689  1.36500944  0.00000000  1.10857312  0.70690320  1.41606921
5    1.22413066  0.92243793  1.40648961  1.29835730  1.10857312  0.00000000  0.99222522  1.26725011
6    1.50140443  0.56173717  1.28628341  1.42932853  0.70690320  0.99222522  0.00000000  1.45953438
7    0.55742053  1.48560546  1.29626294  0.40584001  1.41606921  1.26725011  1.45953438  0.00000000

--------------------------------------------------------------------------------
n=7
(result of R-step: (0,3:7)0.41908387)
V=[0, 1, 2, 3, 4, 5, 6]
total successes of this branch: 1
Matrix on 7 elements:

0    0.00000000  1.50348461  1.44006567  0.93665196  1.48019394  1.21747852  1.49475229
1    1.50348461  0.00000000  1.38691239  1.46125598  0.92448501  0.92243793  0.56173717
2    1.44006567  1.38691239  0.00000000  1.18106980  1.11851689  1.40648961  1.28628341
3    0.93665196  1.46125598  1.18106980  0.00000000  1.35835730  1.29170515  1.42267639
4    1.48019394  0.92448501  1.11851689  1.35835730  0.00000000  1.10857312  0.70690320
5    1.21747852  0.92243793  1.40648961  1.29170515  1.10857312  0.00000000  0.99222522
6    1.49475229  0.56173717  1.28628341  1.42267639  0.70690320  0.99222522  0.00000000

--------------------------------------------------------------------------------
n=6
(result of R-step: (1,4:6)0.62507205)
V=[0, 1, 2, 3, 4, 5]
total successes of this branch: 1
Matrix on 6 elements:

0    0.00000000  1.33140693  1.44006567  0.93665196  1.30811626  1.21747852
1    1.33140693  0.00000000  1.21483471  1.28917830  0.58032965  0.75036025
2    1.44006567  1.21483471  0.00000000  1.18106980  0.94643921  1.40648961
3    0.93665196  1.28917830  1.18106980  0.00000000  1.18627962  1.29170515
4    1.30811626  0.58032965  0.94643921  1.18627962  0.00000000  0.93649544
5    1.21747852  0.75036025  1.40648961  1.29170515  0.93649544  0.00000000

--------------------------------------------------------------------------------
n=5
(result of R-step: (0,1:5)0.32734861)
V=[0, 1, 2, 3, 4]
total successes of this branch: 1
Matrix on 5 elements:

0    0.00000000  0.87370492  1.12850190  0.62508819  0.99655248
1    0.87370492  0.00000000  1.06869647  1.14304006  0.43419141
2    1.12850190  1.06869647  0.00000000  1.18106980  0.94643921
3    0.62508819  1.14304006  1.18106980  0.00000000  1.18627962
4    0.99655248  0.43419141  0.94643921  1.18627962  0.00000000

--------------------------------------------------------------------------------
n=4
(result of R-step: (1,2:4)0.63274891)
V=[0, 1, 2, 3]
total successes of this branch: 1
Matrix on 4 elements:

0    0.00000000  0.86387608  0.80045714  0.62508819
1    0.86387608  0.00000000  0.73082288  1.13321122
2    0.80045714  0.73082288  0.00000000  0.85302505
3    0.62508819  1.13321122  0.85302505  0.00000000
