n=8
V=[0, 1, 2, 3, 4, 5, 6, 7]
total successes of this branch: 2
Matrix on 8 elements:

0    0.00000000  1.78974437  1.74449419  1.40774992  0.93251899  0.69849763  1.78840735  1.74650121
1    1.78974437  0.00000000  1.38978340  1.67430786  1.77020997  1.78719435  0.17491441  1.33425865
2    1.74449419  1.38978340  0.00000000  1.60787119  1.73659115  1.74346253  1.35279428  0.07614795
3    1.40774992  1.67430786  1.60787119  0.00000000  1.41368889  1.40852519  1.67234483  1.61081791
4    0.93251899  1.77020997  1.73659115  1.41368889  0.00000000  0.89738325  1.76921662  1.73808228
5    0.69849763  1.78719435  1.74346253  1.40852519  0.89738325  0.00000000  1.78590219  1.74540220
6    1.78840735  0.17491441  1.35279428  1.67234483  1.76921662  1.78590219  0.00000000  1.29165156
7    1.74650121  1.33425865  0.07614795  1.61081791  1.73808228  1.74540220  1.29165156  0.00000000

--------------------------------------------------------------------------------
n=7
(result of R-step: (0,4:5)0.86946009)
V=[0, 1, 2, 3, 4, 6, 7]
total successes of this branch: 2
Matrix on 7 elements:

0    0.00000000  1.45806343  1.41281325  1.07606897  0.26915711  1.45672640  1.41482027
1    1.45806343  0.00000000  1.38978340  1.67430786  1.43852902  0.17491441  1.33425865
2    1.41281325  1.38978340  0.00000000  1.60787119  1.40491021  1.35279428  0.07614795
3    1.07606897  1.67430786  1.60787119  0.00000000  1.08200794  1.67234483  1.61081791
4    0.26915711  1.43852902  1.40491021  1.08200794  0.00000000  1.43753568  1.40640133
6    1.45672640  0.17491441  1.35279428  1.67234483  1.43753568  0.00000000  1.29165156
7    1.41482027  1.33425865  0.07614795  1.61081791  1.40640133  1.29165156  0.00000000

--------------------------------------------------------------------------------
n=6
(result of R-step: (2,6:7)0.95429569)
V=[0, 1, 2, 3, 4, 6]
total successes of this branch: 2
Matrix on 6 elements:

0    0.00000000  1.45806343  1.40531063  1.07606897  0.26915711  1.44922379
1    1.45806343  0.00000000  1.38228078  1.67430786  1.43852902  0.16741180
2    1.40531063  1.38228078  0.00000000  1.60036858  1.39740760  1.33778905
3    1.07606897  1.67430786  1.60036858  0.00000000  1.08200794  1.66484222
4    0.26915711  1.43852902  1.39740760  1.08200794  0.00000000  1.43003306
6    1.44922379  0.16741180  1.33778905  1.66484222  1.43003306  0.00000000

--------------------------------------------------------------------------------
n=5
(result of R-step: (1,2:6)0.97045263)
V=[0, 1, 2, 3, 4]
total successes of this branch: 2
Matrix on 5 elements:

0    0.00000000  1.38910078  1.34385060  1.07606897  0.26915711
1    1.38910078  0.00000000  1.25185810  1.60534521  1.36956638
2    1.34385060  1.25185810  0.00000000  1.53890855  1.33594756
3    1.07606897  1.60534521  1.53890855  0.00000000  1.08200794
4    0.26915711  1.36956638  1.33594756  1.08200794  0.00000000

--------------------------------------------------------------------------------
n=4
(result of R-step: (0,1:3)0.48189200)
V=[0, 1, 2, 4]
total successes of this branch: 0
Matrix on 4 elements:

0    0.00000000  0.60218546  1.22593543  0.15124193
1    0.60218546  0.00000000  0.58285795  0.70056622
2    1.22593543  0.58285795  0.00000000  1.33594756
4    0.15124193  0.70056622  1.33594756  0.00000000
reason of abort: no pseudometric

--------------------------------------------------------------------------------
n=4
(result of R-step: (0,1:4)0.97771978)
V=[0, 1, 2, 3]
total successes of this branch: 1
Matrix on 4 elements:

0    0.00000000  0.87675978  1.21903925  0.95125762
1    0.87675978  0.00000000  0.86432845  1.21781556
2    1.21903925  0.86432845  0.00000000  1.53890855
3    0.95125762  1.21781556  1.53890855  0.00000000

--------------------------------------------------------------------------------
n=4
(result of R-step: (0,2:3)0.50449337)
V=[0, 1, 2, 4]
total successes of this branch: 1
Matrix on 4 elements:

0    0.00000000  1.26428943  0.63711390  0.14434575
1    1.26428943  0.00000000  0.66993275  1.36956638
2    0.63711390  0.66993275  0.00000000  0.75402221
4    0.14434575  1.36956638  0.75402221  0.00000000

--------------------------------------------------------------------------------
n=4
(result of R-step: (0,2:4)0.95755020)
V=[0, 1, 2, 3]
total successes of this branch: 0
Matrix on 4 elements:

0    0.00000000  1.27118561  0.48563004  0.95815380
1    1.27118561  0.00000000  0.51155271  1.60534521
2    0.48563004  0.51155271  0.00000000  0.79860315
3    0.95815380  1.60534521  0.79860315  0.00000000
reason of abort: no pseudometric

--------------------------------------------------------------------------------
n=4
(result of R-step: (1,4:3)0.50160653)
V=[0, 1, 2, 4]
total successes of this branch: 0
Matrix on 4 elements:

0    0.00000000  0.71364958  1.34385060  0.11879027
1    0.71364958  0.00000000  0.57640690  0.54374834
2    1.34385060  0.57640690  0.00000000  1.18558073
4    0.11879027  0.54374834  1.18558073  0.00000000
reason of abort: no pseudometric

--------------------------------------------------------------------------------
n=4
(result of R-step: (2,4:3)0.47897701)
V=[0, 1, 2, 4]
total successes of this branch: 0
Matrix on 4 elements:

0    0.00000000  1.38910078  0.76898923  0.12524658
1    1.38910078  0.00000000  0.67699673  1.22565585
2    0.76898923  0.67699673  0.00000000  0.61717567
4    0.12524658  1.22565585  0.61717567  0.00000000
reason of abort: no pseudometric
