n=8
V=[0, 1, 2, 3, 4, 5, 6, 7]
total successes of this branch: 1
Matrix on 8 elements:

0    0.00000000  1.44014825  1.34104438  1.37486234  1.36509836  1.43019641  1.41688354  1.37815712
1    1.44014825  0.00000000  1.36914970  1.24055024  1.27767970  0.81225619  0.91529982  1.21504817
2    1.34104438  1.36914970  0.00000000  1.12088716  1.04157006  1.33130587  1.28068106  1.13341620
3    1.37486234  1.24055024  1.12088716  0.00000000  0.92548612  1.16352151  0.95477600  0.08395103
4    1.36509836  1.27767970  1.04157006  0.92548612  0.00000000  1.22399318  1.15217511  0.94326023
5    1.43019641  0.81225619  1.33130587  1.16352151  1.22399318  0.00000000  0.50463004  1.11185948
6    1.41688354  0.91529982  1.28068106  0.95477600  1.15217511  0.50463004  0.00000000  0.88068771
7    1.37815712  1.21504817  1.13341620  0.08395103  0.94326023  1.11185948  0.88068771  0.00000000

--------------------------------------------------------------------------------
n=7
(result of R-step: (0,4:2)0.36224562)
V=[0, 1, 3, 4, 5, 6, 7]
total successes of this branch: 1
Matrix on 7 elements:

0    0.00000000  0.83582011  0.77053420  0.35743886  0.82586827  0.81255540  0.77382898
1    0.83582011  0.00000000  1.24055024  0.87434834  0.81225619  0.91529982  1.21504817
3    0.77053420  1.24055024  0.00000000  0.52215476  1.16352151  0.95477600  0.08395103
4    0.35743886  0.87434834  0.52215476  0.00000000  0.82066182  0.74884375  0.53992887
5    0.82586827  0.81225619  1.16352151  0.82066182  0.00000000  0.50463004  1.11185948
6    0.81255540  0.91529982  0.95477600  0.74884375  0.50463004  0.00000000  0.88068771
7    0.77382898  1.21504817  0.08395103  0.53992887  1.11185948  0.88068771  0.00000000

--------------------------------------------------------------------------------
n=6
(result of R-step: (3,6:7)0.92159250)
V=[0, 1, 3, 4, 5, 6]
total successes of this branch: 1
Matrix on 6 elements:

0    0.00000000  0.83582011  0.76560283  0.35743886  0.82586827  0.80762403
1    0.83582011  0.00000000  1.23561887  0.87434834  0.81225619  0.91036845
3    0.76560283  1.23561887  0.00000000  0.51722339  1.15859014  0.94491326
4    0.35743886  0.87434834  0.51722339  0.00000000  0.82066182  0.74391238
5    0.82586827  0.81225619  1.15859014  0.82066182  0.00000000  0.49969867
6    0.80762403  0.91036845  0.94491326  0.74391238  0.49969867  0.00000000

--------------------------------------------------------------------------------
n=5
(result of R-step: (3,5:6)0.24059084)
V=[0, 1, 3, 4, 5]
total successes of this branch: 1
Matrix on 5 elements:

0    0.00000000  0.83582011  0.62259194  0.35743886  0.67792601
1    0.83582011  0.00000000  1.09260798  0.87434834  0.66431393
3    0.62259194  1.09260798  0.00000000  0.37421249  0.86763699
4    0.35743886  0.87434834  0.37421249  0.00000000  0.67271955
5    0.67792601  0.66431393  0.86763699  0.67271955  0.00000000

--------------------------------------------------------------------------------
n=4
(result of R-step: (0,3:4)0.34799173)
V=[0, 1, 3, 5]
total successes of this branch: 1
Matrix on 4 elements:

0    0.00000000  0.72029531  0.28739566  0.56240120
1    0.72029531  0.00000000  0.87293651  0.66431393
3    0.28739566  0.87293651  0.00000000  0.64796552
5    0.56240120  0.66431393  0.64796552  0.00000000
