n=8
V=[0, 1, 2, 3, 4, 5, 6, 7]
total successes of this branch: 1
Matrix on 8 elements:

0    0.00000000  2.92910997  2.83195894  2.76860414  2.12222525  2.45987873  2.87387044  2.11918229
1    2.92910997  0.00000000  2.66581906  2.72017167  2.83840122  2.73827763  1.80839909  2.83853572
2    2.83195894  2.66581906  0.00000000  2.73799890  2.79116700  1.85202052  1.53573629  2.79122749
3    2.76860414  2.72017167  2.73799890  0.00000000  2.27268569  2.74642157  2.73030813  2.27342100
4    2.12222525  2.83840122  2.79116700  2.27268569  0.00000000  2.60707192  2.81154411  0.07299360
5    2.45987873  2.73827763  1.85202052  2.74642157  2.60707192  0.00000000  2.23435687  2.60685367
6    2.87387044  1.80839909  1.53573629  2.73030813  2.81154411  2.23435687  0.00000000  2.81163653
7    2.11918229  2.83853572  2.79122749  2.27342100  0.07299360  2.60685367  2.81163653  0.00000000

--------------------------------------------------------------------------------
n=7
(result of R-step: (0,4:7)0.00148273)
V=[0, 1, 2, 3, 4, 5, 6]
total successes of this branch: 1
Matrix on 7 elements:

0    0.00000000  2.89413465  2.79698362  2.73362882  2.05227462  2.42490342  2.83889513
1    2.89413465  0.00000000  2.66581906  2.72017167  2.80342591  2.73827763  1.80839909
2    2.79698362  2.66581906  0.00000000  2.73799890  2.75619169  1.85202052  1.53573629
3    2.73362882  2.72017167  2.73799890  0.00000000  2.23771037  2.74642157  2.73030813
4    2.05227462  2.80342591  2.75619169  2.23771037  0.00000000  2.57209660  2.77656880
5    2.42490342  2.73827763  1.85202052  2.74642157  2.57209660  0.00000000  2.23435687
6    2.83889513  1.80839909  1.53573629  2.73030813  2.77656880  2.23435687  0.00000000

--------------------------------------------------------------------------------
n=6
(result of R-step: (1,2:6)0.43140568)
V=[0, 1, 2, 3, 4, 5]
total successes of this branch: 1
Matrix on 6 elements:

0    0.00000000  2.55497649  2.45782546  2.73362882  2.05227462  2.42490342
1    2.55497649  0.00000000  1.98750273  2.38101351  2.46426774  2.39911946
2    2.45782546  1.98750273  0.00000000  2.39884074  2.41703352  1.51286236
3    2.73362882  2.38101351  2.39884074  0.00000000  2.23771037  2.74642157
4    2.05227462  2.46426774  2.41703352  2.23771037  0.00000000  2.57209660
5    2.42490342  2.39911946  1.51286236  2.74642157  2.57209660  0.00000000

--------------------------------------------------------------------------------
n=5
(result of R-step: (1,4:3)0.75039957)
V=[0, 1, 2, 4, 5]
total successes of this branch: 1
Matrix on 5 elements:

0    0.00000000  1.58095922  2.45782546  1.88320846  2.42490342
1    1.58095922  0.00000000  1.01348546  1.32118432  1.42510219
2    2.45782546  1.01348546  0.00000000  2.24796737  1.51286236
4    1.88320846  1.32118432  2.24796737  0.00000000  2.40303045
5    2.42490342  1.42510219  1.51286236  2.40303045  0.00000000

--------------------------------------------------------------------------------
n=4
(result of R-step: (0,2:1)0.65712947)
V=[0, 2, 4, 5]
total successes of this branch: 0
Matrix on 4 elements:

0    0.00000000  1.24867943  0.79869423  1.34038919
2    1.24867943  0.00000000  2.12333558  1.38823056
4    0.79869423  2.12333558  0.00000000  2.40303045
5    1.34038919  1.38823056  2.40303045  0.00000000
reason of abort: no pseudometric

--------------------------------------------------------------------------------
n=4
(result of R-step: (0,5:1)0.39764825)
V=[0, 2, 4, 5]
total successes of this branch: 0
Matrix on 4 elements:

0    0.00000000  1.20614860  0.63153161  0.06425376
2    1.20614860  0.00000000  2.24796737  0.40388955
4    0.63153161  2.24796737  0.00000000  1.29405765
5    0.06425376  0.40388955  1.29405765  0.00000000
reason of abort: no pseudometric

--------------------------------------------------------------------------------
n=4
(result of R-step: (1,5:2)0.79017904)
V=[0, 1, 4, 5]
total successes of this branch: 0
reason of abort: negative delta/dxy

--------------------------------------------------------------------------------
n=4
(result of R-step: (2,4:1)0.46128201)
V=[0, 2, 4, 5]
total successes of this branch: 1
Matrix on 4 elements:

0    0.00000000  2.05701346  1.09286253  2.42490342
2    2.05701346  0.00000000  1.05680945  1.11205036
4    1.09286253  1.05680945  0.00000000  1.61268452
5    2.42490342  1.11205036  1.61268452  0.00000000

--------------------------------------------------------------------------------
n=4
(result of R-step: (4,5:1)0.26986788)
V=[0, 2, 4, 5]
total successes of this branch: 0
Matrix on 4 elements:

0    0.00000000  2.45782546  1.39331553  1.41525081
2    2.45782546  0.00000000  1.75807444  0.50320975
4    1.39331553  1.75807444  0.00000000  0.90348491
5    1.41525081  0.50320975  0.90348491  0.00000000
reason of abort: no pseudometric
