n=8
V=[0, 1, 2, 3, 4, 5, 6, 7]
total successes of this branch: 1
Matrix on 8 elements:

0    0.00000000  1.54242142  1.53995724  1.50200987  1.52801148  1.28049361  0.87393177  1.11640408
1    1.54242142  0.00000000  1.54208305  1.54229033  1.54214830  1.54234198  1.54239621  1.54236387
2    1.53995724  1.54208305  0.00000000  1.51595668  1.48272260  1.52541284  1.53534246  1.52942046
3    1.50200987  1.54229033  1.51595668  0.00000000  1.50068815  1.16129845  1.39390573  1.25517942
4    1.52801148  1.54214830  1.48272260  1.50068815  0.00000000  1.51145347  1.52275780  1.51601593
5    1.28049361  1.54234198  1.52541284  1.16129845  1.51145347  0.00000000  1.09154415  0.63919399
6    0.87393177  1.54239621  1.53534246  1.39390573  1.52275780  1.09154415  0.00000000  0.78542289
7    1.11640408  1.54236387  1.52942046  1.25517942  1.51601593  0.63919399  0.78542289  0.00000000

--------------------------------------------------------------------------------
n=7
(result of R-step: (1,4:2)0.12219556)
V=[0, 1, 3, 4, 5, 6, 7]
total successes of this branch: 1
Matrix on 7 elements:

0    0.00000000  0.81328897  1.50200987  0.79658775  1.28049361  0.87393177  1.11640408
1    0.81328897  0.00000000  0.81315787  0.08159212  0.81320952  0.81326376  0.81323141
3    1.50200987  0.81315787  0.00000000  0.76926442  1.16129845  1.39390573  1.25517942
4    0.79658775  0.08159212  0.76926442  0.00000000  0.78002974  0.79133407  0.78459220
5    1.28049361  0.81320952  1.16129845  0.78002974  0.00000000  1.09154415  0.63919399
6    0.87393177  0.81326376  1.39390573  0.79133407  1.09154415  0.00000000  0.78542289
7    1.11640408  0.81323141  1.25517942  0.78459220  0.63919399  0.78542289  0.00000000

--------------------------------------------------------------------------------
n=6
(result of R-step: (1,3:4)0.95162355)
V=[0, 1, 3, 5, 6, 7]
total successes of this branch: 1
Matrix on 6 elements:

0    0.00000000  0.76480681  1.03211878  1.28049361  0.87393177  1.11640408
1    0.76480681  0.00000000  0.29478463  0.76472737  0.76478161  0.76474926
3    1.03211878  0.29478463  0.00000000  0.69140736  0.92401464  0.78528833
5    1.28049361  0.76472737  0.69140736  0.00000000  1.09154415  0.63919399
6    0.87393177  0.76478161  0.92401464  1.09154415  0.00000000  0.78542289
7    1.11640408  0.76474926  0.78528833  0.63919399  0.78542289  0.00000000

--------------------------------------------------------------------------------
n=5
(result of R-step: (5,6:7)0.59639711)
V=[0, 1, 3, 5, 6]
total successes of this branch: 1
Matrix on 5 elements:

0    0.00000000  0.76480681  1.03211878  1.11395725  0.70739540
1    0.76480681  0.00000000  0.29478463  0.59819101  0.59824524
3    1.03211878  0.29478463  0.00000000  0.52487099  0.75747827
5    1.11395725  0.59819101  0.52487099  0.00000000  0.75847142
6    0.70739540  0.59824524  0.75747827  0.75847142  0.00000000

--------------------------------------------------------------------------------
n=4
(result of R-step: (0,1:5)0.11120975)
V=[0, 1, 3, 6]
total successes of this branch: 0
reason of abort: negative delta/dxy

--------------------------------------------------------------------------------
n=4
(result of R-step: (0,3:5)0.58144643)
V=[0, 1, 3, 6]
total successes of this branch: 0
reason of abort: negative delta/dxy

--------------------------------------------------------------------------------
n=4
(result of R-step: (3,6:5)0.64728819)
V=[0, 1, 3, 6]
total successes of this branch: 1
Matrix on 4 elements:

0    0.00000000  0.76480681  0.98474636  0.60562330
1    0.76480681  0.00000000  0.24741220  0.49647314
3    0.98474636  0.24741220  0.00000000  0.60833374
6    0.60562330  0.49647314  0.60833374  0.00000000
