n=8
V=[0, 1, 2, 3, 4, 5, 6, 7]
total successes of this branch: 1
Matrix on 8 elements:

0    0.00000000  1.38619053  1.38514485  1.36357596  1.38600252  1.36436288  1.38572154  1.38611234
1    1.38619053  0.00000000  1.38166571  1.38334796  1.16687948  1.38328658  1.23724542  0.59503052
2    1.38514485  1.38166571  0.00000000  1.34869890  1.33458289  1.33173396  1.00880936  1.36208555
3    1.36357596  1.38334796  1.34869890  0.00000000  1.37711822  0.90066692  1.36780779  1.38075722
4    1.38600252  1.16687948  1.33458289  1.37711822  0.00000000  1.37556636  0.66595956  0.75975923
5    1.36436288  1.38328658  1.33173396  0.90066692  1.37556636  0.00000000  1.36120647  1.38007600
6    1.38572154  1.23724542  1.00880936  1.36780779  0.66595956  1.36120647  0.00000000  0.99966691
7    1.38611234  0.59503052  1.36208555  1.38075722  0.75975923  1.38007600  0.99966691  0.00000000

--------------------------------------------------------------------------------
n=7
(result of R-step: (1,4:7)0.58413375)
V=[0, 1, 2, 3, 4, 5, 6]
total successes of this branch: 1
Matrix on 7 elements:

0    0.00000000  1.29223539  1.38514485  1.36357596  1.29204739  1.36436288  1.38572154
1    1.29223539  0.00000000  1.28771058  1.28939282  0.97896921  1.28933145  1.14329028
2    1.38514485  1.28771058  0.00000000  1.34869890  1.24062775  1.33173396  1.00880936
3    1.36357596  1.28939282  1.34869890  0.00000000  1.28316309  0.90066692  1.36780779
4    1.29204739  0.97896921  1.24062775  1.28316309  0.00000000  1.28161123  0.57200442
5    1.36436288  1.28933145  1.33173396  0.90066692  1.28161123  0.00000000  1.36120647
6    1.38572154  1.14329028  1.00880936  1.36780779  0.57200442  1.36120647  0.00000000

--------------------------------------------------------------------------------
n=6
(result of R-step: (2,4:6)0.32760917)
V=[0, 1, 2, 3, 4, 5]
total successes of this branch: 1
Matrix on 6 elements:

0    0.00000000  1.29223539  1.21505183  1.36357596  1.21590951  1.36436288
1    1.29223539  0.00000000  1.11761756  1.28939282  0.90283133  1.28933145
2    1.21505183  1.11761756  0.00000000  1.17860588  0.99439686  1.16164095
3    1.36357596  1.28939282  1.17860588  0.00000000  1.20702521  0.90066692
4    1.21590951  0.90283133  0.99439686  1.20702521  0.00000000  1.20547335
5    1.36436288  1.28933145  1.16164095  0.90066692  1.20547335  0.00000000

--------------------------------------------------------------------------------
n=5
(result of R-step: (2,3:5)0.03648397)
V=[0, 1, 2, 3, 4]
total successes of this branch: 1
Matrix on 5 elements:

0    0.00000000  1.29223539  0.94329385  0.92172497  1.21590951
1    1.29223539  0.00000000  0.84585958  0.84754183  0.90283133
2    0.94329385  0.84585958  0.00000000  0.46499691  0.72263888
3    0.92172497  0.84754183  0.46499691  0.00000000  0.76517421
4    1.21590951  0.90283133  0.72263888  0.76517421  0.00000000

--------------------------------------------------------------------------------
n=4
(result of R-step: (1,3:0)0.11332656)
V=[1, 2, 3, 4]
total successes of this branch: 1
Matrix on 4 elements:

1    0.00000000  0.37991639  0.16137050  0.43688814
2    0.37991639  0.00000000  0.24476877  0.72263888
3    0.16137050  0.24476877  0.00000000  0.54494607
4    0.43688814  0.72263888  0.54494607  0.00000000

--------------------------------------------------------------------------------
n=4
(result of R-step: (2,4:0)0.95743415)
V=[1, 2, 3, 4]
total successes of this branch: 0
reason of abort: negative delta/dxy

--------------------------------------------------------------------------------
n=4
(result of R-step: (3,4:0)0.83393641)
V=[1, 2, 3, 4]
total successes of this branch: 0
Matrix on 4 elements:

1    0.00000000  0.84585958  0.63221042  0.47440846
2    0.84585958  0.00000000  0.24966550  0.29421601
3    0.63221042  0.24966550  0.00000000  0.12141994
4    0.47440846  0.29421601  0.12141994  0.00000000
reason of abort: no pseudometric
