n=8
V=[0, 1, 2, 3, 4, 5, 6, 7]
total successes of this branch: 1
Matrix on 8 elements:

0    0.00000000  2.17840045  1.82271459  1.73103582  1.80072566  1.55884423  1.90867500  1.91672830
1    2.17840045  0.00000000  2.12937368  2.14454336  2.13301209  2.15816360  1.74697510  1.70157789
2    1.82271459  2.12937368  0.00000000  1.61809754  1.49535749  1.70041212  0.92948843  0.96531385
3    1.73103582  2.14454336  1.61809754  0.00000000  1.57936991  1.47519466  1.74532638  1.75724595
4    1.80072566  2.13301209  1.49535749  1.57936991  0.00000000  1.66841823  1.64946272  1.66390024
5    1.55884423  2.15816360  1.70041212  1.47519466  1.66841823  0.00000000  1.81103925  1.82140347
6    1.90867500  1.74697510  0.92948843  1.74532638  1.64946272  1.81103925  0.00000000  0.27190332
7    1.91672830  1.70157789  0.96531385  1.75724595  1.66390024  1.82140347  0.27190332  0.00000000

--------------------------------------------------------------------------------
n=7
(result of R-step: (0,3:5)0.40228602)
V=[0, 1, 2, 3, 4, 6, 7]
total successes of this branch: 1
Matrix on 7 elements:

0    0.00000000  1.52689891  1.17121306  0.42803275  1.14922413  1.25717347  1.26522676
1    1.52689891  0.00000000  2.12937368  1.49304183  2.13301209  1.74697510  1.70157789
2    1.17121306  2.12937368  0.00000000  0.96659601  1.49535749  0.92948843  0.96531385
3    0.42803275  1.49304183  0.96659601  0.00000000  0.92786838  1.09382485  1.10574442
4    1.14922413  2.13301209  1.49535749  0.92786838  0.00000000  1.64946272  1.66390024
6    1.25717347  1.74697510  0.92948843  1.09382485  1.64946272  0.00000000  0.27190332
7    1.26522676  1.70157789  0.96531385  1.10574442  1.66390024  0.27190332  0.00000000

--------------------------------------------------------------------------------
n=6
(result of R-step: (0,4:3)0.39440107)
V=[0, 1, 2, 4, 6, 7]
total successes of this branch: 1
Matrix on 6 elements:

0    0.00000000  1.35831110  1.00262525  0.25777199  1.08858566  1.09663895
1    1.35831110  0.00000000  2.12937368  1.41014777  1.74697510  1.70157789
2    1.00262525  2.12937368  0.00000000  0.77249317  0.92948843  0.96531385
4    0.25777199  1.41014777  0.77249317  0.00000000  0.92659840  0.94103591
6    1.08858566  1.74697510  0.92948843  0.92659840  0.00000000  0.27190332
7    1.09663895  1.70157789  0.96531385  0.94103591  0.27190332  0.00000000

--------------------------------------------------------------------------------
n=5
(result of R-step: (0,2:4)0.77012130)
V=[0, 1, 2, 6, 7]
total successes of this branch: 1
Matrix on 5 elements:

0    0.00000000  1.25916828  0.62993750  0.98944283  0.99749613
1    1.25916828  0.00000000  1.85582876  1.74697510  1.70157789
2    0.62993750  1.85582876  0.00000000  0.65594350  0.69176893
6    0.98944283  1.74697510  0.65594350  0.00000000  0.27190332
7    0.99749613  1.70157789  0.69176893  0.27190332  0.00000000

--------------------------------------------------------------------------------
n=4
(result of R-step: (0,6:2)0.25631453)
V=[0, 1, 6, 7]
total successes of this branch: 0
reason of abort: negative delta/dxy

--------------------------------------------------------------------------------
n=4
(result of R-step: (0,6:7)0.17588241)
V=[0, 1, 2, 6]
total successes of this branch: 0
Matrix on 4 elements:

0    0.00000000  0.85640071  0.22716994  0.55180263
1    0.85640071  0.00000000  1.85582876  1.71210246
2    0.22716994  1.85582876  0.00000000  0.62107087
6    0.55180263  1.71210246  0.62107087  0.00000000
reason of abort: no pseudometric

--------------------------------------------------------------------------------
n=4
(result of R-step: (0,7:2)0.19810292)
V=[0, 1, 6, 7]
total successes of this branch: 0
reason of abort: negative delta/dxy

--------------------------------------------------------------------------------
n=4
(result of R-step: (1,6:2)0.67190097)
V=[0, 1, 6, 7]
total successes of this branch: 0
Matrix on 4 elements:

0    0.00000000 -0.09771475  0.95457020  0.99749613
1   -0.09771475  0.00000000  0.35521944  0.34469486
6    0.95457020  0.35521944  0.00000000  0.23703068
7    0.99749613  0.34469486  0.23703068  0.00000000
reason of abort: no pseudometric

--------------------------------------------------------------------------------
n=4
(result of R-step: (1,6:7)0.02985738)
V=[0, 1, 2, 6]
total successes of this branch: 1
Matrix on 4 elements:

0    0.00000000  1.14591522  0.62993750  0.87618978
1    1.14591522  0.00000000  1.74257570  1.52046899
2    0.62993750  1.74257570  0.00000000  0.54269045
6    0.87618978  1.52046899  0.54269045  0.00000000

--------------------------------------------------------------------------------
n=4
(result of R-step: (1,7:2)0.61941573)
V=[0, 1, 6, 7]
total successes of this branch: 0
Matrix on 4 elements:

0    0.00000000 -0.14366779  0.98944283  0.77753525
1   -0.14366779  0.00000000  0.34413903  0.07878094
6    0.98944283  0.34413903  0.00000000  0.05194244
7    0.77753525  0.07878094  0.05194244  0.00000000
reason of abort: no pseudometric
