n=8
V=[0, 1, 2, 3, 4, 5, 6, 7]
total successes of this branch: 1
Matrix on 8 elements:

0    0.00000000  1.60073536  1.55497326  1.52178495  1.52178213  0.98665622  1.55754911  0.07788744
1    1.60073536  0.00000000  1.33399552  1.35371639  1.01531702  1.57415097  1.27182170  1.58303551
2    1.55497326  1.33399552  0.00000000  1.13926437  1.36025629  1.51023431  0.29159945  1.54908608
3    1.52178495  1.35371639  1.13926437  0.00000000  1.37368949  1.45724846  1.15133540  1.51730735
4    1.52178213  1.01531702  1.36025629  1.37368949  0.00000000  1.50584427  1.34084041  1.47676558
5    0.98665622  1.57415097  1.51023431  1.45724846  1.50584427  0.00000000  1.51383204  1.00235363
6    1.55754911  1.27182170  0.29159945  1.15133540  1.34084041  1.51383204  0.00000000  1.55099702
7    0.07788744  1.58303551  1.54908608  1.51730735  1.47676558  1.00235363  1.55099702  0.00000000

--------------------------------------------------------------------------------
n=7
(result of R-step: (0,4:7)0.96976546)
V=[0, 1, 2, 3, 4, 5, 6]
total successes of this branch: 1
Matrix on 7 elements:

0    0.00000000  1.58429992  1.53853781  1.50534950  1.48891123  0.97022077  1.54111366
1    1.58429992  0.00000000  1.33399552  1.35371639  0.99888157  1.57415097  1.27182170
2    1.53853781  1.33399552  0.00000000  1.13926437  1.34382084  1.51023431  0.29159945
3    1.50534950  1.35371639  1.13926437  0.00000000  1.35725404  1.45724846  1.15133540
4    1.48891123  0.99888157  1.34382084  1.35725404  0.00000000  1.48940882  1.32440496
5    0.97022077  1.57415097  1.51023431  1.45724846  1.48940882  0.00000000  1.51383204
6    1.54111366  1.27182170  0.29159945  1.15133540  1.32440496  1.51383204  0.00000000

--------------------------------------------------------------------------------
n=6
(result of R-step: (0,3:5)0.89237914)
V=[0, 1, 2, 3, 4, 6]
total successes of this branch: 1
Matrix on 6 elements:

0    0.00000000  1.13967550  1.09391339  0.59966522  1.04428682  1.09648924
1    1.13967550  0.00000000  1.33399552  0.89265653  0.99888157  1.27182170
2    1.09391339  1.33399552  0.00000000  0.67820451  1.34382084  0.29159945
3    0.59966522  0.89265653  0.67820451  0.00000000  0.89619417  0.69027554
4    1.04428682  0.99888157  1.34382084  0.89619417  0.00000000  1.32440496
6    1.09648924  1.27182170  0.29159945  0.69027554  1.32440496  0.00000000

--------------------------------------------------------------------------------
n=5
(result of R-step: (3,4:0)0.69844022)
V=[1, 2, 3, 4, 6]
total successes of this branch: 1
Matrix on 5 elements:

1    0.00000000  1.33399552  0.81074305  0.66169637  1.27182170
2    1.33399552  0.00000000  0.59629103  1.00663564  0.29159945
3    0.81074305  0.59629103  0.00000000  0.47709550  0.60836207
4    0.66169637  1.00663564  0.47709550  0.00000000  0.98721976
6    1.27182170  0.29159945  0.60836207  0.98721976  0.00000000

--------------------------------------------------------------------------------
n=4
(result of R-step: (1,2:3)0.63864121)
V=[1, 2, 4, 6]
total successes of this branch: 0
Matrix on 4 elements:

1    0.00000000  0.76038818  0.16224555  0.77237088
2    0.76038818  0.00000000  0.93247912  0.21744292
4    0.16224555  0.93247912  0.00000000  0.98721976
6    0.77237088  0.21744292  0.98721976  0.00000000
reason of abort: no pseudometric

--------------------------------------------------------------------------------
n=4
(result of R-step: (1,6:3)0.59566069)
V=[1, 2, 4, 6]
total successes of this branch: 0
Matrix on 4 elements:

1    0.00000000  0.81967728  0.14737813  0.55098056
2    0.81967728  0.00000000  1.00663564  0.08507655
4    0.14737813  1.00663564  0.00000000  0.78069686
6    0.55098056  0.08507655  0.78069686  0.00000000
reason of abort: no pseudometric

--------------------------------------------------------------------------------
n=4
(result of R-step: (2,4:3)0.38591773)
V=[1, 2, 4, 6]
total successes of this branch: 1
Matrix on 4 elements:

1    0.00000000  1.21928271  0.49964769  1.27182170
2    1.21928271  0.00000000  0.72987415  0.17688663
4    0.49964769  0.72987415  0.00000000  0.82517109
6    1.27182170  0.17688663  0.82517109  0.00000000

--------------------------------------------------------------------------------
n=4
(result of R-step: (4,6:3)0.57786935)
V=[1, 2, 4, 6]
total successes of this branch: 0
Matrix on 4 elements:

1    0.00000000  1.33399552  0.51558575  1.09843469
2    1.33399552  0.00000000  0.86052502  0.11821244
4    0.51558575  0.86052502  0.00000000  0.66772214
6    1.09843469  0.11821244  0.66772214  0.00000000
reason of abort: no pseudometric
