n=8
V=[0, 1, 2, 3, 4, 5, 6, 7]
total successes of this branch: 2
Matrix on 8 elements:

0    0.00000000  1.36775049  1.33534287  1.23727502  1.34503636  1.01847593  1.27577457  1.25662518
1    1.36775049  0.00000000  1.30106810  1.19628007  1.16523997  1.27452511  0.92863534  1.06175984
2    1.33534287  1.30106810  0.00000000  1.31587876  0.98279054  1.32476058  1.31150856  1.31368226
3    1.23727502  1.19628007  1.31587876  0.00000000  1.28010544  0.97658591  0.55687339  0.36350425
4    1.34503636  1.16523997  0.98279054  1.28010544  0.00000000  1.30973459  1.24621195  1.26307032
5    1.01847593  1.27452511  1.32476058  0.97658591  1.30973459  0.00000000  1.06449918  1.02077178
6    1.27577457  0.92863534  1.31150856  0.55687339  1.24621195  1.06449918  0.00000000  0.36147688
7    1.25662518  1.06175984  1.31368226  0.36350425  1.26307032  1.02077178  0.36147688  0.00000000

--------------------------------------------------------------------------------
n=7
(result of R-step: (3,6:7)0.49739256)
V=[0, 1, 2, 3, 4, 5, 6]
total successes of this branch: 2
Matrix on 7 elements:

0    0.00000000  1.36775049  1.33534287  1.15322115  1.34503636  1.01847593  1.19172070
1    1.36775049  0.00000000  1.30106810  1.11222620  1.16523997  1.27452511  0.84458147
2    1.33534287  1.30106810  0.00000000  1.23182489  0.98279054  1.32476058  1.22745469
3    1.15322115  1.11222620  1.23182489  0.00000000  1.19605157  0.89253204  0.38876565
4    1.34503636  1.16523997  0.98279054  1.19605157  0.00000000  1.30973459  1.16215808
5    1.01847593  1.27452511  1.32476058  0.89253204  1.30973459  0.00000000  0.98044531
6    1.19172070  0.84458147  1.22745469  0.38876565  1.16215808  0.98044531  0.00000000

--------------------------------------------------------------------------------
n=6
(result of R-step: (1,3:6)0.29507118)
V=[0, 1, 2, 3, 4, 5]
total successes of this branch: 2
Matrix on 6 elements:

0    0.00000000  1.22313616  1.33534287  1.09266068  1.34503636  1.01847593
1    1.22313616  0.00000000  1.15645377  0.90705140  1.02062564  1.12991077
2    1.33534287  1.15645377  0.00000000  1.17126443  0.98279054  1.32476058
3    1.09266068  0.90705140  1.17126443  0.00000000  1.13549111  0.83197158
4    1.34503636  1.02062564  0.98279054  1.13549111  0.00000000  1.30973459
5    1.01847593  1.12991077  1.32476058  0.83197158  1.30973459  0.00000000

--------------------------------------------------------------------------------
n=5
(result of R-step: (0,3:5)0.45631799)
V=[0, 1, 2, 3, 4]
total successes of this branch: 2
Matrix on 5 elements:

0    0.00000000  0.84424275  0.95644946  0.47948820  0.96614294
1    0.84424275  0.00000000  1.15645377  0.67277232  1.02062564
2    0.95644946  1.15645377  0.00000000  0.93698535  0.98279054
3    0.47948820  0.67277232  0.93698535  0.00000000  0.90121203
4    0.96614294  1.02062564  0.98279054  0.90121203  0.00000000

--------------------------------------------------------------------------------
n=4
(result of R-step: (0,2:1)0.68515012)
V=[0, 2, 3, 4]
total successes of this branch: 0
reason of abort: negative delta/dxy

--------------------------------------------------------------------------------
n=4
(result of R-step: (1,4:0)0.98328741)
V=[1, 2, 3, 4]
total successes of this branch: 0
reason of abort: negative delta/dxy

--------------------------------------------------------------------------------
n=4
(result of R-step: (2,3:0)0.26495581)
V=[1, 2, 3, 4]
total successes of this branch: 1
Matrix on 4 elements:

1    0.00000000  0.73297256  0.54494853  1.02062564
2    0.73297256  0.00000000  0.38568035  0.55930933
3    0.54494853  0.38568035  0.00000000  0.77338824
4    1.02062564  0.55930933  0.77338824  0.00000000

--------------------------------------------------------------------------------
n=4
(result of R-step: (2,3:1)0.62051502)
V=[0, 2, 3, 4]
total successes of this branch: 0
Matrix on 4 elements:

0    0.00000000  0.36654514  0.44975590  0.96614294
2    0.36654514  0.00000000  0.31734873  0.39288622
3    0.44975590  0.31734873  0.00000000  0.87147973
4    0.96614294  0.39288622  0.87147973  0.00000000
reason of abort: no pseudometric

--------------------------------------------------------------------------------
n=4
(result of R-step: (3,4:0)0.49674805)
V=[1, 2, 3, 4]
total successes of this branch: 0
Matrix on 4 elements:

1    0.00000000  1.15645377  0.64304003  0.50194403
2    1.15645377  0.00000000  0.90725305  0.46410893
3    0.64304003  0.90725305  0.00000000  0.35279812
4    0.50194403  0.46410893  0.35279812  0.00000000
reason of abort: no pseudometric

--------------------------------------------------------------------------------
n=4
(result of R-step: (3,4:1)0.67044057)
V=[0, 2, 3, 4]
total successes of this branch: 1
Matrix on 4 elements:

0    0.00000000  0.95644946  0.35166440  0.64443520
2    0.95644946  0.00000000  0.80916156  0.66108279
3    0.35166440  0.80916156  0.00000000  0.45168049
4    0.64443520  0.66108279  0.45168049  0.00000000
