n=8
V=[0, 1, 2, 3, 4, 5, 6, 7]
total successes of this branch: 1
Matrix on 8 elements:

0    0.00000000  1.32881898  1.31191897  0.99173173  1.32092069  0.98506326  0.38827341  1.32047270
1    1.32881898  0.00000000  1.31991083  1.26185288  0.95992693  1.32230775  1.32646384  0.97784225
2    1.31191897  1.31991083  0.00000000  1.31324350  1.00405373  0.42401716  0.99076049  0.95610467
3    0.99173173  1.26185288  1.31324350  0.00000000  1.28587050  1.22673409  1.07673325  1.28723278
4    1.32092069  0.95992693  1.00405373  1.28587050  0.00000000  1.08931336  1.23714717  0.08853163
5    0.98506326  1.32230775  0.42401716  1.22673409  1.08931336  0.00000000  0.64687821  1.05620357
6    0.38827341  1.32646384  0.99076049  1.07673325  1.23714717  0.64687821  0.00000000  1.22488525
7    1.32047270  0.97784225  0.95610467  1.28723278  0.08853163  1.05620357  1.22488525  0.00000000

--------------------------------------------------------------------------------
n=7
(result of R-step: (0,5:6)0.63829505)
V=[0, 1, 2, 3, 4, 5, 7]
total successes of this branch: 1
Matrix on 7 elements:

0    0.00000000  1.30377480  1.28687479  0.96668755  1.29587651  0.93497490  1.29542852
1    1.30377480  0.00000000  1.31991083  1.26185288  0.95992693  1.29726357  0.97784225
2    1.28687479  1.31991083  0.00000000  1.31324350  1.00405373  0.39897298  0.95610467
3    0.96668755  1.26185288  1.31324350  0.00000000  1.28587050  1.20168991  1.28723278
4    1.29587651  0.95992693  1.00405373  1.28587050  0.00000000  1.06426918  0.08853163
5    0.93497490  1.29726357  0.39897298  1.20168991  1.06426918  0.00000000  1.03115939
7    1.29542852  0.97784225  0.95610467  1.28723278  0.08853163  1.03115939  0.00000000

--------------------------------------------------------------------------------
n=6
(result of R-step: (2,4:7)0.04976699)
V=[0, 1, 2, 3, 4, 5]
total successes of this branch: 1
Matrix on 6 elements:

0    0.00000000  1.30377480  1.26658350  0.96668755  1.27558522  0.93497490
1    1.30377480  0.00000000  1.29961955  1.26185288  0.93963565  1.29726357
2    1.26658350  1.29961955  0.00000000  1.29295222  0.96347116  0.37868169
3    0.96668755  1.26185288  1.29295222  0.00000000  1.26557922  1.20168991
4    1.27558522  0.93963565  0.96347116  1.26557922  0.00000000  1.04397790
5    0.93497490  1.29726357  0.37868169  1.20168991  1.04397790  0.00000000

--------------------------------------------------------------------------------
n=5
(result of R-step: (3,4:1)0.48240769)
V=[0, 2, 3, 4, 5]
total successes of this branch: 1
Matrix on 5 elements:

0    0.00000000  1.26658350  0.52142659  1.12884202  0.93497490
2    1.26658350  0.00000000  0.84769126  0.81672796  0.37868169
3    0.52142659  0.84769126  0.00000000  0.67357505  0.75642895
4    1.12884202  0.81672796  0.67357505  0.00000000  0.89723469
5    0.93497490  0.37868169  0.75642895  0.89723469  0.00000000

--------------------------------------------------------------------------------
n=4
(result of R-step: (0,2:4)0.78484281)
V=[0, 2, 3, 5]
total successes of this branch: 0
reason of abort: negative delta/dxy

--------------------------------------------------------------------------------
n=4
(result of R-step: (0,5:4)0.46388657)
V=[0, 2, 3, 5]
total successes of this branch: 0
reason of abort: negative delta/dxy

--------------------------------------------------------------------------------
n=4
(result of R-step: (2,3:4)0.41553830)
V=[0, 2, 3, 5]
total successes of this branch: 1
Matrix on 4 elements:

0    0.00000000  1.23829406  0.50127756  0.93497490
2    1.23829406  0.00000000  0.79925278  0.35039225
3    0.50127756  0.79925278  0.00000000  0.73627992
5    0.93497490  0.35039225  0.73627992  0.00000000

--------------------------------------------------------------------------------
n=4
(result of R-step: (3,5:4)0.27667211)
V=[0, 2, 3, 5]
total successes of this branch: 0
reason of abort: negative delta/dxy

--------------------------------------------------------------------------------
n=4
(result of R-step: (4,5:2)0.86855092)
V=[0, 3, 4, 5]
total successes of this branch: 0
reason of abort: negative delta/dxy
