n=8
V=[0, 1, 2, 3, 4, 5, 6, 7]
total successes of this branch: 2
Matrix on 8 elements:

0    0.00000000  2.06805690  1.90772806  1.66352565  1.49703736  1.53765159  1.95619476  1.21806342
1    2.06805690  0.00000000  1.78588248  1.85846127  2.01675827  1.97814228  1.59023289  2.02653313
2    1.90772806  1.78588248  0.00000000  1.86614333  1.89755018  1.88988859  1.33431921  1.89948956
3    1.66352565  1.85846127  1.86614333  0.00000000  1.60957251  1.51574872  1.86382108  1.61985318
4    1.49703736  2.01675827  1.89755018  1.60957251  0.00000000  1.31878816  1.93358626  0.31195135
5    1.53765159  1.97814228  1.88988859  1.51574872  1.31878816  0.00000000  1.91656729  1.36049219
6    1.95619476  1.59023289  1.33431921  1.86382108  1.93358626  1.91656729  0.00000000  1.93789427
7    1.21806342  2.02653313  1.89948956  1.61985318  0.31195135  1.36049219  1.93789427  0.00000000

--------------------------------------------------------------------------------
n=7
(result of R-step: (0,4:7)0.19054817)
V=[0, 1, 2, 3, 4, 5, 6]
total successes of this branch: 2
Matrix on 7 elements:

0    0.00000000  2.05156819  1.89123936  1.64703695  1.46405995  1.52116288  1.93970606
1    2.05156819  0.00000000  1.78588248  1.85846127  2.00026956  1.97814228  1.59023289
2    1.89123936  1.78588248  0.00000000  1.86614333  1.88106148  1.88988859  1.33431921
3    1.64703695  1.85846127  1.86614333  0.00000000  1.59308380  1.51574872  1.86382108
4    1.46405995  2.00026956  1.88106148  1.59308380  0.00000000  1.30229946  1.91709755
5    1.52116288  1.97814228  1.88988859  1.51574872  1.30229946  0.00000000  1.91656729
6    1.93970606  1.59023289  1.33431921  1.86382108  1.91709755  1.91656729  0.00000000

--------------------------------------------------------------------------------
n=6
(result of R-step: (3,4:5)0.24394645)
V=[0, 1, 2, 3, 4, 6]
total successes of this branch: 2
Matrix on 6 elements:

0    0.00000000  2.05156819  1.89123936  1.03455476  0.86806647  1.93970606
1    2.05156819  0.00000000  1.78588248  1.24597908  1.40427608  1.59023289
2    1.89123936  1.78588248  0.00000000  1.25366114  1.28506799  1.33431921
3    1.03455476  1.24597908  1.25366114  0.00000000  0.38460813  1.25133889
4    0.86806647  1.40427608  1.28506799  0.38460813  0.00000000  1.32110407
6    1.93970606  1.59023289  1.33431921  1.25133889  1.32110407  0.00000000

--------------------------------------------------------------------------------
n=5
(result of R-step: (0,3:4)0.75524953)
V=[0, 1, 2, 3, 6]
total successes of this branch: 2
Matrix on 5 elements:

0    0.00000000  1.34651479  1.18618596  0.22044143  1.23465265
1    1.34651479  0.00000000  1.78588248  1.13691916  1.59023289
2    1.18618596  1.78588248  0.00000000  1.14460122  1.33431921
3    0.22044143  1.13691916  1.14460122  0.00000000  1.14227897
6    1.23465265  1.59023289  1.33431921  1.14227897  0.00000000

--------------------------------------------------------------------------------
n=4
(result of R-step: (0,1:3)0.79194771)
V=[0, 1, 2, 6]
total successes of this branch: 1
Matrix on 4 elements:

0    0.00000000  0.70984667  1.11885265  1.16731935
1    0.70984667  0.00000000  1.21654767  1.02089808
2    1.11885265  1.21654767  0.00000000  1.33431921
6    1.16731935  1.02089808  1.33431921  0.00000000

--------------------------------------------------------------------------------
n=4
(result of R-step: (0,6:2)0.28509334)
V=[0, 1, 3, 6]
total successes of this branch: 1
Matrix on 4 elements:

0    0.00000000  1.27918148  0.15310813  0.66571823
1    1.27918148  0.00000000  1.13691916  1.08863177
3    0.15310813  1.13691916  0.00000000  0.64067785
6    0.66571823  1.08863177  0.64067785  0.00000000

--------------------------------------------------------------------------------
n=4
(result of R-step: (3,6:2)0.43522442)
V=[0, 1, 3, 6]
total successes of this branch: 0
Matrix on 4 elements:

0    0.00000000  1.34651479  0.09805956  0.84137369
1    1.34651479  0.00000000  1.01453728  1.19695393
3    0.09805956  1.01453728  0.00000000  0.62661813
6    0.84137369  1.19695393  0.62661813  0.00000000
reason of abort: no pseudometric
