n=8
V=[0, 1, 2, 3, 4, 5, 6, 7]
total successes of this branch: 1
Matrix on 8 elements:

0    0.00000000  1.66172289  1.46821985  1.42937173  1.64973531  0.71669631  0.43852158  0.46618360
1    1.66172289  0.00000000  1.59757122  1.61967177  0.77960165  1.60210883  1.64008922  1.63631241
2    1.46821985  1.59757122  0.00000000  1.39430282  1.54355112  1.47589539  1.47100527  1.47149155
3    1.42937173  1.61967177  1.39430282  0.00000000  1.60571008  1.44066389  1.43346960  1.43418501
4    1.64973531  0.77960165  1.54355112  1.60571008  0.00000000  1.59810271  1.63099807  1.62772692
5    0.71669631  1.60210883  1.47589539  1.44066389  1.59810271  0.00000000  0.55824770  0.52854202
6    0.43852158  1.64008922  1.47100527  1.43346960  1.63099807  0.55824770  0.00000000  0.28922717
7    0.46618360  1.63631241  1.47149155  1.43418501  1.62772692  0.52854202  0.28922717  0.00000000

--------------------------------------------------------------------------------
n=7
(result of R-step: (3,4:2)0.94252477)
V=[0, 1, 3, 4, 5, 6, 7]
total successes of this branch: 1
Matrix on 7 elements:

0    0.00000000  1.66172289  0.75255578  1.61539940  0.71669631  0.43852158  0.46618360
1    1.66172289  0.00000000  0.94285582  0.74526574  1.60210883  1.64008922  1.63631241
3    0.75255578  0.94285582  0.00000000  0.89455823  0.76384794  0.75665365  0.75736906
4    1.61539940  0.74526574  0.89455823  0.00000000  1.56376680  1.59666217  1.59339101
5    0.71669631  1.60210883  0.76384794  1.56376680  0.00000000  0.55824770  0.52854202
6    0.43852158  1.64008922  0.75665365  1.59666217  0.55824770  0.00000000  0.28922717
7    0.46618360  1.63631241  0.75736906  1.59339101  0.52854202  0.28922717  0.00000000

--------------------------------------------------------------------------------
n=6
(result of R-step: (5,6:7)0.09944116)
V=[0, 1, 3, 4, 5, 6]
total successes of this branch: 1
Matrix on 6 elements:

0    0.00000000  1.66172289  0.75255578  1.61539940  0.58693557  0.30876084
1    1.66172289  0.00000000  0.94285582  0.74526574  1.47234808  1.51032848
3    0.75255578  0.94285582  0.00000000  0.89455823  0.63408719  0.62689291
4    1.61539940  0.74526574  0.89455823  0.00000000  1.43400606  1.46690142
5    0.58693557  1.47234808  0.63408719  1.43400606  0.00000000  0.29872621
6    0.30876084  1.51032848  0.62689291  1.46690142  0.29872621  0.00000000

--------------------------------------------------------------------------------
n=5
(result of R-step: (0,5:6)0.63710458)
V=[0, 1, 3, 4, 5]
total successes of this branch: 1
Matrix on 5 elements:

0    0.00000000  1.52168641  0.61251930  1.47536292  0.43662335
1    1.52168641  0.00000000  0.94285582  0.74526574  1.46207235
3    0.61251930  0.94285582  0.00000000  0.89455823  0.62381146
4    1.47536292  0.74526574  0.89455823  0.00000000  1.42373032
5    0.43662335  1.46207235  0.62381146  1.42373032  0.00000000

--------------------------------------------------------------------------------
n=4
(result of R-step: (0,1:3)0.56253341)
V=[0, 1, 4, 5]
total successes of this branch: 0
Matrix on 4 elements:

0    0.00000000  0.93854080  1.29026822  0.25152865
1    0.93854080  0.00000000  0.34721483  1.06402143
4    1.29026822  0.34721483  0.00000000  1.42373032
5    0.25152865  1.06402143  1.42373032  0.00000000
reason of abort: no pseudometric

--------------------------------------------------------------------------------
n=4
(result of R-step: (0,4:1)0.01412002)
V=[0, 3, 4, 5]
total successes of this branch: 0
Matrix on 4 elements:

0    0.00000000  0.08576179  0.60771524 -0.09013416
3    0.08576179  0.00000000  0.55366805  0.62381146
4    0.60771524  0.55366805  0.00000000  1.08284015
5   -0.09013416  0.62381146  1.08284015  0.00000000
reason of abort: no pseudometric

--------------------------------------------------------------------------------
n=4
(result of R-step: (0,4:3)0.56563273)
V=[0, 1, 4, 5]
total successes of this branch: 1
Matrix on 4 elements:

0    0.00000000  1.33318177  0.93965954  0.24811871
1    1.33318177  0.00000000  0.39806701  1.46207235
4    0.93965954  0.39806701  0.00000000  1.07653159
5    0.24811871  1.46207235  1.07653159  0.00000000

--------------------------------------------------------------------------------
n=4
(result of R-step: (1,5:3)0.39980550)
V=[0, 1, 4, 5]
total successes of this branch: 0
Matrix on 4 elements:

0    0.00000000  1.11743200  1.47536292  0.18904934
1    1.11743200  0.00000000  0.34101134  0.81024393
4    1.47536292  0.34101134  0.00000000  1.17615631
5    0.18904934  0.81024393  1.17615631  0.00000000
reason of abort: no pseudometric

--------------------------------------------------------------------------------
n=4
(result of R-step: (4,5:1)0.99742953)
V=[0, 3, 4, 5]
total successes of this branch: 0
reason of abort: negative delta/dxy

--------------------------------------------------------------------------------
n=4
(result of R-step: (4,5:3)0.39595226)
V=[0, 1, 4, 5]
total successes of this branch: 0
Matrix on 4 elements:

0    0.00000000  1.52168641  1.13447274  0.19204206
1    1.52168641  0.00000000  0.40437557  1.21749106
4    1.13447274  0.40437557  0.00000000  0.83825886
5    0.19204206  1.21749106  0.83825886  0.00000000
reason of abort: no pseudometric
