n=8
V=[0, 1, 2, 3, 4, 5, 6, 7]
total successes of this branch: 1
Matrix on 8 elements:

0    0.00000000  1.45321084  1.34206028  1.15445971  1.41998459  0.85429520  1.10618611  0.37059523
1    1.45321084  0.00000000  1.33454695  1.43518219  0.98867221  1.37470896  1.43619927  1.43101029
2    1.34206028  1.33454695  0.00000000  1.30845191  1.18706894  1.34118961  1.31034792  1.34181405
3    1.15445971  1.43518219  1.30845191  0.00000000  1.39729868  1.18699097  0.34704260  1.16365964
4    1.41998459  0.98867221  1.18706894  1.39729868  0.00000000  1.37000236  1.39857850  1.40584948
5    0.85429520  1.37470896  1.34118961  1.18699097  1.37000236  0.00000000  1.16822201  0.66356424
6    1.10618611  1.43619927  1.31034792  0.34704260  1.39857850  1.16822201  0.00000000  1.12373003
7    0.37059523  1.43101029  1.34181405  1.16365964  1.40584948  0.66356424  1.12373003  0.00000000

--------------------------------------------------------------------------------
n=7
(result of R-step: (0,5:7)0.71719720)
V=[0, 1, 2, 3, 4, 5, 6]
total successes of this branch: 1
Matrix on 7 elements:

0    0.00000000  1.36327871  1.25212815  1.06452757  1.33005245  0.67443093  1.01625397
1    1.36327871  0.00000000  1.33454695  1.43518219  0.98867221  1.28477682  1.43619927
2    1.25212815  1.33454695  0.00000000  1.30845191  1.18706894  1.25125747  1.31034792
3    1.06452757  1.43518219  1.30845191  0.00000000  1.39729868  1.09705883  0.34704260
4    1.33005245  0.98867221  1.18706894  1.39729868  0.00000000  1.28007023  1.39857850
5    0.67443093  1.28477682  1.25125747  1.09705883  1.28007023  0.00000000  1.07828987
6    1.01625397  1.43619927  1.31034792  0.34704260  1.39857850  1.07828987  0.00000000

--------------------------------------------------------------------------------
n=6
(result of R-step: (0,3:6)0.05641478)
V=[0, 1, 2, 3, 4, 5]
total successes of this branch: 1
Matrix on 6 elements:

0    0.00000000  1.30382634  1.19267578  0.85569071  1.27060009  0.61497857
1    1.30382634  0.00000000  1.33454695  1.28579768  0.98867221  1.28477682
2    1.19267578  1.33454695  0.00000000  1.15906741  1.18706894  1.25125747
3    0.85569071  1.28579768  1.15906741  0.00000000  1.24791418  0.94767433
4    1.27060009  0.98867221  1.18706894  1.24791418  0.00000000  1.28007023
5    0.61497857  1.28477682  1.25125747  0.94767433  1.28007023  0.00000000

--------------------------------------------------------------------------------
n=5
(result of R-step: (0,1:5)0.88411595)
V=[0, 1, 2, 3, 4]
total successes of this branch: 1
Matrix on 5 elements:

0    0.00000000  0.67741753  0.95416362  0.61717855  1.03208793
1    0.67741753  0.00000000  0.94665030  0.89790103  0.60077556
2    0.95416362  0.94665030  0.00000000  1.15906741  1.18706894
3    0.61717855  0.89790103  1.15906741  0.00000000  1.24791418
4    1.03208793  0.60077556  1.18706894  1.24791418  0.00000000

--------------------------------------------------------------------------------
n=4
(result of R-step: (1,3:0)0.02512521)
V=[1, 2, 3, 4]
total successes of this branch: 1
Matrix on 4 elements:

1    0.00000000  0.91394985  0.45787373  0.56807511
2    0.91394985  0.00000000  0.75174055  1.18706894
3    0.45787373  0.75174055  0.00000000  0.84058733
4    0.56807511  1.18706894  0.84058733  0.00000000

--------------------------------------------------------------------------------
n=4
(result of R-step: (3,4:0)0.95208114)
V=[1, 2, 3, 4]
total successes of this branch: 0
Matrix on 4 elements:

1    0.00000000  0.94665030  0.49687139  0.07678607
2    0.94665030  0.00000000  0.75803777  0.66307945
3    0.49687139  0.75803777  0.00000000  0.32289506
4    0.07678607  0.66307945  0.32289506  0.00000000
reason of abort: no pseudometric
