n=8
V=[0, 1, 2, 3, 4, 5, 6, 7]
total successes of this branch: 1
Matrix on 8 elements:

0    0.00000000  1.84684412  1.83086007  1.83872249  1.83708348  0.87805053  0.59108216  1.84424050
1    1.84684412  0.00000000  1.71108413  1.69192141  1.69591610  1.71603145  1.83947259  0.77300042
2    1.83086007  1.71108413  0.00000000  1.69128963  1.54112629  1.81661114  1.75967716  1.70473843
3    1.83872249  1.69192141  1.69128963  0.00000000  1.12111198  1.82125856  1.83071714  1.25833623
4    1.83708348  1.69591610  1.54112629  1.12111198  0.00000000  1.82028975  1.82101351  1.51164593
5    0.87805053  1.71603145  1.81661114  1.82125856  1.82028975  0.00000000  0.92901275  1.74976506
6    0.59108216  1.83947259  1.75967716  1.83071714  1.82101351  0.92901275  0.00000000  1.83666578
7    1.84424050  0.77300042  1.70473843  1.25833623  1.51164593  1.74976506  1.83666578  0.00000000

--------------------------------------------------------------------------------
n=7
(result of R-step: (0,2:6)0.94570173)
V=[0, 1, 2, 3, 4, 5, 7]
total successes of this branch: 1
Matrix on 7 elements:

0    0.00000000  1.58689449  1.31096081  1.57877286  1.57713385  0.61810090  1.58429087
1    1.58689449  0.00000000  1.45113450  1.69192141  1.69591610  1.71603145  0.77300042
2    1.31096081  1.45113450  0.00000000  1.43134000  1.28117666  1.55666151  1.44478880
3    1.57877286  1.69192141  1.43134000  0.00000000  1.12111198  1.82125856  1.25833623
4    1.57713385  1.69591610  1.28117666  1.12111198  0.00000000  1.82028975  1.51164593
5    0.61810090  1.71603145  1.55666151  1.82125856  1.82028975  0.00000000  1.74976506
7    1.58429087  0.77300042  1.44478880  1.25833623  1.51164593  1.74976506  0.00000000

--------------------------------------------------------------------------------
n=6
(result of R-step: (1,3:7)0.67942092)
V=[0, 1, 2, 3, 4, 5]
total successes of this branch: 1
Matrix on 6 elements:

0    0.00000000  1.41718688  1.31096081  1.40906524  1.57713385  0.61810090
1    1.41718688  0.00000000  1.28142688  1.35250618  1.52620848  1.54632383
2    1.31096081  1.28142688  0.00000000  1.26163238  1.28117666  1.55666151
3    1.40906524  1.35250618  1.26163238  0.00000000  0.95140437  1.65155094
4    1.57713385  1.52620848  1.28117666  0.95140437  0.00000000  1.82028975
5    0.61810090  1.54632383  1.55666151  1.65155094  1.82028975  0.00000000

--------------------------------------------------------------------------------
n=5
(result of R-step: (2,3:4)0.20846147)
V=[0, 1, 2, 3, 5]
total successes of this branch: 1
Matrix on 5 elements:

0    0.00000000  1.41718688  1.08543612  1.09329854  0.61810090
1    1.41718688  0.00000000  1.05590219  1.03673947  1.54632383
2    1.08543612  1.05590219  0.00000000  0.72034099  1.33113682
3    1.09329854  1.03673947  0.72034099  0.00000000  1.33578424
5    0.61810090  1.54632383  1.33113682  1.33578424  0.00000000

--------------------------------------------------------------------------------
n=4
(result of R-step: (0,5:3)0.86829290)
V=[0, 1, 2, 5]
total successes of this branch: 0
reason of abort: negative delta/dxy

--------------------------------------------------------------------------------
n=4
(result of R-step: (1,2:3)0.02758145)
V=[0, 1, 2, 5]
total successes of this branch: 1
Matrix on 4 elements:

0    0.00000000  1.21327556  0.72936238  0.61810090
1    1.21327556  0.00000000  0.49591714  1.34241252
2    0.72936238  0.49591714  0.00000000  0.97506308
5    0.61810090  1.34241252  0.97506308  0.00000000
