n=8
V=[0, 1, 2, 3, 4, 5, 6, 7]
total successes of this branch: 1
Matrix on 8 elements:

0    0.00000000  0.72856316  0.69701491  0.54825495  0.65451232  0.70280450  0.70233106  0.70671367
1    0.72856316  0.00000000  0.72619617  0.72348525  0.52937518  0.65778884  0.66338282  0.23145196
2    0.69701491  0.72619617  0.00000000  0.69781422  0.71453998  0.42184294  0.41558053  0.72275689
3    0.54825495  0.72348525  0.69781422  0.00000000  0.58820979  0.70252525  0.70214001  0.68357077
4    0.65451232  0.52937518  0.71453998  0.58820979  0.00000000  0.68055937  0.68333812  0.40467585
5    0.70280450  0.65778884  0.42184294  0.70252525  0.68055937  0.00000000  0.35152396  0.66450753
6    0.70233106  0.66338282  0.41558053  0.70214001  0.68333812  0.35152396  0.00000000  0.66927085
7    0.70671367  0.23145196  0.72275689  0.68357077  0.40467585  0.66450753  0.66927085  0.00000000

--------------------------------------------------------------------------------
n=7
(result of R-step: (1,4:7)0.70493924)
V=[0, 1, 2, 3, 4, 5, 6]
total successes of this branch: 1
Matrix on 7 elements:

0    0.00000000  0.67518685  0.69701491  0.54825495  0.60113600  0.70280450  0.70233106
1    0.67518685  0.00000000  0.67281986  0.67010894  0.42262254  0.60441252  0.61000650
2    0.69701491  0.67281986  0.00000000  0.69781422  0.66116366  0.42184294  0.41558053
3    0.54825495  0.67010894  0.69781422  0.00000000  0.53483347  0.70252525  0.70214001
4    0.60113600  0.42262254  0.66116366  0.53483347  0.00000000  0.62718305  0.62996180
5    0.70280450  0.60441252  0.42184294  0.70252525  0.62718305  0.00000000  0.35152396
6    0.70233106  0.61000650  0.41558053  0.70214001  0.62996180  0.35152396  0.00000000

--------------------------------------------------------------------------------
n=6
(result of R-step: (2,5:6)0.08177456)
V=[0, 1, 2, 3, 4, 5]
total successes of this branch: 1
Matrix on 6 elements:

0    0.00000000  0.67518685  0.52438414  0.54825495  0.60113600  0.53017373
1    0.67518685  0.00000000  0.50018908  0.67010894  0.42262254  0.43178175
2    0.52438414  0.50018908  0.00000000  0.52518344  0.48853289  0.07658139
3    0.54825495  0.67010894  0.52518344  0.00000000  0.53483347  0.52989447
4    0.60113600  0.42262254  0.48853289  0.53483347  0.00000000  0.45455228
5    0.53017373  0.43178175  0.07658139  0.52989447  0.45455228  0.00000000

--------------------------------------------------------------------------------
n=5
(result of R-step: (1,2:5)0.18351547)
V=[0, 1, 2, 3, 4]
total successes of this branch: 1
Matrix on 5 elements:

0    0.00000000  0.55184536  0.52029711  0.54825495  0.60113600
1    0.55184536  0.00000000  0.37276056  0.54676745  0.29928105
2    0.52029711  0.37276056  0.00000000  0.52109641  0.48444585
3    0.54825495  0.54676745  0.52109641  0.00000000  0.53483347
4    0.60113600  0.29928105  0.48444585  0.53483347  0.00000000

--------------------------------------------------------------------------------
n=4
(result of R-step: (0,1:2)0.70192639)
V=[0, 1, 3, 4]
total successes of this branch: 1
Matrix on 4 elements:

0    0.00000000  0.25903337  0.27577501  0.32865606
1    0.25903337  0.00000000  0.52643540  0.27894900
3    0.27577501  0.52643540  0.00000000  0.53483347
4    0.32865606  0.27894900  0.53483347  0.00000000

--------------------------------------------------------------------------------
n=4
(result of R-step: (0,4:2)0.36470493)
V=[0, 1, 3, 4]
total successes of this branch: 0
Matrix on 4 elements:

0    0.00000000  0.33656131  0.33297091  0.16245928
1    0.33656131  0.00000000  0.54676745  0.07588838
3    0.33297091  0.54676745  0.00000000  0.31144079
4    0.16245928  0.07588838  0.31144079  0.00000000
reason of abort: no pseudometric

--------------------------------------------------------------------------------
n=4
(result of R-step: (1,3:2)0.09379236)
V=[0, 1, 3, 4]
total successes of this branch: 0
reason of abort: negative delta/dxy

--------------------------------------------------------------------------------
n=4
(result of R-step: (3,4:2)0.51376541)
V=[0, 1, 3, 4]
total successes of this branch: 0
reason of abort: negative delta/dxy
