n=8
V=[0, 1, 2, 3, 4, 5, 6, 7]
total successes of this branch: 1
Matrix on 8 elements:

0    0.00000000  1.23147465  1.11552400  1.05447485  1.20960766  0.87266161  0.87549093  0.79784933
1    1.23147465  0.00000000  1.11049495  1.16913220  1.00512757  1.19146089  1.19111342  1.19764527
2    1.11552400  1.11049495  0.00000000  1.05061725  1.08600539  1.07386437  1.07350261  1.08030313
3    1.05447485  1.16913220  1.05061725  0.00000000  1.14678161  0.72865938  0.72344830  0.77901624
4    1.20960766  1.00512757  1.08600539  1.14678161  0.00000000  1.16928351  1.16893334  1.17551586
5    0.87266161  1.19146089  1.07386437  0.72865938  1.16928351  0.00000000  0.39900322  0.46342868
6    0.87549093  1.19111342  1.07350261  0.72344830  1.16893334  0.39900322  0.00000000  0.47264744
7    0.79784933  1.19764527  1.08030313  0.77901624  1.17551586  0.46342868  0.47264744  0.00000000

--------------------------------------------------------------------------------
n=7
(result of R-step: (0,5:7)0.15455639)
V=[0, 1, 2, 3, 4, 5, 6]
total successes of this branch: 1
Matrix on 7 elements:

0    0.00000000  1.03716645  0.92121580  0.86016664  1.01529946  0.48404521  0.68118272
1    1.03716645  0.00000000  1.11049495  1.16913220  1.00512757  0.99715269  1.19111342
2    0.92121580  1.11049495  0.00000000  1.05061725  1.08600539  0.87955617  1.07350261
3    0.86016664  1.16913220  1.05061725  0.00000000  1.14678161  0.53435118  0.72344830
4    1.01529946  1.00512757  1.08600539  1.14678161  0.00000000  0.97497531  1.16893334
5    0.48404521  0.99715269  0.87955617  0.53435118  0.97497531  0.00000000  0.20469502
6    0.68118272  1.19111342  1.07350261  0.72344830  1.16893334  0.20469502  0.00000000

--------------------------------------------------------------------------------
n=6
(result of R-step: (3,5:6)0.01556164)
V=[0, 1, 2, 3, 4, 5]
total successes of this branch: 1
Matrix on 6 elements:

0    0.00000000  1.03716645  0.92121580  0.66327057  1.01529946  0.48145734
1    1.03716645  0.00000000  1.11049495  0.97223613  1.00512757  0.99456482
2    0.92121580  1.11049495  0.00000000  0.85372118  1.08600539  0.87696830
3    0.66327057  0.97223613  0.85372118  0.00000000  0.94988554  0.33486724
4    1.01529946  1.00512757  1.08600539  0.94988554  0.00000000  0.97238744
5    0.48145734  0.99456482  0.87696830  0.33486724  0.97238744  0.00000000

--------------------------------------------------------------------------------
n=5
(result of R-step: (0,3:5)0.35816185)
V=[0, 1, 2, 3, 4]
total successes of this branch: 1
Matrix on 5 elements:

0    0.00000000  0.95805158  0.84210093  0.50762870  0.93618459
1    0.95805158  0.00000000  1.11049495  0.89570913  1.00512757
2    0.84210093  1.11049495  0.00000000  0.77719417  1.08600539
3    0.50762870  0.89570913  0.77719417  0.00000000  0.87335854
4    0.93618459  1.00512757  1.08600539  0.87335854  0.00000000

--------------------------------------------------------------------------------
n=4
(result of R-step: (1,3:0)0.01032447)
V=[1, 2, 3, 4]
total successes of this branch: 1
Matrix on 4 elements:

1    0.00000000  0.62017595  0.18465345  0.51480857
2    0.62017595  0.00000000  0.55645750  1.08600539
3    0.18465345  0.55645750  0.00000000  0.65262186
4    0.51480857  1.08600539  0.65262186  0.00000000

--------------------------------------------------------------------------------
n=4
(result of R-step: (3,4:0)0.98713942)
V=[1, 2, 3, 4]
total successes of this branch: 0
Matrix on 4 elements:

1    0.00000000  1.11049495  0.67514174  0.49493746
2    1.11049495  0.00000000  0.55662678  0.57581528
3    0.67514174  0.55662678  0.00000000  0.14260104
4    0.49493746  0.57581528  0.14260104  0.00000000
reason of abort: no pseudometric
