n=8
V=[0, 1, 2, 3, 4, 5, 6, 7]
total successes of this branch: 1
Matrix on 8 elements:

0    0.00000000  2.69927959  1.92904136  1.98902606  2.04503741  2.56097191  1.97516730  2.64201214
1    2.69927959  0.00000000  2.33134836  2.26757741  1.92449914  1.03064984  2.28231094  0.53558999
2    1.92904136  2.33134836  0.00000000  1.57626346  2.14716219  2.29241116  1.35445964  2.31522609
3    1.98902606  2.26757741  1.57626346  0.00000000  2.14004966  2.24061787  0.83803659  2.25641459
4    2.04503741  1.92449914  2.14716219  2.14004966  0.00000000  1.68488304  2.14169292  1.82528410
5    2.56097191  1.03064984  2.29241116  2.24061787  1.68488304  0.00000000  2.25258410  0.68081357
6    1.97516730  2.28231094  1.35445964  0.83803659  2.14169292  2.25258410  0.00000000  2.27000230
7    2.64201214  0.53558999  2.31522609  2.25641459  1.82528410  0.68081357  2.27000230  0.00000000

--------------------------------------------------------------------------------
n=7
(result of R-step: (1,5:7)0.58594168)
V=[0, 1, 2, 3, 4, 5, 6]
total successes of this branch: 1
Matrix on 7 elements:

0    0.00000000  2.60640272  1.92904136  1.98902606  2.04503741  2.46809505  1.97516730
1    2.60640272  0.00000000  2.23847150  2.17470055  1.83162228  0.84489611  2.18943408
2    1.92904136  2.23847150  0.00000000  1.57626346  2.14716219  2.19953430  1.35445964
3    1.98902606  2.17470055  1.57626346  0.00000000  2.14004966  2.14774101  0.83803659
4    2.04503741  1.83162228  2.14716219  2.14004966  0.00000000  1.59200617  2.14169292
5    2.46809505  0.84489611  2.19953430  2.14774101  1.59200617  0.00000000  2.15970724
6    1.97516730  2.18943408  1.35445964  0.83803659  2.14169292  2.15970724  0.00000000

--------------------------------------------------------------------------------
n=6
(result of R-step: (1,4:5)0.78859866)
V=[0, 1, 2, 3, 4, 6]
total successes of this branch: 1
Matrix on 6 elements:

0    0.00000000  2.30376272  1.92904136  1.98902606  1.64952054  1.97516730
1    2.30376272  0.00000000  1.93583150  1.87206054  1.13346541  1.88679407
2    1.92904136  1.93583150  0.00000000  1.57626346  1.75164532  1.35445964
3    1.98902606  1.87206054  1.57626346  0.00000000  1.74453279  0.83803659
4    1.64952054  1.13346541  1.75164532  1.74453279  0.00000000  1.74617606
6    1.97516730  1.88679407  1.35445964  0.83803659  1.74617606  0.00000000

--------------------------------------------------------------------------------
n=5
(result of R-step: (2,3:6)0.23103826)
V=[0, 1, 2, 3, 4]
total successes of this branch: 1
Matrix on 5 elements:

0    0.00000000  2.30376272  1.62092497  1.68090967  1.64952054
1    2.30376272  0.00000000  1.62771511  1.56394416  1.13346541
2    1.62092497  1.62771511  0.00000000  0.96003068  1.44352893
3    1.68090967  1.56394416  0.96003068  0.00000000  1.43641641
4    1.64952054  1.13346541  1.44352893  1.43641641  0.00000000

--------------------------------------------------------------------------------
n=4
(result of R-step: (0,3:2)0.10756953)
V=[0, 1, 3, 4]
total successes of this branch: 1
Matrix on 4 elements:

0    0.00000000  1.66863424  0.60035322  1.01439206
1    1.66863424  0.00000000  1.11851618  1.13346541
3    0.60035322  1.11851618  0.00000000  0.99098843
4    1.01439206  1.13346541  0.99098843  0.00000000

--------------------------------------------------------------------------------
n=4
(result of R-step: (1,4:2)0.85015736)
V=[0, 1, 3, 4]
total successes of this branch: 0
reason of abort: negative delta/dxy

--------------------------------------------------------------------------------
n=4
(result of R-step: (3,4:1)0.91292974)
V=[0, 2, 3, 4]
total successes of this branch: 0
reason of abort: negative delta/dxy
