n=8
V=[0, 1, 2, 3, 4, 5, 6, 7]
total successes of this branch: 1
Matrix on 8 elements:

0    0.00000000  2.09060970  2.00254237  1.98409250  1.74246675  2.08318606  1.73063448  0.38836469
1    2.09060970  0.00000000  2.03436787  1.66539805  1.78395439  0.79055724  2.04288810  2.04691772
2    2.00254237  2.03436787  0.00000000  2.02799251  2.02089657  2.03392355  0.47959190  2.00515746
3    1.98409250  1.66539805  2.02799251  0.00000000  1.35910847  1.59985896  2.02134198  1.89504531
4    1.74246675  1.78395439  2.02089657  1.35910847  0.00000000  1.75434506  1.97871650  1.51747946
5    2.08318606  0.79055724  2.03392355  1.59985896  1.75434506  0.00000000  2.04138646  2.03633308
6    1.73063448  2.04288810  0.47959190  2.02134198  1.97871650  2.04138646  0.00000000  1.76598100
7    0.38836469  2.04691772  2.00515746  1.89504531  1.51747946  2.03633308  1.76598100  0.00000000

--------------------------------------------------------------------------------
n=7
(result of R-step: (0,4:7)0.85752086)
V=[0, 1, 2, 3, 4, 5, 6]
total successes of this branch: 1
Matrix on 7 elements:

0    0.00000000  2.00892101  1.92085368  1.90240381  1.57908936  2.00149737  1.64894579
1    2.00892101  0.00000000  2.03436787  1.66539805  1.70226569  0.79055724  2.04288810
2    1.92085368  2.03436787  0.00000000  2.02799251  1.93920788  2.03392355  0.47959190
3    1.90240381  1.66539805  2.02799251  0.00000000  1.27741978  1.59985896  2.02134198
4    1.57908936  1.70226569  1.93920788  1.27741978  0.00000000  1.67265637  1.89702780
5    2.00149737  0.79055724  2.03392355  1.59985896  1.67265637  0.00000000  2.04138646
6    1.64894579  2.04288810  0.47959190  2.02134198  1.89702780  2.04138646  0.00000000

--------------------------------------------------------------------------------
n=6
(result of R-step: (1,3:5)0.93030574)
V=[0, 1, 2, 3, 4, 6]
total successes of this branch: 1
Matrix on 6 elements:

0    0.00000000  1.64641193  1.92085368  1.53989473  1.57908936  1.64894579
1    1.64641193  0.00000000  1.67185879  0.94037988  1.33975661  1.68037902
2    1.92085368  1.67185879  0.00000000  1.66548343  1.93920788  0.47959190
3    1.53989473  0.94037988  1.66548343  0.00000000  0.91491070  1.65883290
4    1.57908936  1.33975661  1.93920788  0.91491070  0.00000000  1.89702780
6    1.64894579  1.68037902  0.47959190  1.65883290  1.89702780  0.00000000

--------------------------------------------------------------------------------
n=5
(result of R-step: (1,4:3)0.70077585)
V=[0, 1, 2, 4, 6]
total successes of this branch: 1
Matrix on 5 elements:

0    0.00000000  1.19986043  1.92085368  1.47479585  1.64894579
1    1.19986043  0.00000000  1.22530729  0.78891159  1.23382752
2    1.92085368  1.22530729  0.00000000  1.83491436  0.47959190
4    1.47479585  0.78891159  1.83491436  0.00000000  1.79273428
6    1.64894579  1.23382752  0.47959190  1.79273428  0.00000000

--------------------------------------------------------------------------------
n=4
(result of R-step: (0,1:4)0.18079608)
V=[0, 1, 2, 6]
total successes of this branch: 1
Matrix on 4 elements:

0    0.00000000  1.12391921  1.89870036  1.62679248
1    1.12391921  0.00000000  1.17151939  1.18003961
2    1.89870036  1.17151939  0.00000000  0.47959190
6    1.62679248  1.18003961  0.47959190  0.00000000

--------------------------------------------------------------------------------
n=4
(result of R-step: (2,6:4)0.96554507)
V=[0, 1, 2, 6]
total successes of this branch: 0
reason of abort: negative delta/dxy
