n=8
V=[0, 1, 2, 3, 4, 5, 6, 7]
total successes of this branch: 1
Matrix on 8 elements:

0    0.00000000  1.37652940  1.30473159  1.28712049  1.31281525  1.33530591  1.36031674  1.28920678
1    1.37652940  0.00000000  0.95549654  0.92200107  0.88530851  0.70606311  0.48158212  0.91902181
2    1.30473159  0.95549654  0.00000000  1.01290155  0.99640423  0.98196410  0.81726876  1.01156205
3    1.28712049  0.92200107  1.01290155  0.00000000  0.83101617  0.86313321  0.94252730  0.33583049
4    1.31281525  0.88530851  0.99640423  0.83101617  0.00000000  0.55676669  0.91039502  0.78725644
5    1.33530591  0.70606311  0.98196410  0.86313321  0.55676669  0.00000000  0.76836429  0.83825775
6    1.36031674  0.48158212  0.81726876  0.94252730  0.91039502  0.76836429  0.00000000  0.93991831
7    1.28920678  0.91902181  1.01156205  0.33583049  0.78725644  0.83825775  0.93991831  0.00000000

--------------------------------------------------------------------------------
n=7
(result of R-step: (1,2:6)0.77419008)
V=[0, 1, 2, 3, 4, 5, 7]
total successes of this branch: 1
Matrix on 7 elements:

0    0.00000000  1.20485223  1.13305442  1.28712049  1.31281525  1.33530591  1.28920678
1    1.20485223  0.00000000  0.61214221  0.75032390  0.71363134  0.53438594  0.74734464
2    1.13305442  0.61214221  0.00000000  0.84122439  0.82472706  0.81028693  0.83988488
3    1.28712049  0.75032390  0.84122439  0.00000000  0.83101617  0.86313321  0.33583049
4    1.31281525  0.71363134  0.82472706  0.83101617  0.00000000  0.55676669  0.78725644
5    1.33530591  0.53438594  0.81028693  0.86313321  0.55676669  0.00000000  0.83825775
7    1.28920678  0.74734464  0.83988488  0.33583049  0.78725644  0.83825775  0.00000000

--------------------------------------------------------------------------------
n=6
(result of R-step: (3,4:7)0.91880489)
V=[0, 1, 2, 3, 4, 5]
total successes of this branch: 1
Matrix on 6 elements:

0    0.00000000  1.20485223  1.13305442  1.14108512  1.16677988  1.33530591
1    1.20485223  0.00000000  0.61214221  0.60428852  0.56759596  0.53438594
2    1.13305442  0.61214221  0.00000000  0.69518901  0.67869168  0.81028693
3    1.14108512  0.60428852  0.69518901  0.00000000  0.53894542  0.71709784
4    1.16677988  0.56759596  0.67869168  0.53894542  0.00000000  0.41073131
5    1.33530591  0.53438594  0.81028693  0.71709784  0.41073131  0.00000000

--------------------------------------------------------------------------------
n=5
(result of R-step: (1,4:5)0.35299313)
V=[0, 1, 2, 3, 4]
total successes of this branch: 1
Matrix on 5 elements:

0    0.00000000  1.18776875  1.13305442  1.14108512  1.12405461
1    1.18776875  0.00000000  0.59505873  0.58720504  0.50778721
2    1.13305442  0.59505873  0.00000000  0.69518901  0.63596641
3    1.14108512  0.58720504  0.69518901  0.00000000  0.49622015
4    1.12405461  0.50778721  0.63596641  0.49622015  0.00000000

--------------------------------------------------------------------------------
n=4
(result of R-step: (0,1:2)0.32370731)
V=[0, 1, 3, 4]
total successes of this branch: 1
Matrix on 4 elements:

0    0.00000000  0.35984781  0.52156534  0.50453483
1    0.35984781  0.00000000  0.37880388  0.29938605
3    0.52156534  0.37880388  0.00000000  0.49622015
4    0.50453483  0.29938605  0.49622015  0.00000000

--------------------------------------------------------------------------------
n=4
(result of R-step: (0,3:1)0.58797655)
V=[0, 2, 3, 4]
total successes of this branch: 0
reason of abort: negative delta/dxy

--------------------------------------------------------------------------------
n=4
(result of R-step: (0,4:1)0.89251111)
V=[0, 2, 3, 4]
total successes of this branch: 0
reason of abort: negative delta/dxy

--------------------------------------------------------------------------------
n=4
(result of R-step: (2,4:1)0.14355364)
V=[0, 2, 3, 4]
total successes of this branch: 0
reason of abort: negative delta/dxy
