n=8
V=[0, 1, 2, 3, 4, 5, 6, 7]
total successes of this branch: 1
Matrix on 8 elements:

0    0.00000000  1.87202688  1.80757186  1.76057436  1.64480691  1.60715781  1.83857919  1.75042248
1    1.87202688  0.00000000  1.84021548  1.74226630  1.85565429  1.85691098  1.43913960  1.84563629
2    1.80757186  1.84021548  0.00000000  1.82513249  1.63496247  1.64821117  1.40757370  0.78100506
3    1.76057436  1.74226630  1.82513249  0.00000000  1.79380093  1.79125061  1.78526812  1.81413148
4    1.64480691  1.85565429  1.63496247  1.79380093  0.00000000  1.19194859  1.74113050  1.17287971
5    1.60715781  1.85691098  1.64821117  1.79125061  1.19194859  0.00000000  1.74861022  1.48801008
6    1.83857919  1.43913960  1.40757370  1.78526812  1.74113050  1.74861022  0.00000000  1.52469083
7    1.75042248  1.84563629  0.78100506  1.81413148  1.17287971  1.48801008  1.52469083  0.00000000

--------------------------------------------------------------------------------
n=7
(result of R-step: (2,4:7)0.64888400)
V=[0, 1, 2, 3, 4, 5, 6]
total successes of this branch: 1
Matrix on 7 elements:

0    0.00000000  1.87202688  1.64811071  1.76057436  1.48534576  1.60715781  1.83857919
1    1.87202688  0.00000000  1.68075432  1.74226630  1.69619314  1.85691098  1.43913960
2    1.64811071  1.68075432  0.00000000  1.66567134  1.31604016  1.48875002  1.24811255
3    1.76057436  1.74226630  1.66567134  0.00000000  1.63433978  1.79125061  1.78526812
4    1.48534576  1.69619314  1.31604016  1.63433978  0.00000000  1.03248744  1.58166935
5    1.60715781  1.85691098  1.48875002  1.79125061  1.03248744  0.00000000  1.74861022
6    1.83857919  1.43913960  1.24811255  1.78526812  1.58166935  1.74861022  0.00000000

--------------------------------------------------------------------------------
n=6
(result of R-step: (0,4:5)0.07675542)
V=[0, 1, 2, 3, 4, 6]
total successes of this branch: 1
Matrix on 6 elements:

0    0.00000000  1.29487714  1.07096097  1.18342462  0.49050743  1.26142944
1    1.29487714  0.00000000  1.68075432  1.74226630  1.27850455  1.43913960
2    1.07096097  1.68075432  0.00000000  1.66567134  0.89835157  1.24811255
3    1.18342462  1.74226630  1.66567134  0.00000000  1.21665119  1.78526812
4    0.49050743  1.27850455  0.89835157  1.21665119  0.00000000  1.16398076
6    1.26142944  1.43913960  1.24811255  1.78526812  1.16398076  0.00000000

--------------------------------------------------------------------------------
n=5
(result of R-step: (1,2:6)0.48106919)
V=[0, 1, 2, 3, 4]
total successes of this branch: 1
Matrix on 5 elements:

0    0.00000000  0.79162823  0.72717320  1.18342462  0.49050743
1    0.79162823  0.00000000  0.83371764  1.23901739  0.77525563
2    0.72717320  0.83371764  0.00000000  1.32188358  0.55456381
3    1.18342462  1.23901739  1.32188358  0.00000000  1.21665119
4    0.49050743  0.77525563  0.55456381  1.21665119  0.00000000

--------------------------------------------------------------------------------
n=4
(result of R-step: (2,3:1)0.24096453)
V=[0, 2, 3, 4]
total successes of this branch: 1
Matrix on 4 elements:

0    0.00000000  0.49432336  0.39140213  0.49050743
2    0.49432336  0.00000000  0.29701125  0.32171396
3    0.39140213  0.29701125  0.00000000  0.42462871
4    0.49050743  0.32171396  0.42462871  0.00000000
