n=8
V=[0, 1, 2, 3, 4, 5, 6, 7]
total successes of this branch: 1
Matrix on 8 elements:

0    0.00000000  1.41430779  1.36092985  1.38102737  1.39126993  1.38694591  1.38656100  1.40980967
1    1.41430779  0.00000000  1.37539529  1.14756835  1.01174178  1.06908261  0.77875548  0.24785105
2    1.36092985  1.37539529  0.00000000  1.37379068  1.37428452  1.37407604  0.72950772  1.37517842
3    1.38102737  1.14756835  1.37379068  0.00000000  0.84206337  0.63228934  1.26516269  1.08791874
4    1.39126993  1.01174178  1.37428452  0.84206337  0.00000000  0.55493343  1.20019787  0.82640605
5    1.38694591  1.06908261  1.37407604  0.63228934  0.55493343  0.00000000  1.22762356  0.96869538
6    1.38656100  0.77875548  0.72950772  1.26516269  1.20019787  1.22762356  0.00000000  0.86104178
7    1.40980967  0.24785105  1.37517842  1.08791874  0.82640605  0.96869538  0.86104178  0.00000000

--------------------------------------------------------------------------------
n=7
(result of R-step: (1,4:7)0.80475078)
V=[0, 1, 2, 3, 4, 5, 6]
total successes of this branch: 1
Matrix on 7 elements:

0    0.00000000  1.38305013  1.36092985  1.38102737  1.36001227  1.38694591  1.38656100
1    1.38305013  0.00000000  1.34413763  1.11631068  0.94922646  1.03782495  0.74749782
2    1.36092985  1.34413763  0.00000000  1.37379068  1.34302686  1.37407604  0.72950772
3    1.38102737  1.11631068  1.37379068  0.00000000  0.81080571  0.63228934  1.26516269
4    1.36001227  0.94922646  1.34302686  0.81080571  0.00000000  0.52367577  1.16894021
5    1.38694591  1.03782495  1.37407604  0.63228934  0.52367577  0.00000000  1.22762356
6    1.38656100  0.74749782  0.72950772  1.26516269  1.16894021  1.22762356  0.00000000

--------------------------------------------------------------------------------
n=6
(result of R-step: (1,2:6)0.48018242)
V=[0, 1, 2, 3, 4, 5]
total successes of this branch: 1
Matrix on 6 elements:

0    0.00000000  1.34787384  1.29449589  1.38102737  1.36001227  1.38694591
1    1.34787384  0.00000000  1.24252739  1.08113439  0.91405016  1.00264866
2    1.29449589  1.24252739  0.00000000  1.30735673  1.27659291  1.30764209
3    1.38102737  1.08113439  1.30735673  0.00000000  0.81080571  0.63228934
4    1.36001227  0.91405016  1.27659291  0.81080571  0.00000000  0.52367577
5    1.38694591  1.00264866  1.30764209  0.63228934  0.52367577  0.00000000

--------------------------------------------------------------------------------
n=5
(result of R-step: (3,4:5)0.42216211)
V=[0, 1, 2, 3, 4]
total successes of this branch: 1
Matrix on 5 elements:

0    0.00000000  1.34787384  1.29449589  1.20844767  1.21869023
1    1.34787384  0.00000000  1.24252739  0.90855469  0.77272812
2    1.29449589  1.24252739  0.00000000  1.13477703  1.13527087
3    1.20844767  0.90855469  1.13477703  0.00000000  0.49690397
4    1.21869023  0.77272812  1.13527087  0.49690397  0.00000000

--------------------------------------------------------------------------------
n=4
(result of R-step: (2,3:0)0.92796483)
V=[1, 2, 3, 4]
total successes of this branch: 1
Matrix on 4 elements:

1    0.00000000  0.65880494  0.72801599  0.77272812
2    0.65880494  0.00000000  0.37051587  0.55154842
3    0.72801599  0.37051587  0.00000000  0.31636527
4    0.77272812  0.55154842  0.31636527  0.00000000

--------------------------------------------------------------------------------
n=4
(result of R-step: (2,4:0)0.81153632)
V=[1, 2, 3, 4]
total successes of this branch: 0
Matrix on 4 elements:

1    0.00000000  0.69624745  0.90855469  0.49816557
2    0.69624745  0.00000000  0.58849709  0.31442838
3    0.90855469  0.58849709  0.00000000  0.22234142
4    0.49816557  0.31442838  0.22234142  0.00000000
reason of abort: no pseudometric
