n=8
V=[0, 1, 2, 3, 4, 5, 6, 7]
total successes of this branch: 1
Matrix on 8 elements:

0    0.00000000  1.68738067  1.52312226  1.47267500  1.62329181  1.55617431  1.54026552  1.55488624
1    1.68738067  0.00000000  1.60408595  1.64160776  1.45985545  1.55649550  1.57940199  1.55835015
2    1.52312226  1.60408595  0.00000000  1.46158158  1.51180673  1.19662423  1.00256301  1.18091184
3    1.47267500  1.64160776  1.46158158  0.00000000  1.57136677  1.49780642  1.48037048  1.49639470
4    1.62329181  1.45985545  1.51180673  1.57136677  0.00000000  1.35659492  1.43130229  1.36264368
5    1.55617431  1.55649550  1.19662423  1.49780642  1.35659492  0.00000000  0.98750446  0.12161906
6    1.54026552  1.57940199  1.00256301  1.48037048  1.43130229  0.98750446  0.00000000  0.91122063
7    1.55488624  1.55835015  1.18091184  1.49639470  1.36264368  0.12161906  0.91122063  0.00000000

--------------------------------------------------------------------------------
n=7
(result of R-step: (5,6:7)0.91903384)
V=[0, 1, 2, 3, 4, 5, 6]
total successes of this branch: 1
Matrix on 7 elements:

0    0.00000000  1.68738067  1.52312226  1.47267500  1.62329181  1.53350669  1.51759790
1    1.68738067  0.00000000  1.60408595  1.64160776  1.45985545  1.53382788  1.55673437
2    1.52312226  1.60408595  0.00000000  1.46158158  1.51180673  1.17395662  0.97989539
3    1.47267500  1.64160776  1.46158158  0.00000000  1.57136677  1.47513880  1.45770287
4    1.62329181  1.45985545  1.51180673  1.57136677  0.00000000  1.33392730  1.40863467
5    1.53350669  1.53382788  1.17395662  1.47513880  1.33392730  0.00000000  0.94216922
6    1.51759790  1.55673437  0.97989539  1.45770287  1.40863467  0.94216922  0.00000000

--------------------------------------------------------------------------------
n=6
(result of R-step: (2,5:6)0.48132532)
V=[0, 1, 2, 3, 4, 5]
total successes of this branch: 1
Matrix on 6 elements:

0    0.00000000  1.68738067  1.12640064  1.47267500  1.62329181  1.15945270
1    1.68738067  0.00000000  1.20736433  1.64160776  1.45985545  1.15977388
2    1.12640064  1.20736433  0.00000000  1.06485996  1.11508511  0.40318100
3    1.47267500  1.64160776  1.06485996  0.00000000  1.57136677  1.10108480
4    1.62329181  1.45985545  1.11508511  1.57136677  0.00000000  0.95987330
5    1.15945270  1.15977388  0.40318100  1.10108480  0.95987330  0.00000000

--------------------------------------------------------------------------------
n=5
(result of R-step: (2,4:5)0.67003892)
V=[0, 1, 2, 3, 4]
total successes of this branch: 1
Matrix on 5 elements:

0    0.00000000  1.68738067  1.00241605  1.47267500  1.10258560
1    1.68738067  0.00000000  1.08337974  1.64160776  0.93914924
2    1.00241605  1.08337974  0.00000000  0.94087537  0.47039431
3    1.47267500  1.64160776  0.94087537  0.00000000  1.05066056
4    1.10258560  0.93914924  0.47039431  1.05066056  0.00000000

--------------------------------------------------------------------------------
n=4
(result of R-step: (1,2:4)0.60982906)
V=[0, 1, 2, 3]
total successes of this branch: 1
Matrix on 4 elements:

0    0.00000000  1.00359255  0.83933414  1.47267500
1    1.00359255  0.00000000  0.23650972  0.95781964
2    0.83933414  0.23650972  0.00000000  0.77779346
3    1.47267500  0.95781964  0.77779346  0.00000000
