n=8
V=[0, 1, 2, 3, 4, 5, 6, 7]
total successes of this branch: 1
Matrix on 8 elements:

0    0.00000000  2.86376314  2.80145089  2.47509869  2.63385630  2.07301946  1.96099791  2.70527233
1    2.86376314  0.00000000  2.84624806  2.41834647  2.22719796  2.85947036  2.86116150  2.02283838
2    2.80145089  2.84624806  0.00000000  2.82537351  2.83390013  2.56495720  2.65812356  2.83773577
3    2.47509869  2.41834647  2.82537351  0.00000000  2.14153233  2.56094761  2.52712755  2.22751920
4    2.63385630  2.22719796  2.83390013  2.14153233  0.00000000  2.68288508  2.66357026  1.77367079
5    2.07301946  2.85947036  2.56495720  2.56094761  2.68288508  0.00000000  1.90068526  2.73773782
6    1.96099791  2.86116150  2.65812356  2.52712755  2.66357026  1.90068526  0.00000000  2.72494809
7    2.70527233  2.02283838  2.83773577  2.22751920  1.77367079  2.73773782  2.72494809  0.00000000

--------------------------------------------------------------------------------
n=7
(result of R-step: (0,5:6)0.39394861)
V=[0, 1, 2, 3, 4, 5, 7]
total successes of this branch: 1
Matrix on 7 elements:

0    0.00000000  1.96943128  1.90711903  1.58076683  1.73952444  0.28435575  1.81094048
1    1.96943128  0.00000000  2.84624806  2.41834647  2.22719796  1.96513851  2.02283838
2    1.90711903  2.84624806  0.00000000  2.82537351  2.83390013  1.67062535  2.83773577
3    1.58076683  2.41834647  2.82537351  0.00000000  2.14153233  1.66661576  2.22751920
4    1.73952444  2.22719796  2.83390013  2.14153233  0.00000000  1.78855322  1.77367079
5    0.28435575  1.96513851  1.67062535  1.66661576  1.78855322  0.00000000  1.84340597
7    1.81094048  2.02283838  2.83773577  2.22751920  1.77367079  1.84340597  0.00000000

--------------------------------------------------------------------------------
n=6
(result of R-step: (0,2:5)0.75490980)
V=[0, 1, 2, 3, 4, 7]
total successes of this branch: 1
Matrix on 6 elements:

0    0.00000000  1.94550025  0.96492511  1.55683580  1.71559341  1.78700945
1    1.94550025  0.00000000  1.92798517  2.41834647  2.22719796  2.02283838
2    0.96492511  1.92798517  0.00000000  1.90711062  1.91563724  1.91947288
3    1.55683580  2.41834647  1.90711062  0.00000000  2.14153233  2.22751920
4    1.71559341  2.22719796  1.91563724  2.14153233  0.00000000  1.77367079
7    1.78700945  2.02283838  1.91947288  2.22751920  1.77367079  0.00000000

--------------------------------------------------------------------------------
n=5
(result of R-step: (1,4:7)0.31063033)
V=[0, 1, 2, 3, 4]
total successes of this branch: 1
Matrix on 5 elements:

0    0.00000000  1.16084464  0.96492511  1.55683580  0.93093780
1    1.16084464  0.00000000  1.14332956  1.63369086  0.65788674
2    0.96492511  1.14332956  0.00000000  1.90711062  1.13098163
3    1.55683580  1.63369086  1.90711062  0.00000000  1.35687672
4    0.93093780  0.65788674  1.13098163  1.35687672  0.00000000

--------------------------------------------------------------------------------
n=4
(result of R-step: (0,2:4)0.17616328)
V=[0, 1, 2, 3]
total successes of this branch: 0
reason of abort: negative delta/dxy

--------------------------------------------------------------------------------
n=4
(result of R-step: (1,3:4)0.40846959)
V=[0, 1, 2, 3]
total successes of this branch: 1
Matrix on 4 elements:

0    0.00000000  0.97030834  0.96492511  0.58164389
1    0.97030834  0.00000000  0.95279327  0.46796266
2    0.96492511  0.95279327  0.00000000  0.93191872
3    0.58164389  0.46796266  0.93191872  0.00000000
