n=8
V=[0, 1, 2, 3, 4, 5, 6, 7]
total successes of this branch: 2
Matrix on 8 elements:

0    0.00000000  2.56601044  2.54587382  2.51761731  2.53943519  2.00616469  1.61014245  2.54887160
1    2.56601044  0.00000000  2.22170058  2.23797808  2.22540963  2.14746234  2.52495118  2.01674077
2    2.54587382  2.22170058  0.00000000  1.97643435  1.91181899  2.40719542  2.47459804  1.04990627
3    2.51761731  2.23797808  1.97643435  0.00000000  1.95736583  2.39799016  2.38777849  2.01537083
4    2.53943519  2.22540963  1.91181899  1.95736583  0.00000000  2.40509787  2.46657854  1.95850379
5    2.00616469  2.14746234  2.40719542  2.39799016  2.40509787  0.00000000  2.05520883  2.36852850
6    1.61014245  2.52495118  2.47459804  2.38777849  2.46657854  2.05520883  0.00000000  2.48209420
7    2.54887160  2.01674077  1.04990627  2.01537083  1.95850379  2.36852850  2.48209420  0.00000000

--------------------------------------------------------------------------------
n=7
(result of R-step: (0,3:6)0.87483168)
V=[0, 1, 2, 3, 4, 5, 7]
total successes of this branch: 2
Matrix on 7 elements:

0    0.00000000  1.82585862  1.80572200  1.03731366  1.79928337  1.26601287  1.80871977
1    1.82585862  0.00000000  2.22170058  1.49782626  2.22540963  2.14746234  2.01674077
2    1.80572200  2.22170058  0.00000000  1.23628253  1.91181899  2.40719542  1.04990627
3    1.03731366  1.49782626  1.23628253  0.00000000  1.21721401  1.65783834  1.27521900
4    1.79928337  2.22540963  1.91181899  1.21721401  0.00000000  2.40509787  1.95850379
5    1.26601287  2.14746234  2.40719542  1.65783834  2.40509787  0.00000000  2.36852850
7    1.80871977  2.01674077  1.04990627  1.27521900  1.95850379  2.36852850  0.00000000

--------------------------------------------------------------------------------
n=6
(result of R-step: (1,2:7)0.14887176)
V=[0, 1, 2, 3, 4, 5]
total successes of this branch: 2
Matrix on 6 elements:

0    0.00000000  1.40338539  1.38324877  1.03731366  1.79928337  1.26601287
1    1.40338539  0.00000000  1.37675412  1.07535303  1.80293640  1.72498911
2    1.38324877  1.37675412  0.00000000  0.81380930  1.48934576  1.98472219
3    1.03731366  1.07535303  0.81380930  0.00000000  1.21721401  1.65783834
4    1.79928337  1.80293640  1.48934576  1.21721401  0.00000000  2.40509787
5    1.26601287  1.72498911  1.98472219  1.65783834  2.40509787  0.00000000

--------------------------------------------------------------------------------
n=5
(result of R-step: (0,1:5)0.57220898)
V=[0, 1, 2, 3, 4]
total successes of this branch: 2
Matrix on 5 elements:

0    0.00000000  0.97839386  1.32959230  0.98365719  1.74562689
1    0.97839386  0.00000000  1.00541905  0.70401797  1.43160134
2    1.32959230  1.00541905  0.00000000  0.81380930  1.48934576
3    0.98365719  0.70401797  0.81380930  0.00000000  1.21721401
4    1.74562689  1.43160134  1.48934576  1.21721401  0.00000000

--------------------------------------------------------------------------------
n=4
(result of R-step: (0,4:2)0.10369906)
V=[0, 1, 3, 4]
total successes of this branch: 0
Matrix on 4 elements:

0    0.00000000  0.28325562  0.28851895  0.10911344
1    0.28325562  0.00000000  0.70401797  0.49022612
3    0.28851895  0.70401797  0.00000000  0.27583879
4    0.10911344  0.49022612  0.27583879  0.00000000
reason of abort: no pseudometric

--------------------------------------------------------------------------------
n=4
(result of R-step: (1,4:2)0.04971670)
V=[0, 1, 3, 4]
total successes of this branch: 1
Matrix on 4 elements:

0    0.00000000  0.74826480  0.98365719  0.80061314
1    0.74826480  0.00000000  0.47388890  0.25645853
3    0.98365719  0.47388890  0.00000000  0.27220026
4    0.80061314  0.25645853  0.27220026  0.00000000

--------------------------------------------------------------------------------
n=4
(result of R-step: (2,3:4)0.77213632)
V=[0, 1, 2, 3]
total successes of this branch: 1
Matrix on 4 elements:

0    0.00000000  0.97839386  0.80569029  0.77743377
1    0.97839386  0.00000000  0.48151705  0.49779455
2    0.80569029  0.48151705  0.00000000  0.08368387
3    0.77743377  0.49779455  0.08368387  0.00000000
