n=8
V=[0, 1, 2, 3, 4, 5, 6, 7]
total successes of this branch: 1
Matrix on 8 elements:

0    0.00000000  2.68851218  2.65490068  2.68514391  2.59282465  2.67364652  2.68822773  2.67581013
1    2.68851218  0.00000000  2.67780931  2.46927220  2.67879806  2.54855055  1.24131990  2.53363170
2    2.65490068  2.67780931  0.00000000  2.65458397  2.04502295  2.11603613  2.67584791  2.21738178
3    2.68514391  2.46927220  2.65458397  0.00000000  2.65740714  1.77651292  2.35600476  1.52359528
4    2.59282465  2.67879806  2.04502295  2.65740714  0.00000000  2.42460057  2.67699157  2.46841085
5    2.67364652  2.54855055  2.11603613  1.77651292  2.42460057  0.00000000  2.48335115  0.68543352
6    2.68822773  1.24131990  2.67584791  2.35600476  2.67699157  2.48335115  0.00000000  2.45938670
7    2.67581013  2.53363170  2.21738178  1.52359528  2.46841085  0.68543352  2.45938670  0.00000000

--------------------------------------------------------------------------------
n=7
(result of R-step: (3,5:7)0.18818318)
V=[0, 1, 2, 3, 4, 5, 6]
total successes of this branch: 1
Matrix on 7 elements:

0    0.00000000  2.68851218  2.65490068  2.46888597  2.59282465  2.45738857  2.68822773
1    2.68851218  0.00000000  2.67780931  2.25301425  2.67879806  2.33229261  1.24131990
2    2.65490068  2.67780931  0.00000000  2.43832602  2.04502295  1.89977819  2.67584791
3    2.46888597  2.25301425  2.43832602  0.00000000  2.44114919  1.34399703  2.13974681
4    2.59282465  2.67879806  2.04502295  2.44114919  0.00000000  2.20834263  2.67699157
5    2.45738857  2.33229261  1.89977819  1.34399703  2.20834263  0.00000000  2.26709320
6    2.68822773  1.24131990  2.67584791  2.13974681  2.67699157  2.26709320  0.00000000

--------------------------------------------------------------------------------
n=6
(result of R-step: (1,3:6)0.91554893)
V=[0, 1, 2, 3, 4, 5]
total successes of this branch: 1
Matrix on 6 elements:

0    0.00000000  2.12448595  2.65490068  2.12111768  2.59282465  2.45738857
1    2.12448595  0.00000000  2.11378308  1.34121974  2.11477183  1.76826638
2    2.65490068  2.11378308  0.00000000  2.09055774  2.04502295  1.89977819
3    2.12111768  1.34121974  2.09055774  0.00000000  2.09338091  0.99622874
4    2.59282465  2.11477183  2.04502295  2.09338091  0.00000000  2.20834263
5    2.45738857  1.76826638  1.89977819  0.99622874  2.20834263  0.00000000

--------------------------------------------------------------------------------
n=5
(result of R-step: (1,4:0)0.70913125)
V=[1, 2, 3, 4, 5]
total successes of this branch: 1
Matrix on 5 elements:

1    0.00000000  1.44518531  0.67262196  0.53157583  1.09966860
2    1.44518531  0.00000000  2.09055774  1.13042473  1.89977819
3    0.67262196  2.09055774  0.00000000  1.17878268  0.99622874
4    0.53157583  1.13042473  1.17878268  0.00000000  1.29374440
5    1.09966860  1.89977819  0.99622874  1.29374440  0.00000000

--------------------------------------------------------------------------------
n=4
(result of R-step: (1,5:3)0.99403586)
V=[1, 2, 4, 5]
total successes of this branch: 0
reason of abort: negative delta/dxy

--------------------------------------------------------------------------------
n=4
(result of R-step: (2,3:5)0.38016424)
V=[1, 2, 3, 4]
total successes of this branch: 1
Matrix on 4 elements:

1    0.00000000  0.82620277  0.61766565  0.53157583
2    0.82620277  0.00000000  1.41661889  0.51144219
3    0.61766565  1.41661889  0.00000000  1.12382637
4    0.53157583  0.51144219  1.12382637  0.00000000

--------------------------------------------------------------------------------
n=4
(result of R-step: (3,4:5)0.24571348)
V=[1, 2, 3, 4]
total successes of this branch: 0
reason of abort: negative delta/dxy
