n=8
V=[0, 1, 2, 3, 4, 5, 6, 7]
total successes of this branch: 1
Matrix on 8 elements:

0    0.00000000  1.14321627  1.05084973  1.13542257  0.83468556  0.68107939  1.14180441  1.14165655
1    1.14321627  0.00000000  1.11570969  0.98081578  1.07650668  1.11089196  0.39827868  0.41177575
2    1.05084973  1.11570969  0.00000000  1.11273956  1.07627234  1.06316832  1.11517163  1.11511528
3    1.13542257  0.98081578  1.11273956  0.00000000  0.92576792  1.03383386  0.85194039  0.83843342
4    0.83468556  1.07650668  1.07627234  0.92576792  0.00000000  0.69028617  1.04919972  1.04633987
5    0.68107939  1.11089196  1.06316832  1.03383386  0.69028617  0.00000000  1.09693256  1.09547060
6    1.14180441  0.39827868  1.11517163  0.85194039  1.04919972  1.09693256  0.00000000  0.28248257
7    1.14165655  0.41177575  1.11511528  0.83843342  1.04633987  1.09547060  0.28248257  0.00000000

--------------------------------------------------------------------------------
n=7
(result of R-step: (0,4:5)0.51544734)
V=[0, 1, 2, 3, 4, 6, 7]
total successes of this branch: 1
Matrix on 7 elements:

0    0.00000000  0.87487627  0.78250973  0.86708257  0.29800556  0.87346441  0.87331655
1    0.87487627  0.00000000  1.11570969  0.98081578  0.80816668  0.39827868  0.41177575
2    0.78250973  1.11570969  0.00000000  1.11273956  0.80793234  1.11517163  1.11511528
3    0.86708257  0.98081578  1.11273956  0.00000000  0.65742792  0.85194039  0.83843342
4    0.29800556  0.80816668  0.80793234  0.65742792  0.00000000  0.78085972  0.77799987
6    0.87346441  0.39827868  1.11517163  0.85194039  0.78085972  0.00000000  0.28248257
7    0.87331655  0.41177575  1.11511528  0.83843342  0.77799987  0.28248257  0.00000000

--------------------------------------------------------------------------------
n=6
(result of R-step: (3,6:7)0.02316945)
V=[0, 1, 2, 3, 4, 6]
total successes of this branch: 1
Matrix on 6 elements:

0    0.00000000  0.87487627  0.78250973  0.73259478  0.29800556  0.73897661
1    0.87487627  0.00000000  1.11570969  0.84632798  0.80816668  0.26379089
2    0.78250973  1.11570969  0.00000000  0.97825176  0.80793234  0.98068384
3    0.73259478  0.84632798  0.97825176  0.00000000  0.52294012  0.58296480
4    0.29800556  0.80816668  0.80793234  0.52294012  0.00000000  0.64637192
6    0.73897661  0.26379089  0.98068384  0.58296480  0.64637192  0.00000000

--------------------------------------------------------------------------------
n=5
(result of R-step: (1,3:6)0.81884576)
V=[0, 1, 2, 3, 4]
total successes of this branch: 1
Matrix on 5 elements:

0    0.00000000  0.74017462  0.78250973  0.73238092  0.29800556
1    0.74017462  0.00000000  0.98100804  0.71141248  0.67346503
2    0.78250973  0.98100804  0.00000000  0.97803791  0.80793234
3    0.73238092  0.71141248  0.97803791  0.00000000  0.52272627
4    0.29800556  0.67346503  0.80793234  0.52272627  0.00000000

--------------------------------------------------------------------------------
n=4
(result of R-step: (0,1:2)0.33337238)
V=[0, 1, 3, 4]
total successes of this branch: 1
Matrix on 4 elements:

0    0.00000000  0.34001397  0.68820547  0.25383010
1    0.34001397  0.00000000  0.35542728  0.31747983
3    0.68820547  0.35542728  0.00000000  0.52272627
4    0.25383010  0.31747983  0.52272627  0.00000000

--------------------------------------------------------------------------------
n=4
(result of R-step: (1,4:2)0.11516572)
V=[0, 1, 3, 4]
total successes of this branch: 0
reason of abort: negative delta/dxy

--------------------------------------------------------------------------------
n=4
(result of R-step: (3,4:2)0.44638926)
V=[0, 1, 3, 4]
total successes of this branch: 0
reason of abort: negative delta/dxy
