n=8
V=[0, 1, 2, 3, 4, 5, 6, 7]
total successes of this branch: 1
Matrix on 8 elements:

0    0.00000000  1.26957612  0.87851649  1.15095376  1.19486915  0.75564607  1.24598850  1.25983743
1    1.26957612  0.00000000  1.17045188  0.75421909  0.66834950  1.19164728  0.25821737  0.13490023
2    0.87851649  1.17045188  0.00000000  0.98921926  1.05631370  0.42676052  1.13441443  1.15557298
3    1.15095376  0.75421909  0.98921926  0.00000000  0.60814143  1.02380240  0.70809723  0.73517661
4    1.19486915  0.66834950  1.05631370  0.60814143  0.00000000  1.08594054  0.47910528  0.59021562
5    0.75564607  1.19164728  0.42676052  1.02380240  1.08594054  0.00000000  1.15827194  1.17786749
6    1.24598850  0.25821737  1.13441443  0.70809723  0.47910528  1.15827194  0.00000000  0.17149956
7    1.25983743  0.13490023  1.15557298  0.73517661  0.59021562  1.17786749  0.17149956  0.00000000

--------------------------------------------------------------------------------
n=7
(result of R-step: (1,6:7)0.58712676)
V=[0, 1, 2, 3, 4, 5, 6]
total successes of this branch: 1
Matrix on 7 elements:

0    0.00000000  1.24548491  0.87851649  1.15095376  1.19486915  0.75564607  1.22189729
1    1.24548491  0.00000000  1.14636066  0.73012788  0.64425829  1.16755606  0.21003494
2    0.87851649  1.14636066  0.00000000  0.98921926  1.05631370  0.42676052  1.11032322
3    1.15095376  0.73012788  0.98921926  0.00000000  0.60814143  1.02380240  0.68400602
4    1.19486915  0.64425829  1.05631370  0.60814143  0.00000000  1.08594054  0.45501406
5    0.75564607  1.16755606  0.42676052  1.02380240  1.08594054  0.00000000  1.13418073
6    1.22189729  0.21003494  1.11032322  0.68400602  0.45501406  1.13418073  0.00000000

--------------------------------------------------------------------------------
n=6
(result of R-step: (1,4:6)0.68426478)
V=[0, 1, 2, 3, 4, 5]
total successes of this branch: 1
Matrix on 6 elements:

0    0.00000000  1.23508955  0.87851649  1.15095376  1.16038257  0.75564607
1    1.23508955  0.00000000  1.13596530  0.71973252  0.59937635  1.15716070
2    0.87851649  1.13596530  0.00000000  0.98921926  1.02182713  0.42676052
3    1.15095376  0.71973252  0.98921926  0.00000000  0.57365486  1.02380240
4    1.16038257  0.59937635  1.02182713  0.57365486  0.00000000  1.05145397
5    0.75564607  1.15716070  0.42676052  1.02380240  1.05145397  0.00000000

--------------------------------------------------------------------------------
n=5
(result of R-step: (1,3:4)0.37021172)
V=[0, 1, 2, 3, 5]
total successes of this branch: 1
Matrix on 5 elements:

0    0.00000000  1.00844020  0.87851649  0.88981784  0.75564607
1    1.00844020  0.00000000  0.90931596  0.23194726  0.93051136
2    0.87851649  0.90931596  0.00000000  0.72808334  0.42676052
3    0.88981784  0.23194726  0.72808334  0.00000000  0.76266648
5    0.75564607  0.93051136  0.42676052  0.76266648  0.00000000

--------------------------------------------------------------------------------
n=4
(result of R-step: (1,2:3)0.86832815)
V=[0, 1, 2, 5]
total successes of this branch: 1
Matrix on 4 elements:

0    0.00000000  0.88536979  0.72657144  0.75564607
1    0.88536979  0.00000000  0.63430049  0.80744094
2    0.72657144  0.63430049  0.00000000  0.27481547
5    0.75564607  0.80744094  0.27481547  0.00000000

--------------------------------------------------------------------------------
n=4
(result of R-step: (1,5:3)0.72749874)
V=[0, 1, 2, 5]
total successes of this branch: 0
Matrix on 4 elements:

0    0.00000000  0.98911551  0.87851649  0.50710357
1    0.98911551  0.00000000  0.88999126  0.66264416
2    0.87851649  0.88999126  0.00000000  0.17821801
5    0.50710357  0.66264416  0.17821801  0.00000000
reason of abort: no pseudometric
