n=8
V=[0, 1, 2, 3, 4, 5, 6, 7]
total successes of this branch: 1
Matrix on 8 elements:

0    0.00000000  1.50571972  1.13104019  1.34698133  0.92614000  1.17219386  0.43974041  1.49106658
1    1.50571972  0.00000000  1.47089648  1.17663120  1.49092843  1.02170245  1.50470501  0.23668689
2    1.13104019  1.47089648  0.00000000  1.25458201  0.97974507  1.33224830  1.12066106  1.45092849
3    1.34698133  1.17663120  1.25458201  0.00000000  1.30773442  1.24612744  1.34428892  1.08104104
4    0.92614000  1.49092843  0.97974507  1.30773442  0.00000000  1.26051668  0.89031438  1.47401780
5    1.17219386  1.02170245  1.33224830  1.24612744  1.26051668  0.00000000  1.17825297  1.04241912
6    0.43974041  1.50470501  1.12066106  1.34428892  0.89031438  1.17825297  0.00000000  1.48989700
7    1.49106658  0.23668689  1.45092849  1.08104104  1.47401780  1.04241912  1.48989700  0.00000000

--------------------------------------------------------------------------------
n=7
(result of R-step: (0,4:6)0.93139813)
V=[0, 1, 2, 3, 4, 5, 7]
total successes of this branch: 1
Matrix on 7 elements:

0    0.00000000  1.30376232  0.92908280  1.14502394  0.52222521  0.97023646  1.28910919
1    1.30376232  0.00000000  1.47089648  1.17663120  1.28897104  1.02170245  0.23668689
2    0.92908280  1.47089648  0.00000000  1.25458201  0.77778767  1.33224830  1.45092849
3    1.14502394  1.17663120  1.25458201  0.00000000  1.10577702  1.24612744  1.08104104
4    0.52222521  1.28897104  0.77778767  1.10577702  0.00000000  1.05855928  1.27206040
5    0.97023646  1.02170245  1.33224830  1.24612744  1.05855928  0.00000000  1.04241912
7    1.28910919  0.23668689  1.45092849  1.08104104  1.27206040  1.04241912  0.00000000

--------------------------------------------------------------------------------
n=6
(result of R-step: (1,3:7)0.90769003)
V=[0, 1, 2, 3, 4, 5]
total successes of this branch: 1
Matrix on 6 elements:

0    0.00000000  1.23321396  0.92908280  1.07447557  0.52222521  0.97023646
1    1.23321396  0.00000000  1.40034811  1.03553447  1.21842267  0.95115409
2    0.92908280  1.40034811  0.00000000  1.18403364  0.77778767  1.33224830
3    1.07447557  1.03553447  1.18403364  0.00000000  1.03522866  1.17557908
4    0.52222521  1.21842267  0.77778767  1.03522866  0.00000000  1.05855928
5    0.97023646  0.95115409  1.33224830  1.17557908  1.05855928  0.00000000

--------------------------------------------------------------------------------
n=5
(result of R-step: (0,1:5)0.40796118)
V=[0, 1, 2, 3, 4]
total successes of this branch: 1
Matrix on 5 elements:

0    0.00000000  0.81754313  0.78695190  0.93234467  0.38009431
1    0.81754313  0.00000000  1.12680818  0.76199454  0.94488274
2    0.78695190  1.12680818  0.00000000  1.18403364  0.77778767
3    0.93234467  0.76199454  1.18403364  0.00000000  1.03522866
4    0.38009431  0.94488274  0.77778767  1.03522866  0.00000000

--------------------------------------------------------------------------------
n=4
(result of R-step: (1,2:3)0.82084290)
V=[0, 1, 2, 4]
total successes of this branch: 1
Matrix on 4 elements:

0    0.00000000  0.54962544  0.39952946  0.38009431
1    0.54962544  0.00000000  0.47146805  0.67696505
2    0.39952946  0.47146805  0.00000000  0.39036523
4    0.38009431  0.67696505  0.39036523  0.00000000
