n=8
V=[0, 1, 2, 3, 4, 5, 6, 7]
total successes of this branch: 1
Matrix on 8 elements:

0    0.00000000  1.30901545  1.28632047  1.30275348  0.97643070  1.29434344  0.39263750  1.29663409
1    1.30901545  0.00000000  1.30392912  1.17790202  1.28176416  1.24239982  1.30885854  1.22483250
2    1.28632047  1.30392912  0.00000000  1.25590512  1.28765402  0.96200718  1.25787262  1.04205643
3    1.30275348  1.17790202  1.25590512  0.00000000  1.29329816  0.97553374  1.30130820  0.77591617
4    0.97643070  1.28176416  1.28765402  1.29329816  0.00000000  1.29040962  0.98603198  1.29119637
5    1.29434344  1.24239982  0.96200718  0.97553374  1.29040962  0.00000000  1.28409082  0.44226258
6    0.39263750  1.30885854  1.25787262  1.30130820  0.98603198  1.28409082  0.00000000  1.28878034
7    1.29663409  1.22483250  1.04205643  0.77591617  1.29119637  0.44226258  1.28878034  0.00000000

--------------------------------------------------------------------------------
n=7
(result of R-step: (0,2:6)0.96914987)
V=[0, 1, 2, 3, 4, 5, 7]
total successes of this branch: 1
Matrix on 7 elements:

0    0.00000000  1.12692063  0.92213083  1.12065866  0.79433588  1.11224862  1.11453927
1    1.12692063  0.00000000  1.12183430  1.17790202  1.28176416  1.24239982  1.22483250
2    0.92213083  1.12183430  0.00000000  1.07381029  1.10555920  0.77991236  0.85996161
3    1.12065866  1.17790202  1.07381029  0.00000000  1.29329816  0.97553374  0.77591617
4    0.79433588  1.28176416  1.10555920  1.29329816  0.00000000  1.29040962  1.29119637
5    1.11224862  1.24239982  0.77991236  0.97553374  1.29040962  0.00000000  0.44226258
7    1.11453927  1.22483250  0.85996161  0.77591617  1.29119637  0.44226258  0.00000000

--------------------------------------------------------------------------------
n=6
(result of R-step: (3,5:7)0.27237090)
V=[0, 1, 2, 3, 4, 5]
total successes of this branch: 1
Matrix on 6 elements:

0    0.00000000  1.12692063  0.92213083  0.99933615  0.79433588  0.99092611
1    1.12692063  0.00000000  1.12183430  1.05657952  1.28176416  1.12107731
2    0.92213083  1.12183430  0.00000000  0.95248779  1.10555920  0.65858985
3    0.99933615  1.05657952  0.95248779  0.00000000  1.17197565  0.73288872
4    0.79433588  1.28176416  1.10555920  1.17197565  0.00000000  1.16908711
5    0.99092611  1.12107731  0.65858985  0.73288872  1.16908711  0.00000000

--------------------------------------------------------------------------------
n=5
(result of R-step: (2,3:5)0.51177719)
V=[0, 1, 2, 3, 4]
total successes of this branch: 1
Matrix on 5 elements:

0    0.00000000  1.12692063  0.76340775  0.77984075  0.79433588
1    1.12692063  0.00000000  0.96311122  0.83708412  1.28176416
2    0.76340775  0.96311122  0.00000000  0.57426931  0.94683612
3    0.77984075  0.83708412  0.57426931  0.00000000  0.95248026
4    0.79433588  1.28176416  0.94683612  0.95248026  0.00000000

--------------------------------------------------------------------------------
n=4
(result of R-step: (2,4:0)0.29880078)
V=[1, 2, 3, 4]
total successes of this branch: 1
Matrix on 4 elements:

1    0.00000000  0.69685224  0.83708412  0.87456869
2    0.69685224  0.00000000  0.30801033  0.27338168
3    0.83708412  0.30801033  0.00000000  0.54528479
4    0.87456869  0.27338168  0.54528479  0.00000000
