n=8
V=[0, 1, 2, 3, 4, 5, 6, 7]
total successes of this branch: 1
Matrix on 8 elements:

0    0.00000000  1.54828957  1.43600967  1.44587683  1.44372764  1.43848753  0.29337442  1.19905044
1    1.54828957  0.00000000  1.38629159  1.34424598  1.35340404  1.37573301  1.54259603  1.41870594
2    1.43600967  1.38629159  0.00000000  0.94989370  0.89085150  0.62648462  1.39438809  0.38618942
3    1.44587683  1.34424598  0.94989370  0.00000000  0.73786692  0.88182231  1.42844513  1.04913550
4    1.44372764  1.35340404  0.89085150  0.73786692  0.00000000  0.76584179  1.42429640  1.00147708
5    1.43848753  1.37573301  0.62648462  0.88182231  0.76584179  0.00000000  1.40994909  0.78895916
6    0.29337442  1.54259603  1.39438809  1.42844513  1.42429640  1.40994909  0.00000000  1.13060504
7    1.19905044  1.41870594  0.38618942  1.04913550  1.00147708  0.78895916  1.13060504  0.00000000

--------------------------------------------------------------------------------
n=7
(result of R-step: (2,6:7)0.79262041)
V=[0, 1, 2, 3, 4, 5, 6]
total successes of this branch: 1
Matrix on 7 elements:

0    0.00000000  1.54828957  1.37480648  1.44587683  1.44372764  1.43848753  0.23217123
1    1.54828957  0.00000000  1.32508840  1.34424598  1.35340404  1.37573301  1.48139284
2    1.37480648  1.32508840  0.00000000  0.88869051  0.82964831  0.56528143  1.27198171
3    1.44587683  1.34424598  0.88869051  0.00000000  0.73786692  0.88182231  1.36724194
4    1.44372764  1.35340404  0.82964831  0.73786692  0.00000000  0.76584179  1.36309321
5    1.43848753  1.37573301  0.56528143  0.88182231  0.76584179  0.00000000  1.34874590
6    0.23217123  1.48139284  1.27198171  1.36724194  1.36309321  1.34874590  0.00000000

--------------------------------------------------------------------------------
n=6
(result of R-step: (0,2:6)0.96485426)
V=[0, 1, 2, 3, 4, 5]
total successes of this branch: 1
Matrix on 6 elements:

0    0.00000000  1.42241315  1.18425683  1.32000041  1.31785122  1.31261111
1    1.42241315  0.00000000  1.26041517  1.34424598  1.35340404  1.37573301
2    1.18425683  1.26041517  0.00000000  0.82401728  0.76497508  0.50060820
3    1.32000041  1.34424598  0.82401728  0.00000000  0.73786692  0.88182231
4    1.31785122  1.35340404  0.76497508  0.73786692  0.00000000  0.76584179
5    1.31261111  1.37573301  0.50060820  0.88182231  0.76584179  0.00000000

--------------------------------------------------------------------------------
n=5
(result of R-step: (0,3:1)0.81521508)
V=[0, 2, 3, 4, 5]
total successes of this branch: 1
Matrix on 5 elements:

0    0.00000000  0.54898166  0.34531287  0.68257604  0.67733594
2    0.54898166  0.00000000  0.48460492  0.76497508  0.50060820
3    0.34531287  0.48460492  0.00000000  0.39845456  0.54240995
4    0.68257604  0.76497508  0.39845456  0.00000000  0.76584179
5    0.67733594  0.50060820  0.54240995  0.76584179  0.00000000

--------------------------------------------------------------------------------
n=4
(result of R-step: (2,3:0)0.36538662)
V=[2, 3, 4, 5]
total successes of this branch: 1
Matrix on 4 elements:

2    0.00000000  0.34552662  0.64011405  0.37574716
3    0.34552662  0.00000000  0.38423729  0.52819269
4    0.64011405  0.38423729  0.00000000  0.76584179
5    0.37574716  0.52819269  0.76584179  0.00000000

--------------------------------------------------------------------------------
n=4
(result of R-step: (2,4:0)0.10064254)
V=[2, 3, 4, 5]
total successes of this branch: 0
reason of abort: negative delta/dxy

--------------------------------------------------------------------------------
n=4
(result of R-step: (3,5:0)0.37463068)
V=[2, 3, 4, 5]
total successes of this branch: 0
reason of abort: negative delta/dxy

--------------------------------------------------------------------------------
n=4
(result of R-step: (4,5:0)0.60116861)
V=[2, 3, 4, 5]
total successes of this branch: 0
reason of abort: negative delta/dxy
