n=8
V=[0, 1, 2, 3, 4, 5, 6, 7]
total successes of this branch: 2
Matrix on 8 elements:

0    0.00000000  3.16580573  2.53043230  2.28318848  2.63928098  2.16493633  2.43750536  2.60101800
1    3.16580573  0.00000000  2.85410783  3.06635987  2.64790584  2.95264347  2.72695747  2.72039089
2    2.53043230  2.85410783  0.00000000  2.56320839  1.85666398  1.73975444  2.61406927  1.37326341
3    2.28318848  3.06635987  2.56320839  0.00000000  2.64940553  2.47468697  1.46454615  2.61910513
4    2.63928098  2.64790584  1.85666398  2.64940553  0.00000000  2.10406913  2.64914333  0.96490976
5    2.16493633  2.95264347  1.73975444  2.47468697  2.10406913  0.00000000  2.55825293  1.97600360
6    2.43750536  2.72695747  2.61406927  1.46454615  2.64914333  2.55825293  0.00000000  2.63681394
7    2.60101800  2.72039089  1.37326341  2.61910513  0.96490976  1.97600360  2.63681394  0.00000000

--------------------------------------------------------------------------------
n=7
(result of R-step: (1,3:6)0.17484009)
V=[0, 1, 2, 3, 4, 5, 7]
total successes of this branch: 2
Matrix on 7 elements:

0    0.00000000  2.60323386  2.53043230  1.72061660  2.63928098  2.16493633  2.60101800
1    2.60323386  0.00000000  2.29153595  1.94121612  2.08533396  2.39007159  2.15781901
2    2.53043230  2.29153595  0.00000000  2.00063651  1.85666398  1.73975444  1.37326341
3    1.72061660  1.94121612  2.00063651  0.00000000  2.08683366  1.91211509  2.05653325
4    2.63928098  2.08533396  1.85666398  2.08683366  0.00000000  2.10406913  0.96490976
5    2.16493633  2.39007159  1.73975444  1.91211509  2.10406913  0.00000000  1.97600360
7    2.60101800  2.15781901  1.37326341  2.05653325  0.96490976  1.97600360  0.00000000

--------------------------------------------------------------------------------
n=6
(result of R-step: (2,4:7)0.35152448)
V=[0, 1, 2, 3, 4, 5]
total successes of this branch: 2
Matrix on 6 elements:

0    0.00000000  2.60323386  2.28967770  1.72061660  2.39852639  2.16493633
1    2.60323386  0.00000000  2.05078136  1.94121612  1.84457937  2.39007159
2    2.28967770  2.05078136  0.00000000  1.75988192  1.37515479  1.49899985
3    1.72061660  1.94121612  1.75988192  0.00000000  1.84607906  1.91211509
4    2.39852639  1.84457937  1.37515479  1.84607906  0.00000000  1.86331453
5    2.16493633  2.39007159  1.49899985  1.91211509  1.86331453  0.00000000

--------------------------------------------------------------------------------
n=5
(result of R-step: (0,2:5)0.31612545)
V=[0, 1, 2, 3, 4]
total successes of this branch: 2
Matrix on 5 elements:

0    0.00000000  1.91610462  1.15617382  1.03348737  1.71139715
1    1.91610462  0.00000000  1.60440671  1.94121612  1.84457937
2    1.15617382  1.60440671  0.00000000  1.31350727  0.92878015
3    1.03348737  1.94121612  1.31350727  0.00000000  1.84607906
4    1.71139715  1.84457937  0.92878015  1.84607906  0.00000000

--------------------------------------------------------------------------------
n=4
(result of R-step: (0,2:1)0.27110895)
V=[0, 2, 3, 4]
total successes of this branch: 0
Matrix on 4 elements:

0    0.00000000  0.07134812  0.35155651  1.02946629
2    0.07134812  0.00000000  0.91061243  0.52588530
3    0.35155651  0.91061243  0.00000000  1.84607906
4    1.02946629  0.52588530  1.84607906  0.00000000
reason of abort: no pseudometric

--------------------------------------------------------------------------------
n=4
(result of R-step: (0,4:1)0.55817084)
V=[0, 2, 3, 4]
total successes of this branch: 0
Matrix on 4 elements:

0    0.00000000  0.60861977  0.48593332  0.77837132
2    0.60861977  0.00000000  1.31350727  0.54330837
3    0.48593332  1.31350727  0.00000000  1.46060729
4    0.77837132  0.54330837  1.46060729  0.00000000
reason of abort: no pseudometric

--------------------------------------------------------------------------------
n=4
(result of R-step: (1,2:4)0.17131450)
V=[0, 1, 2, 3]
total successes of this branch: 1
Matrix on 4 elements:

0    0.00000000  1.65344550  1.01807206  1.03348737
1    1.65344550  0.00000000  1.20364583  1.67855700
2    1.01807206  1.20364583  0.00000000  1.17540552
3    1.03348737  1.67855700  1.17540552  0.00000000

--------------------------------------------------------------------------------
n=4
(result of R-step: (2,3:1)0.85012440)
V=[0, 2, 3, 4]
total successes of this branch: 0
Matrix on 4 elements:

0    0.00000000  0.78609532  0.87918263  1.71139715
2    0.78609532  0.00000000  0.78912404  0.55870165
3    0.87918263  0.78912404  0.00000000  1.69177432
4    1.71139715  0.55870165  1.69177432  0.00000000
reason of abort: no pseudometric

--------------------------------------------------------------------------------
n=4
(result of R-step: (3,4:1)0.44316087)
V=[0, 2, 3, 4]
total successes of this branch: 1
Matrix on 4 elements:

0    0.00000000  1.15617382  0.57302647  1.24327378
2    1.15617382  0.00000000  0.85304638  0.46065678
3    0.57302647  0.85304638  0.00000000  0.91749481
4    1.24327378  0.46065678  0.91749481  0.00000000
