n=8
V=[0, 1, 2, 3, 4, 5, 6, 7]
total successes of this branch: 1
Matrix on 8 elements:

0    0.00000000  1.73622958  1.54497589  1.33759670  1.39488028  1.44457170  1.66477189  0.64908769
1    1.73622958  0.00000000  1.60247667  1.72911329  1.69413293  1.66378874  0.93184239  1.73467967
2    1.54497589  1.60247667  0.00000000  1.53332231  1.42564078  1.29422343  1.20244685  1.54243776
3    1.33759670  1.72911329  1.53332231  0.00000000  1.25117293  1.34458275  1.65596034  1.14588685
4    1.39488028  1.69413293  1.42564078  1.25117293  0.00000000  1.16010494  1.59381681  1.36358111
5    1.44457170  1.66378874  1.29422343  1.34458275  1.16010494  0.00000000  1.52570888  1.42279431
6    1.66477189  0.93184239  1.20244685  1.65596034  1.59381681  1.52570888  0.00000000  1.66285276
7    0.64908769  1.73467967  1.54243776  1.14588685  1.36358111  1.42279431  1.66285276  0.00000000

--------------------------------------------------------------------------------
n=7
(result of R-step: (0,3:7)0.78220206)
V=[0, 1, 2, 3, 4, 5, 6]
total successes of this branch: 1
Matrix on 7 elements:

0    0.00000000  1.50754066  1.31628697  0.88021886  1.16619136  1.21588278  1.43608298
1    1.50754066  0.00000000  1.60247667  1.50042437  1.69413293  1.66378874  0.93184239
2    1.31628697  1.60247667  0.00000000  1.30463339  1.42564078  1.29422343  1.20244685
3    0.88021886  1.50042437  1.30463339  0.00000000  1.02248401  1.11589383  1.42727143
4    1.16619136  1.69413293  1.42564078  1.02248401  0.00000000  1.16010494  1.59381681
5    1.21588278  1.66378874  1.29422343  1.11589383  1.16010494  0.00000000  1.52570888
6    1.43608298  0.93184239  1.20244685  1.42727143  1.59381681  1.52570888  0.00000000

--------------------------------------------------------------------------------
n=6
(result of R-step: (1,2:6)0.62637225)
V=[0, 1, 2, 3, 4, 5]
total successes of this branch: 1
Matrix on 6 elements:

0    0.00000000  1.24163438  1.05038069  0.88021886  1.16619136  1.21588278
1    1.24163438  0.00000000  1.07066410  1.23451809  1.42822665  1.39788246
2    1.05038069  1.07066410  0.00000000  1.03872710  1.15973449  1.02831714
3    0.88021886  1.23451809  1.03872710  0.00000000  1.02248401  1.11589383
4    1.16619136  1.42822665  1.15973449  1.02248401  0.00000000  1.16010494
5    1.21588278  1.39788246  1.02831714  1.11589383  1.16010494  0.00000000

--------------------------------------------------------------------------------
n=5
(result of R-step: (1,3:0)0.35326850)
V=[1, 2, 3, 4, 5]
total successes of this branch: 1
Matrix on 5 elements:

1    0.00000000  0.44385844  0.26465564  0.80142098  0.77107679
2    0.44385844  0.00000000  0.69567032  1.15973449  1.02831714
3    0.26465564  0.69567032  0.00000000  0.67942723  0.77283705
4    0.80142098  1.15973449  0.67942723  0.00000000  1.16010494
5    0.77107679  1.02831714  0.77283705  1.16010494  0.00000000

--------------------------------------------------------------------------------
n=4
(result of R-step: (2,3:1)0.55044062)
V=[2, 3, 4, 5]
total successes of this branch: 1
Matrix on 4 elements:

2    0.00000000  0.42040953  0.91129698  0.77987963
3    0.42040953  0.00000000  0.65260395  0.74601377
4    0.91129698  0.65260395  0.00000000  1.16010494
5    0.77987963  0.74601377  1.16010494  0.00000000
