n=8
V=[0, 1, 2, 3, 4, 5, 6, 7]
total successes of this branch: 1
Matrix on 8 elements:

0    0.00000000  2.23104040  1.09389613  1.24331392  1.06201738  0.57177655  1.89046554  0.74424280
1    2.23104040  0.00000000  2.01130305  1.59324996  1.76993463  2.14896099  0.78863944  2.01561988
2    1.09389613  2.01130305  0.00000000  1.45385139  1.35413435  1.14021999  1.48855075  1.21547486
3    1.24331392  1.59324996  1.45385139  0.00000000  0.77017221  1.15909204  1.55150007  1.02227042
4    1.06201738  1.76993463  1.35413435  0.77017221  0.00000000  0.95585411  1.64540239  0.62989319
5    0.57177655  2.14896099  1.14021999  1.15909204  0.95585411  0.00000000  1.84684293  0.35526070
6    1.89046554  0.78863944  1.48855075  1.55150007  1.64540239  1.84684293  0.00000000  1.77597634
7    0.74424280  2.01561988  1.21547486  1.02227042  0.62989319  0.35526070  1.77597634  0.00000000

--------------------------------------------------------------------------------
n=7
(result of R-step: (1,2:6)0.70049987)
V=[0, 1, 2, 3, 4, 5, 7]
total successes of this branch: 1
Matrix on 7 elements:

0    0.00000000  2.09809683  0.96095256  1.24331392  1.06201738  0.57177655  0.74424280
1    2.09809683  0.00000000  1.74541591  1.46030639  1.63699105  2.01601742  1.88267631
2    0.96095256  1.74541591  0.00000000  1.32090782  1.22119078  1.00727642  1.08253129
3    1.24331392  1.46030639  1.32090782  0.00000000  0.77017221  1.15909204  1.02227042
4    1.06201738  1.63699105  1.22119078  0.77017221  0.00000000  0.95585411  0.62989319
5    0.57177655  2.01601742  1.00727642  1.15909204  0.95585411  0.00000000  0.35526070
7    0.74424280  1.88267631  1.08253129  1.02227042  0.62989319  0.35526070  0.00000000

--------------------------------------------------------------------------------
n=6
(result of R-step: (4,5:7)0.35179904)
V=[0, 1, 2, 3, 4, 5]
total successes of this branch: 1
Matrix on 6 elements:

0    0.00000000  2.09809683  0.96095256  1.24331392  1.04736748  0.55712666
1    2.09809683  0.00000000  1.74541591  1.46030639  1.62234116  2.00136752
2    0.96095256  1.74541591  0.00000000  1.32090782  1.20654089  0.99262653
3    1.24331392  1.46030639  1.32090782  0.00000000  0.75552232  1.14444215
4    1.04736748  1.62234116  1.20654089  0.75552232  0.00000000  0.92655432
5    0.55712666  2.00136752  0.99262653  1.14444215  0.92655432  0.00000000

--------------------------------------------------------------------------------
n=5
(result of R-step: (0,4:5)0.82199440)
V=[0, 1, 2, 3, 4]
total successes of this branch: 1
Matrix on 5 elements:

0    0.00000000  1.86529019  0.72814592  1.01050728  0.59640410
1    1.86529019  0.00000000  1.74541591  1.46030639  1.40418441
2    0.72814592  1.74541591  0.00000000  1.32090782  0.98838414
3    1.01050728  1.46030639  1.32090782  0.00000000  0.53736557
4    0.59640410  1.40418441  0.98838414  0.53736557  0.00000000

--------------------------------------------------------------------------------
n=4
(result of R-step: (0,3:4)0.27702620)
V=[0, 1, 2, 3]
total successes of this branch: 1
Matrix on 4 elements:

0    0.00000000  1.80365899  0.66651473  0.65443825
1    1.80365899  0.00000000  1.74541591  1.16586856
2    0.66651473  1.74541591  0.00000000  1.02646998
3    0.65443825  1.16586856  1.02646998  0.00000000

--------------------------------------------------------------------------------
n=4
(result of R-step: (1,2:4)0.65327310)
V=[0, 1, 2, 3]
total successes of this branch: 0
reason of abort: negative delta/dxy

--------------------------------------------------------------------------------
n=4
(result of R-step: (2,3:4)0.63083626)
V=[0, 1, 2, 3]
total successes of this branch: 0
reason of abort: negative delta/dxy
