n=8
V=[0, 1, 2, 3, 4, 5, 6, 7]
total successes of this branch: 1
Matrix on 8 elements:

0    0.00000000  1.18774427  1.00953756  1.08414677  1.16839753  1.17767389  1.17493436  1.17377440
1    1.18774427  0.00000000  1.10777489  0.98684473  0.86020757  0.84361833  0.84851753  0.85059192
2    1.00953756  1.10777489  0.00000000  1.07435209  1.10153321  1.10452597  1.10364214  1.10326791
3    1.08414677  0.98684473  1.07435209  0.00000000  0.95776469  0.97170797  0.96759019  0.96584666
4    1.16839753  0.86020757  1.10153321  0.95776469  0.00000000  0.84219836  0.72292359  0.62553424
5    1.17767389  0.84361833  1.10452597  0.97170797  0.84219836  0.00000000  0.55759532  0.60809796
6    1.17493436  0.84851753  1.10364214  0.96759019  0.72292359  0.55759532  0.00000000  0.27148421
7    1.17377440  0.85059192  1.10326791  0.96584666  0.62553424  0.60809796  0.27148421  0.00000000

--------------------------------------------------------------------------------
n=7
(result of R-step: (2,3:0)0.42618227)
V=[1, 2, 3, 4, 5, 6, 7]
total successes of this branch: 1
Matrix on 7 elements:

1    0.00000000  0.82187136  0.57128097  0.86020757  0.84361833  0.84851753  0.85059192
2    0.82187136  0.00000000  0.37288480  0.81562968  0.81862244  0.81773860  0.81736438
3    0.57128097  0.37288480  0.00000000  0.54220093  0.55614420  0.55202642  0.55028289
4    0.86020757  0.81562968  0.54220093  0.00000000  0.84219836  0.72292359  0.62553424
5    0.84361833  0.81862244  0.55614420  0.84219836  0.00000000  0.55759532  0.60809796
6    0.84851753  0.81773860  0.55202642  0.72292359  0.55759532  0.00000000  0.27148421
7    0.85059192  0.81736438  0.55028289  0.62553424  0.60809796  0.27148421  0.00000000

--------------------------------------------------------------------------------
n=6
(result of R-step: (1,3:2)0.35865114)
V=[1, 3, 4, 5, 6, 7]
total successes of this branch: 1
Matrix on 6 elements:

1    0.00000000  0.15175704  0.44740301  0.43081377  0.43571297  0.43778736
3    0.15175704  0.00000000  0.53548156  0.54942483  0.54530705  0.54356352
4    0.44740301  0.53548156  0.00000000  0.84219836  0.72292359  0.62553424
5    0.43081377  0.54942483  0.84219836  0.00000000  0.55759532  0.60809796
6    0.43571297  0.54530705  0.72292359  0.55759532  0.00000000  0.27148421
7    0.43778736  0.54356352  0.62553424  0.60809796  0.27148421  0.00000000

--------------------------------------------------------------------------------
n=5
(result of R-step: (4,6:7)0.17744943)
V=[1, 3, 4, 5, 6]
total successes of this branch: 1
Matrix on 5 elements:

1    0.00000000  0.15175704  0.36035558  0.43081377  0.34866554
3    0.15175704  0.00000000  0.44843413  0.54942483  0.45825962
4    0.36035558  0.44843413  0.00000000  0.75515093  0.54882873
5    0.43081377  0.54942483  0.75515093  0.00000000  0.47054789
6    0.34866554  0.45825962  0.54882873  0.47054789  0.00000000

--------------------------------------------------------------------------------
n=4
(result of R-step: (4,5:6)0.29532390)
V=[1, 3, 4, 5]
total successes of this branch: 1
Matrix on 4 elements:

1    0.00000000  0.15175704  0.22824274  0.21165350
3    0.15175704  0.00000000  0.31632129  0.33026456
4    0.22824274  0.31632129  0.00000000  0.40387781
5    0.21165350  0.33026456  0.40387781  0.00000000
