n=8
V=[0, 1, 2, 3, 4, 5, 6, 7]
total successes of this branch: 1
Matrix on 8 elements:

0    0.00000000  1.86578235  1.74434759  1.79289346  1.78096394  0.81356882  0.19557884  1.32139975
1    1.86578235  0.00000000  1.84936897  1.78268255  1.79906988  1.50274884  1.84262651  0.79269910
2    1.74434759  1.84936897  0.00000000  1.74924306  1.68243706  1.77128726  1.74606592  1.80897192
3    1.79289346  1.78268255  1.74924306  0.00000000  1.54418943  1.79027420  1.79272640  1.78661023
4    1.78096394  1.79906988  1.68243706  1.54418943  0.00000000  1.78560840  1.78126019  1.79210533
5    0.81356882  1.50274884  1.77128726  1.79027420  1.78560840  0.00000000  0.77146521  0.74159250
6    0.19557884  1.84262651  1.74606592  1.79272640  1.78126019  0.77146521  0.00000000  1.28844092
7    1.32139975  0.79269910  1.80897192  1.78661023  1.79210533  0.74159250  1.28844092  0.00000000

--------------------------------------------------------------------------------
n=7
(result of R-step: (1,5:7)0.48263105)
V=[0, 1, 2, 3, 4, 5, 6]
total successes of this branch: 1
Matrix on 7 elements:

0    0.00000000  1.85001097  1.74434759  1.79289346  1.78096394  0.79779744  0.19557884
1    1.85001097  0.00000000  1.83359759  1.76691117  1.78329850  1.47120608  1.82685513
2    1.74434759  1.83359759  0.00000000  1.74924306  1.68243706  1.75551588  1.74606592
3    1.79289346  1.76691117  1.74924306  0.00000000  1.54418943  1.77450282  1.79272640
4    1.78096394  1.78329850  1.68243706  1.54418943  0.00000000  1.76983702  1.78126019
5    0.79779744  1.47120608  1.75551588  1.77450282  1.76983702  0.00000000  0.75569383
6    0.19557884  1.82685513  1.74606592  1.79272640  1.78126019  0.75569383  0.00000000

--------------------------------------------------------------------------------
n=6
(result of R-step: (0,5:6)0.93621569)
V=[0, 1, 2, 3, 4, 5]
total successes of this branch: 1
Matrix on 6 elements:

0    0.00000000  1.77327336  1.66760998  1.71615585  1.70422633  0.66009360
1    1.77327336  0.00000000  1.83359759  1.76691117  1.78329850  1.41023984
2    1.66760998  1.83359759  0.00000000  1.74924306  1.68243706  1.69454965
3    1.71615585  1.76691117  1.74924306  0.00000000  1.54418943  1.71353659
4    1.70422633  1.78329850  1.68243706  1.54418943  0.00000000  1.70887079
5    0.66009360  1.41023984  1.69454965  1.71353659  1.70887079  0.00000000

--------------------------------------------------------------------------------
n=5
(result of R-step: (0,1:5)0.74348400)
V=[0, 1, 2, 3, 4]
total successes of this branch: 1
Matrix on 5 elements:

0    0.00000000  1.41524705  1.51907994  1.56762581  1.55569629
1    1.41524705  0.00000000  1.62410132  1.55741490  1.57380223
2    1.51907994  1.62410132  0.00000000  1.74924306  1.68243706
3    1.56762581  1.55741490  1.74924306  0.00000000  1.54418943
4    1.55569629  1.57380223  1.68243706  1.54418943  0.00000000

--------------------------------------------------------------------------------
n=4
(result of R-step: (0,3:2)0.46566680)
V=[0, 1, 3, 4]
total successes of this branch: 0
Matrix on 4 elements:

0    0.00000000  0.82624633  0.14921518  0.96669557
1    0.82624633  0.00000000  0.72800499  1.57380223
3    0.14921518  0.72800499  0.00000000  0.71477953
4    0.96669557  1.57380223  0.71477953  0.00000000
reason of abort: no pseudometric

--------------------------------------------------------------------------------
n=4
(result of R-step: (0,4:2)0.85033912)
V=[0, 1, 3, 4]
total successes of this branch: 1
Matrix on 4 elements:

0    0.00000000  0.76778283  0.92016159  0.32543820
1    0.76778283  0.00000000  1.55741490  0.99100836
3    0.92016159  1.55741490  0.00000000  0.96139557
4    0.32543820  0.99100836  0.96139557  0.00000000
