n=8
V=[0, 1, 2, 3, 4, 5, 6, 7]
total successes of this branch: 1
Matrix on 8 elements:

0    0.00000000  3.26323389  3.19873974  3.25051871  2.65072869  2.79551327  3.25248717  3.25678701
1    3.26323389  0.00000000  3.24856945  3.06854083  3.19320807  3.16311438  2.81082896  2.17829049
2    3.19873974  3.24856945  0.00000000  3.24551463  3.21556340  3.22279339  3.24598755  3.24702058
3    3.25051871  3.06854083  3.24551463  0.00000000  2.91361550  2.61774649  1.66157243  2.22451011
4    2.65072869  3.19320807  3.21556340  2.91361550  0.00000000  1.98380647  2.95689968  3.05144828
5    2.79551327  3.16311438  3.22279339  2.61774649  1.98380647  0.00000000  2.70217578  2.88660047
6    3.25248717  2.81082896  3.24598755  1.66157243  2.95689968  2.70217578  0.00000000  1.86244352
7    3.25678701  2.17829049  3.24702058  2.22451011  3.05144828  2.88660047  1.86244352  0.00000000

--------------------------------------------------------------------------------
n=7
(result of R-step: (1,6:7)0.40010684)
V=[0, 1, 2, 3, 4, 5, 6]
total successes of this branch: 1
Matrix on 7 elements:

0    0.00000000  2.64828137  3.19873974  3.25051871  2.65072869  2.79551327  2.63753465
1    2.64828137  0.00000000  2.63361692  2.45358831  2.57825554  2.54816186  1.58092392
2    3.19873974  2.63361692  0.00000000  3.24551463  3.21556340  3.22279339  2.63103503
3    3.25051871  2.45358831  3.24551463  0.00000000  2.91361550  2.61774649  1.04661991
4    2.65072869  2.57825554  3.21556340  2.91361550  0.00000000  1.98380647  2.34194716
5    2.79551327  2.54816186  3.22279339  2.61774649  1.98380647  0.00000000  2.08722326
6    2.63753465  1.58092392  2.63103503  1.04661991  2.34194716  2.08722326  0.00000000

--------------------------------------------------------------------------------
n=6
(result of R-step: (1,3:6)0.15481163)
V=[0, 1, 2, 3, 4, 5]
total successes of this branch: 1
Matrix on 6 elements:

0    0.00000000  2.56130361  3.19873974  2.54858843  2.65072869  2.79551327
1    2.56130361  0.00000000  2.54663917  1.66468027  2.49127779  2.46118410
2    3.19873974  2.54663917  0.00000000  2.54358435  3.21556340  3.22279339
3    2.54858843  1.66468027  2.54358435  0.00000000  2.21168522  1.91581621
4    2.65072869  2.49127779  3.21556340  2.21168522  0.00000000  1.98380647
5    2.79551327  2.46118410  3.22279339  1.91581621  1.98380647  0.00000000

--------------------------------------------------------------------------------
n=5
(result of R-step: (0,1:2)0.21342662)
V=[0, 1, 3, 4, 5]
total successes of this branch: 1
Matrix on 5 elements:

0    0.00000000  0.57183394  1.39167569  1.49381595  1.63860053
1    0.57183394  0.00000000  0.83212334  1.65872085  1.62862717
3    1.39167569  0.83212334  0.00000000  2.21168522  1.91581621
4    1.49381595  1.65872085  2.21168522  0.00000000  1.98380647
5    1.63860053  1.62862717  1.91581621  1.98380647  0.00000000

--------------------------------------------------------------------------------
n=4
(result of R-step: (0,5:4)0.49896549)
V=[0, 1, 3, 5]
total successes of this branch: 1
Matrix on 4 elements:

0    0.00000000  0.45617113  1.27601288  0.91539043
1    0.45617113  0.00000000  0.83212334  1.02107988
3    1.27601288  0.83212334  0.00000000  1.30826893
5    0.91539043  1.02107988  1.30826893  0.00000000
