n=8
V=[0, 1, 2, 3, 4, 5, 6, 7]
total successes of this branch: 1
Matrix on 8 elements:

0    0.00000000  1.16426291  1.14533162  1.14909067  0.79563552  0.59998351  0.90502302  0.56273997
1    1.16426291  0.00000000  1.15072299  1.10254833  0.94178285  1.16240958  0.78184598  1.16253464
2    1.14533162  1.15072299  0.00000000  0.95628140  1.14736081  1.05884677  1.14835852  1.06468265
3    1.14909067  1.10254833  0.95628140  0.00000000  1.13157314  1.12269908  1.12296024  1.12447995
4    0.79563552  0.94178285  1.14736081  1.13157314  0.00000000  0.84377942  0.56274490  0.84053074
5    0.59998351  1.16240958  1.05884677  1.12269908  0.84377942  0.00000000  0.93833061  0.08529563
6    0.90502302  0.78184598  1.14835852  1.12296024  0.56274490  0.93833061  0.00000000  0.93608306
7    0.56273997  1.16253464  1.06468265  1.12447995  0.84053074  0.08529563  0.93608306  0.00000000

--------------------------------------------------------------------------------
n=7
(result of R-step: (0,5:7)0.06747856)
V=[0, 1, 2, 3, 4, 5, 6]
total successes of this branch: 1
Matrix on 7 elements:

0    0.00000000  1.14023687  1.12130557  1.12506463  0.77160947  0.55193142  0.88099698
1    1.14023687  0.00000000  1.15072299  1.10254833  0.94178285  1.13838353  0.78184598
2    1.12130557  1.15072299  0.00000000  0.95628140  1.14736081  1.03482073  1.14835852
3    1.12506463  1.10254833  0.95628140  0.00000000  1.13157314  1.09867303  1.12296024
4    0.77160947  0.94178285  1.14736081  1.13157314  0.00000000  0.81975338  0.56274490
5    0.55193142  1.13838353  1.03482073  1.09867303  0.81975338  0.00000000  0.91430457
6    0.88099698  0.78184598  1.14835852  1.12296024  0.56274490  0.91430457  0.00000000

--------------------------------------------------------------------------------
n=6
(result of R-step: (0,2:5)0.86312071)
V=[0, 1, 2, 3, 4, 6]
total successes of this branch: 1
Matrix on 6 elements:

0    0.00000000  0.90751358  0.63183295  0.89234134  0.53888618  0.64827369
1    0.90751358  0.00000000  0.89397366  1.10254833  0.94178285  0.78184598
2    0.63183295  0.89397366  0.00000000  0.69953206  0.89061148  0.89160918
3    0.89234134  1.10254833  0.69953206  0.00000000  1.13157314  1.12296024
4    0.53888618  0.94178285  0.89061148  1.13157314  0.00000000  0.56274490
6    0.64827369  0.78184598  0.89160918  1.12296024  0.56274490  0.00000000

--------------------------------------------------------------------------------
n=5
(result of R-step: (0,3:2)0.08144552)
V=[0, 1, 3, 4, 6]
total successes of this branch: 1
Matrix on 5 elements:

0    0.00000000  0.87768518  0.41640722  0.50905779  0.61844529
1    0.87768518  0.00000000  0.65644261  0.94178285  0.78184598
3    0.41640722  0.65644261  0.00000000  0.68546742  0.67685452
4    0.50905779  0.94178285  0.68546742  0.00000000  0.56274490
6    0.61844529  0.78184598  0.67685452  0.56274490  0.00000000

--------------------------------------------------------------------------------
n=4
(result of R-step: (0,6:4)0.42472552)
V=[0, 1, 3, 6]
total successes of this branch: 1
Matrix on 4 elements:

0    0.00000000  0.83759991  0.37632195  0.42117950
1    0.83759991  0.00000000  0.65644261  0.62466546
3    0.37632195  0.65644261  0.00000000  0.51967399
6    0.42117950  0.62466546  0.51967399  0.00000000

--------------------------------------------------------------------------------
n=4
(result of R-step: (1,3:4)0.58032001)
V=[0, 1, 3, 6]
total successes of this branch: 0
reason of abort: negative delta/dxy
