n=8
V=[0, 1, 2, 3, 4, 5, 6, 7]
total successes of this branch: 2
Matrix on 8 elements:

0    0.00000000  1.41249403  1.30809648  1.37336896  1.19658083  1.40100959  1.35995078  1.40884104
1    1.41249403  0.00000000  1.40793101  1.17431844  1.41035273  1.03452885  1.19021364  0.18955710
2    1.30809648  1.40793101  0.00000000  1.39384509  1.20949341  1.40379635  1.18732097  1.39259343
3    1.37336896  1.17431844  1.39384509  0.00000000  1.38297786  1.11623711  1.28480613  1.18199993
4    1.19658083  1.41035273  1.20949341  1.38297786  0.00000000  1.40231734  1.30926030  1.40332443
5    1.40100959  1.03452885  1.40379635  1.11623711  1.40231734  0.00000000  1.22038106  1.04744995
6    1.35995078  1.19021364  1.18732097  1.28480613  1.30926030  1.22038106  0.00000000  1.11544641
7    1.40884104  0.18955710  1.39259343  1.18199993  1.40332443  1.04744995  1.11544641  0.00000000

--------------------------------------------------------------------------------
n=7
(result of R-step: (1,6:7)0.93047650)
V=[0, 1, 2, 3, 4, 5, 6]
total successes of this branch: 2
Matrix on 7 elements:

0    0.00000000  1.35509910  1.30809648  1.37336896  1.19658083  1.40100959  1.30255584
1    1.35509910  0.00000000  1.35053607  1.11692350  1.35295779  0.97713391  1.07542377
2    1.30809648  1.35053607  0.00000000  1.39384509  1.20949341  1.40379635  1.12992603
3    1.37336896  1.11692350  1.39384509  0.00000000  1.38297786  1.11623711  1.22741120
4    1.19658083  1.35295779  1.20949341  1.38297786  0.00000000  1.40231734  1.25186536
5    1.40100959  0.97713391  1.40379635  1.11623711  1.40231734  0.00000000  1.16298613
6    1.30255584  1.07542377  1.12992603  1.22741120  1.25186536  1.16298613  0.00000000

--------------------------------------------------------------------------------
n=6
(result of R-step: (1,2:6)0.49670033)
V=[0, 1, 2, 3, 4, 5]
total successes of this branch: 2
Matrix on 6 elements:

0    0.00000000  0.92769223  0.82329468  1.37336896  1.19658083  1.40100959
1    0.92769223  0.00000000  0.43832741  0.68951664  0.92555093  0.54972705
2    0.82329468  0.43832741  0.00000000  0.90904329  0.72469161  0.91899455
3    1.37336896  0.68951664  0.90904329  0.00000000  1.38297786  1.11623711
4    1.19658083  0.92555093  0.72469161  1.38297786  0.00000000  1.40231734
5    1.40100959  0.54972705  0.91899455  1.11623711  1.40231734  0.00000000

--------------------------------------------------------------------------------
n=5
(result of R-step: (0,2:4)0.53072685)
V=[0, 1, 2, 3, 5]
total successes of this branch: 2
Matrix on 5 elements:

0    0.00000000  0.37870335  0.21011872  0.82438008  0.85202071
1    0.37870335  0.00000000  0.37414033  0.68951664  0.54972705
2    0.21011872  0.37414033  0.00000000  0.84485622  0.85480747
3    0.82438008  0.68951664  0.84485622  0.00000000  1.11623711
5    0.85202071  0.54972705  0.85480747  1.11623711  0.00000000

--------------------------------------------------------------------------------
n=4
(result of R-step: (0,1:2)0.89434774)
V=[0, 1, 3, 5]
total successes of this branch: 1
Matrix on 4 elements:

0    0.00000000  0.29959322  0.74869190  0.77633254
1    0.29959322  0.00000000  0.68609468  0.54630509
3    0.74869190  0.68609468  0.00000000  1.11623711
5    0.77633254  0.54630509  1.11623711  0.00000000

--------------------------------------------------------------------------------
n=4
(result of R-step: (0,5:2)0.79277935)
V=[0, 1, 3, 5]
total successes of this branch: 0
Matrix on 4 elements:

0    0.00000000  0.33230639  0.77798312  0.27636736
1    0.33230639  0.00000000  0.68951664  0.02047065
3    0.77798312  0.68951664  0.00000000  0.58698071
5    0.27636736  0.02047065  0.58698071  0.00000000
reason of abort: no pseudometric

--------------------------------------------------------------------------------
n=4
(result of R-step: (1,3:5)0.70646859)
V=[0, 1, 2, 3]
total successes of this branch: 1
Matrix on 4 elements:

0    0.00000000  0.37528139  0.21011872  0.33615632
1    0.37528139  0.00000000  0.37071837  0.19787092
2    0.21011872  0.37071837  0.00000000  0.35663245
3    0.33615632  0.19787092  0.35663245  0.00000000
