n=8
V=[0, 1, 2, 3, 4, 5, 6, 7]
total successes of this branch: 1
Matrix on 8 elements:

0    0.00000000  2.29279882  2.28768414  1.90915017  2.28834878  1.65701936  2.28794262  1.24117135
1    2.29279882  0.00000000  2.24700128  2.27075558  2.15315912  2.28172468  2.21050582  2.28472480
2    2.28768414  2.24700128  0.00000000  1.93641664  1.61868694  2.11121344  1.42674197  2.15902149
3    1.90915017  2.27075558  1.93641664  0.00000000  1.97986303  1.65460487  1.95331305  1.72356428
4    2.28834878  2.15315912  1.61868694  1.97986303  0.00000000  2.13337088  1.49653311  2.17535627
5    1.65701936  2.28172468  2.11121344  1.65460487  2.13337088  0.00000000  2.11983052  0.53787513
6    2.28794262  2.21050582  1.42674197  1.95331305  1.49653311  2.11983052  0.00000000  2.16537413
7    1.24117135  2.28472480  2.15902149  1.72356428  2.17535627  0.53787513  2.16537413  0.00000000

--------------------------------------------------------------------------------
n=7
(result of R-step: (0,5:7)0.27091213)
V=[0, 1, 2, 3, 4, 5, 6]
total successes of this branch: 1
Matrix on 7 elements:

0    0.00000000  2.23178526  2.22667058  1.84813661  2.22733521  1.53499224  2.22692906
1    2.23178526  0.00000000  2.24700128  2.27075558  2.15315912  2.22071112  2.21050582
2    2.22667058  2.24700128  0.00000000  1.93641664  1.61868694  2.05019987  1.42674197
3    1.84813661  2.27075558  1.93641664  0.00000000  1.97986303  1.59359131  1.95331305
4    2.22733521  2.15315912  1.61868694  1.97986303  0.00000000  2.07235732  1.49653311
5    1.53499224  2.22071112  2.05019987  1.59359131  2.07235732  0.00000000  2.05881696
6    2.22692906  2.21050582  1.42674197  1.95331305  1.49653311  2.05881696  0.00000000

--------------------------------------------------------------------------------
n=6
(result of R-step: (2,4:6)0.61109742)
V=[0, 1, 2, 3, 4, 5]
total successes of this branch: 1
Matrix on 6 elements:

0    0.00000000  2.23178526  1.57437651  1.84813661  1.57504115  1.53499224
1    2.23178526  0.00000000  1.59470721  2.27075558  1.50086505  2.22071112
2    1.57437651  1.59470721  0.00000000  1.28412258  0.31409881  1.39790581
3    1.84813661  2.27075558  1.28412258  0.00000000  1.32756896  1.59359131
4    1.57504115  1.50086505  0.31409881  1.32756896  0.00000000  1.42006325
5    1.53499224  2.22071112  1.39790581  1.59359131  1.42006325  0.00000000

--------------------------------------------------------------------------------
n=5
(result of R-step: (1,2:4)0.12994712)
V=[0, 1, 2, 3, 5]
total successes of this branch: 1
Matrix on 5 elements:

0    0.00000000  1.46936287  1.46424819  1.84813661  1.53499224
1    1.46936287  0.00000000  0.72215650  1.50833319  1.45828873
2    1.46424819  0.72215650  0.00000000  1.17399425  1.28777748
3    1.84813661  1.50833319  1.17399425  0.00000000  1.59359131
5    1.53499224  1.45828873  1.28777748  1.59359131  0.00000000

--------------------------------------------------------------------------------
n=4
(result of R-step: (0,1:3)0.47571505)
V=[0, 1, 2, 5]
total successes of this branch: 0
reason of abort: negative delta/dxy

--------------------------------------------------------------------------------
n=4
(result of R-step: (0,2:3)0.96074184)
V=[0, 1, 2, 5]
total successes of this branch: 0
reason of abort: negative delta/dxy

--------------------------------------------------------------------------------
n=4
(result of R-step: (1,5:3)0.85386952)
V=[0, 1, 2, 5]
total successes of this branch: 0
reason of abort: negative delta/dxy

--------------------------------------------------------------------------------
n=4
(result of R-step: (2,5:3)0.39540815)
V=[0, 1, 2, 5]
total successes of this branch: 1
Matrix on 4 elements:

0    0.00000000  1.46936287  1.39558833  0.92029948
1    1.46936287  0.00000000  0.65349664  0.84359597
2    1.39558833  0.65349664  0.00000000  0.60442488
5    0.92029948  0.84359597  0.60442488  0.00000000
