n=8
V=[0, 1, 2, 3, 4, 5, 6, 7]
total successes of this branch: 1
Matrix on 8 elements:

0    0.00000000  1.43486273  1.40291750  1.34301753  1.38054455  1.30105401  1.41149509  1.40586189
1    1.43486273  0.00000000  1.19560199  1.24291374  1.13386543  1.25889736  1.02669787  0.86461124
2    1.40291750  1.19560199  0.00000000  1.15989671  1.22729495  1.18013308  0.73546228  1.21252307
3    1.34301753  1.24291374  1.15989671  0.00000000  1.25821692  0.88103666  1.18218755  1.25108421
4    1.38054455  1.13386543  1.22729495  1.25821692  0.00000000  1.26840315  1.20220825  0.82543652
5    1.30105401  1.25889736  1.18013308  0.88103666  1.26840315  0.00000000  1.20128202  1.26397257
6    1.41149509  1.02669787  0.73546228  1.18218755  1.20220825  1.20128202  0.00000000  1.12040405
7    1.40586189  0.86461124  1.21252307  1.25108421  0.82543652  1.26397257  1.12040405  0.00000000

--------------------------------------------------------------------------------
n=7
(result of R-step: (0,3:5)0.08327013)
V=[0, 1, 2, 3, 4, 6, 7]
total successes of this branch: 1
Matrix on 7 elements:

0    0.00000000  1.01532616  0.98338093  0.50394439  0.96100798  0.99195852  0.98632532
1    1.01532616  0.00000000  1.19560199  0.82337717  1.13386543  1.02669787  0.86461124
2    0.98338093  1.19560199  0.00000000  0.74036014  1.22729495  0.73546228  1.21252307
3    0.50394439  0.82337717  0.74036014  0.00000000  0.83868034  0.76265098  0.83154764
4    0.96100798  1.13386543  1.22729495  0.83868034  0.00000000  1.20220825  0.82543652
6    0.99195852  1.02669787  0.73546228  0.76265098  1.20220825  0.00000000  1.12040405
7    0.98632532  0.86461124  1.21252307  0.83154764  0.82543652  1.12040405  0.00000000

--------------------------------------------------------------------------------
n=6
(result of R-step: (1,4:7)0.46609324)
V=[0, 1, 2, 3, 4, 6]
total successes of this branch: 1
Matrix on 6 elements:

0    0.00000000  0.73723500  0.98338093  0.50394439  0.68291682  0.99195852
1    0.73723500  0.00000000  0.91751082  0.54528600  0.57768310  0.74860671
2    0.98338093  0.91751082  0.00000000  0.74036014  0.94920379  0.73546228
3    0.50394439  0.54528600  0.74036014  0.00000000  0.56058918  0.76265098
4    0.68291682  0.57768310  0.94920379  0.56058918  0.00000000  0.92411709
6    0.99195852  0.74860671  0.73546228  0.76265098  0.92411709  0.00000000

--------------------------------------------------------------------------------
n=5
(result of R-step: (3,4:0)0.71055369)
V=[1, 2, 3, 4, 6]
total successes of this branch: 1
Matrix on 5 elements:

1    0.00000000  0.91751082  0.43332251  0.40145640  0.74860671
2    0.91751082  0.00000000  0.62839665  0.77297709  0.73546228
3    0.43332251  0.62839665  0.00000000  0.27239899  0.65068749
4    0.40145640  0.77297709  0.27239899  0.00000000  0.74789039
6    0.74860671  0.73546228  0.65068749  0.74789039  0.00000000

--------------------------------------------------------------------------------
n=4
(result of R-step: (1,3:4)0.24779701)
V=[1, 2, 3, 6]
total successes of this branch: 1
Matrix on 4 elements:

1    0.00000000  0.91232290  0.36692495  0.74341879
2    0.91232290  0.00000000  0.56718700  0.73546228
3    0.36692495  0.56718700  0.00000000  0.58947785
6    0.74341879  0.73546228  0.58947785  0.00000000

--------------------------------------------------------------------------------
n=4
(result of R-step: (2,6:4)0.16286097)
V=[1, 2, 3, 6]
total successes of this branch: 0
reason of abort: negative delta/dxy

--------------------------------------------------------------------------------
n=4
(result of R-step: (3,6:2)0.89769631)
V=[1, 3, 4, 6]
total successes of this branch: 0
reason of abort: negative delta/dxy
