n=8
V=[0, 1, 2, 3, 4, 5, 6, 7]
total successes of this branch: 1
Matrix on 8 elements:

0    0.00000000  2.60091002  2.40683368  1.66669457  1.96554128  1.70109158  0.36478665  2.39431424
1    2.60091002  0.00000000  2.44616971  2.54185515  2.50322015  2.53740829  2.58961292  2.44778823
2    2.40683368  2.44616971  0.00000000  1.95003677  1.62501892  1.91262748  2.31944919  0.04881590
3    1.66669457  2.54185515  1.95003677  0.00000000  1.47009870  0.39827873  1.35872831  1.93642094
4    1.96554128  2.50322015  1.62501892  1.47009870  0.00000000  1.33068693  1.87076394  1.57899645
5    1.70109158  2.53740829  1.91262748  0.39827873  1.33068693  0.00000000  1.45186564  1.89611785
6    0.36478665  2.58961292  2.31944919  1.35872831  1.87076394  1.45186564  0.00000000  2.30672001
7    2.39431424  2.44778823  0.04881590  1.93642094  1.57899645  1.89611785  2.30672001  0.00000000

--------------------------------------------------------------------------------
n=7
(result of R-step: (0,3:6)0.80870166)
V=[0, 1, 2, 3, 4, 5, 7]
total successes of this branch: 1
Matrix on 7 elements:

0    0.00000000  2.57249982  2.37842349  1.60987419  1.93713109  1.67268139  2.36590404
1    2.57249982  0.00000000  2.44616971  2.51344496  2.50322015  2.53740829  2.44778823
2    2.37842349  2.44616971  0.00000000  1.92162657  1.62501892  1.91262748  0.04881590
3    1.60987419  2.51344496  1.92162657  0.00000000  1.44168851  0.36986854  1.90801075
4    1.93713109  2.50322015  1.62501892  1.44168851  0.00000000  1.33068693  1.57899645
5    1.67268139  2.53740829  1.91262748  0.36986854  1.33068693  0.00000000  1.89611785
7    2.36590404  2.44778823  0.04881590  1.90801075  1.57899645  1.89611785  0.00000000

--------------------------------------------------------------------------------
n=6
(result of R-step: (2,4:7)0.97163004)
V=[0, 1, 2, 3, 4, 5]
total successes of this branch: 1
Matrix on 6 elements:

0    0.00000000  2.57249982  2.37702678  1.60987419  1.93573437  1.67268139
1    2.57249982  0.00000000  2.44477300  2.51344496  2.50182343  2.53740829
2    2.37702678  2.44477300  0.00000000  1.92022986  1.62222549  1.91123077
3    1.60987419  2.51344496  1.92022986  0.00000000  1.44029180  0.36986854
4    1.93573437  2.50182343  1.62222549  1.44029180  0.00000000  1.32929022
5    1.67268139  2.53740829  1.91123077  0.36986854  1.32929022  0.00000000

--------------------------------------------------------------------------------
n=5
(result of R-step: (0,2:1)0.45904651)
V=[0, 2, 3, 4, 5]
total successes of this branch: 1
Matrix on 5 elements:

0    0.00000000  1.20577383  1.00976495  1.33562514  1.07257215
2    1.20577383  0.00000000  1.34908615  1.05108178  1.34008705
3    1.00976495  1.34908615  0.00000000  1.44029180  0.36986854
4    1.33562514  1.05108178  1.44029180  0.00000000  1.32929022
5    1.07257215  1.34008705  0.36986854  1.32929022  0.00000000

--------------------------------------------------------------------------------
n=4
(result of R-step: (0,4:2)0.58686613)
V=[0, 3, 4, 5]
total successes of this branch: 1
Matrix on 4 elements:

0    0.00000000  0.59014125  0.78796467  0.65294846
3    0.59014125  0.00000000  1.31225503  0.36986854
4    0.78796467  1.31225503  0.00000000  1.20125345
5    0.65294846  0.36986854  1.20125345  0.00000000
