n=8
V=[0, 1, 2, 3, 4, 5, 6, 7]
total successes of this branch: 1
Matrix on 8 elements:

0    0.00000000  2.40422244  2.23848897  2.31889113  2.29770456  2.37998122  2.29143112  2.13893425
1    2.40422244  0.00000000  2.25977098  2.05133529  2.10625965  0.76526325  2.12252299  0.37158396
2    2.23848897  2.25977098  0.00000000  2.03855688  1.79741207  2.19692769  1.63094484  2.25731404
3    2.31889113  2.05133529  2.03855688  0.00000000  1.36456706  1.54100768  1.43597109  2.08222374
4    2.29770456  2.10625965  1.79741207  1.36456706  0.00000000  1.89555698  0.39257839  2.12836134
5    2.37998122  0.76526325  2.19692769  1.54100768  1.89555698  0.00000000  1.92748488  0.95167721
6    2.29143112  2.12252299  1.63094484  1.43597109  0.39257839  1.92748488  0.00000000  2.14202289
7    2.13893425  0.37158396  2.25731404  2.08222374  2.12836134  0.95167721  2.14202289  0.00000000

--------------------------------------------------------------------------------
n=7
(result of R-step: (0,1:7)0.11544676)
V=[0, 1, 2, 3, 4, 5, 6]
total successes of this branch: 1
Matrix on 7 elements:

0    0.00000000  2.29792667  2.18534108  2.26574324  2.24455667  2.32683333  2.23828324
1    2.29792667  0.00000000  2.20662309  1.99818740  2.05311176  0.71211536  2.06937511
2    2.18534108  2.20662309  0.00000000  2.03855688  1.79741207  2.19692769  1.63094484
3    2.26574324  1.99818740  2.03855688  0.00000000  1.36456706  1.54100768  1.43597109
4    2.24455667  2.05311176  1.79741207  1.36456706  0.00000000  1.89555698  0.39257839
5    2.32683333  0.71211536  2.19692769  1.54100768  1.89555698  0.00000000  1.92748488
6    2.23828324  2.06937511  1.63094484  1.43597109  0.39257839  1.92748488  0.00000000

--------------------------------------------------------------------------------
n=6
(result of R-step: (1,3:5)0.71591644)
V=[0, 1, 2, 3, 4, 6]
total successes of this branch: 1
Matrix on 6 elements:

0    0.00000000  2.22360674  2.18534108  2.13827542  2.24455667  2.23828324
1    2.22360674  0.00000000  2.13230316  1.79639965  1.97879183  1.99505517
2    2.18534108  2.13230316  0.00000000  1.91108906  1.79741207  1.63094484
3    2.13827542  1.79639965  1.91108906  0.00000000  1.23709924  1.30850327
4    2.24455667  1.97879183  1.79741207  1.23709924  0.00000000  0.39257839
6    2.23828324  1.99505517  1.63094484  1.30850327  0.39257839  0.00000000

--------------------------------------------------------------------------------
n=5
(result of R-step: (0,3:1)0.70986723)
V=[0, 2, 3, 4, 6]
total successes of this branch: 1
Matrix on 5 elements:

0    0.00000000  1.07478736  0.59347840  1.13400295  1.12772952
2    1.07478736  0.00000000  1.47684576  1.79741207  1.63094484
3    0.59347840  1.47684576  0.00000000  0.80285594  0.87425997
4    1.13400295  1.79741207  0.80285594  0.00000000  0.39257839
6    1.12772952  1.63094484  0.87425997  0.39257839  0.00000000

--------------------------------------------------------------------------------
n=4
(result of R-step: (0,4:3)0.55032322)
V=[0, 2, 4, 6]
total successes of this branch: 1
Matrix on 4 elements:

0    0.00000000  1.06894284  1.01510285  1.12188499
2    1.06894284  0.00000000  1.68435649  1.63094484
4    1.01510285  1.68435649  0.00000000  0.27952281
6    1.12188499  1.63094484  0.27952281  0.00000000

--------------------------------------------------------------------------------
n=4
(result of R-step: (0,6:3)0.43494485)
V=[0, 2, 4, 6]
total successes of this branch: 0
reason of abort: negative delta/dxy

--------------------------------------------------------------------------------
n=4
(result of R-step: (2,4:3)0.78777765)
V=[0, 2, 4, 6]
total successes of this branch: 0
reason of abort: negative delta/dxy

--------------------------------------------------------------------------------
n=4
(result of R-step: (2,6:3)0.64792449)
V=[0, 2, 4, 6]
total successes of this branch: 0
Matrix on 4 elements:

0    0.00000000 -0.00757536  1.13400295  0.67686109
2   -0.00757536  0.00000000  0.71504935  0.09771369
4    1.13400295  0.71504935  0.00000000 -0.05829004
6    0.67686109  0.09771369 -0.05829004  0.00000000
reason of abort: no pseudometric
