n=8
V=[0, 1, 2, 3, 4, 5, 6, 7]
total successes of this branch: 1
Matrix on 8 elements:

0    0.00000000  1.62419852  1.61558678  1.55566844  1.43590179  1.18115771  1.15406079  1.50677498
1    1.62419852  0.00000000  1.55007905  1.59316373  1.41747436  1.60790079  1.60868110  0.89427173
2    1.61558678  1.55007905  0.00000000  1.57242636  1.58130497  1.59292135  1.59400654  1.56955181
3    1.55566844  1.59316373  1.57242636  0.00000000  1.57529065  1.14149666  1.16132672  1.58201791
4    1.43590179  1.41747436  1.58130497  1.57529065  0.00000000  1.50910099  1.50559630  0.55062615
5    1.18115771  1.60790079  1.59292135  1.14149666  1.50910099  0.00000000  0.64230687  1.54628835
6    1.15406079  1.60868110  1.59400654  1.16132672  1.50559630  0.64230687  0.00000000  1.54439649
7    1.50677498  0.89427173  1.56955181  1.58201791  0.55062615  1.54628835  1.54439649  0.00000000

--------------------------------------------------------------------------------
n=7
(result of R-step: (0,5:6)0.04787884)
V=[0, 1, 2, 3, 4, 5, 7]
total successes of this branch: 1
Matrix on 7 elements:

0    0.00000000  1.31659354  1.30798180  1.24806347  1.12829682  0.56594777  1.19917001
1    1.31659354  0.00000000  1.55007905  1.59316373  1.41747436  1.30029582  0.89427173
2    1.30798180  1.55007905  0.00000000  1.57242636  1.58130497  1.28531637  1.56955181
3    1.24806347  1.59316373  1.57242636  0.00000000  1.57529065  0.83389169  1.58201791
4    1.12829682  1.41747436  1.58130497  1.57529065  0.00000000  1.20149602  0.55062615
5    0.56594777  1.30029582  1.28531637  0.83389169  1.20149602  0.00000000  1.23868337
7    1.19917001  0.89427173  1.56955181  1.58201791  0.55062615  1.23868337  0.00000000

--------------------------------------------------------------------------------
n=6
(result of R-step: (0,3:5)0.47485613)
V=[0, 1, 2, 3, 4, 7]
total successes of this branch: 1
Matrix on 6 elements:

0    0.00000000  1.24070555  1.23209381  0.78868251  1.05240883  1.12328202
1    1.24070555  0.00000000  1.55007905  1.20967076  1.41747436  0.89427173
2    1.23209381  1.55007905  0.00000000  1.18893339  1.58130497  1.56955181
3    0.78868251  1.20967076  1.18893339  0.00000000  1.19179768  1.19852495
4    1.05240883  1.41747436  1.58130497  1.19179768  0.00000000  0.55062615
7    1.12328202  0.89427173  1.56955181  1.19852495  0.55062615  0.00000000

--------------------------------------------------------------------------------
n=5
(result of R-step: (0,2:3)0.22366259)
V=[0, 1, 2, 4, 7]
total successes of this branch: 1
Matrix on 5 elements:

0    0.00000000  1.00960970  0.23807382  0.82131297  0.89218617
1    1.00960970  0.00000000  0.78715490  1.41747436  0.89427173
2    0.23807382  0.78715490  0.00000000  0.81838083  0.80662767
4    0.82131297  1.41747436  0.81838083  0.00000000  0.55062615
7    0.89218617  0.89427173  0.80662767  0.55062615  0.00000000

--------------------------------------------------------------------------------
n=4
(result of R-step: (0,1:2)0.86091616)
V=[0, 1, 4, 7]
total successes of this branch: 1
Matrix on 4 elements:

0    0.00000000  0.88932427  0.71473931  0.78561250
1    0.88932427  0.00000000  1.40376260  0.88055997
4    0.71473931  1.40376260  0.00000000  0.55062615
7    0.78561250  0.88055997  0.55062615  0.00000000

--------------------------------------------------------------------------------
n=4
(result of R-step: (4,7:2)0.92075035)
V=[0, 1, 4, 7]
total successes of this branch: 0
reason of abort: negative delta/dxy
