n=8
V=[0, 1, 2, 3, 4, 5, 6, 7]
total successes of this branch: 1
Matrix on 8 elements:

0    0.00000000  1.82680721  1.72609914  1.69260086  1.17007260  0.79883114  0.81379098  0.80805089
1    1.82680721  0.00000000  1.75214045  1.22475610  1.58667061  1.73248710  1.72661116  1.72886576
2    1.72609914  1.75214045  0.00000000  1.74739360  1.73459273  1.72943523  1.72964306  1.72956331
3    1.69260086  1.22475610  1.74739360  0.00000000  1.34589423  1.55642249  1.54793888  1.55119404
4    1.17007260  1.58667061  1.73459273  1.34589423  0.00000000  0.92993831  0.91431566  0.92031007
5    0.79883114  1.73248710  1.72943523  1.55642249  0.92993831  0.00000000  0.55787126  0.50612788
6    0.81379098  1.72661116  1.72964306  1.54793888  0.91431566  0.55787126  0.00000000  0.47476091
7    0.80805089  1.72886576  1.72956331  1.55119404  0.92031007  0.50612788  0.47476091  0.00000000

--------------------------------------------------------------------------------
n=7
(result of R-step: (2,3:1)0.30002803)
V=[0, 2, 3, 4, 5, 6, 7]
total successes of this branch: 1
Matrix on 7 elements:

0    0.00000000  1.05139887  1.28091787  1.17007260  0.79883114  0.81379098  0.80805089
2    1.05139887  0.00000000  0.66101034  1.05989246  1.05473496  1.05494279  1.05486304
3    1.28091787  0.66101034  0.00000000  0.93421124  1.14473951  1.13625589  1.13951106
4    1.17007260  1.05989246  0.93421124  0.00000000  0.92993831  0.91431566  0.92031007
5    0.79883114  1.05473496  1.14473951  0.92993831  0.00000000  0.55787126  0.50612788
6    0.81379098  1.05494279  1.13625589  0.91431566  0.55787126  0.00000000  0.47476091
7    0.80805089  1.05486304  1.13951106  0.92031007  0.50612788  0.47476091  0.00000000

--------------------------------------------------------------------------------
n=6
(result of R-step: (0,3:2)0.37074079)
V=[0, 3, 4, 5, 6, 7]
total successes of this branch: 1
Matrix on 6 elements:

0    0.00000000  0.88406299  0.89072418  0.51948271  0.53444255  0.52870246
3    0.88406299  0.00000000  0.81670479  1.02723305  1.01874944  1.02200460
4    0.89072418  0.81670479  0.00000000  0.92993831  0.91431566  0.92031007
5    0.51948271  1.02723305  0.92993831  0.00000000  0.55787126  0.50612788
6    0.53444255  1.01874944  0.91431566  0.55787126  0.00000000  0.47476091
7    0.52870246  1.02200460  0.92031007  0.50612788  0.47476091  0.00000000

--------------------------------------------------------------------------------
n=5
(result of R-step: (5,6:7)0.38370001)
V=[0, 3, 4, 5, 6]
total successes of this branch: 1
Matrix on 5 elements:

0    0.00000000  0.88406299  0.89072418  0.30797395  0.32293379
3    0.88406299  0.00000000  0.81670479  0.81572428  0.80724067
4    0.89072418  0.81670479  0.00000000  0.71842954  0.70280689
5    0.30797395  0.81572428  0.71842954  0.00000000  0.13485372
6    0.32293379  0.80724067  0.70280689  0.13485372  0.00000000

--------------------------------------------------------------------------------
n=4
(result of R-step: (0,6:5)0.06426067)
V=[0, 3, 4, 6]
total successes of this branch: 1
Matrix on 4 elements:

0    0.00000000  0.86659395  0.87325514  0.24639123
3    0.86659395  0.00000000  0.81670479  0.74816716
4    0.87325514  0.81670479  0.00000000  0.64373338
6    0.24639123  0.74816716  0.64373338  0.00000000

--------------------------------------------------------------------------------
n=4
(result of R-step: (3,4:5)0.13319292)
V=[0, 3, 4, 6]
total successes of this branch: 0
reason of abort: negative delta/dxy
