n=8
V=[0, 1, 2, 3, 4, 5, 6, 7]
total successes of this branch: 1
Matrix on 8 elements:

0    0.00000000  1.66143593  1.57364029  1.55997196  1.62033739  1.10296729  0.99506804  1.65732652
1    1.66143593  0.00000000  1.65640285  1.50476756  1.38462534  1.66108364  1.66131153  0.23966291
2    1.57364029  1.65640285  0.00000000  1.62387141  1.41720898  1.53821662  1.56113220  1.63248607
3    1.55997196  1.50476756  1.62387141  0.00000000  1.56052198  1.56444453  1.56155122  1.51034239
4    1.62033739  1.38462534  1.41720898  1.56052198  0.00000000  1.60611964  1.61531710  1.25742266
5    1.10296729  1.66108364  1.53821662  1.56444453  1.60611964  0.00000000  1.04407226  1.65558784
6    0.99506804  1.66131153  1.56113220  1.56155122  1.61531710  1.04407226  0.00000000  1.65671259
7    1.65732652  0.23966291  1.63248607  1.51034239  1.25742266  1.65558784  1.65671259  0.00000000

--------------------------------------------------------------------------------
n=7
(result of R-step: (0,5:6)0.64690020)
V=[0, 1, 2, 3, 4, 5, 7]
total successes of this branch: 1
Matrix on 7 elements:

0    0.00000000  1.19334942  1.10555378  1.09188545  1.15225088  0.16679427  1.18924001
1    1.19334942  0.00000000  1.65640285  1.50476756  1.38462534  1.19299713  0.23966291
2    1.10555378  1.65640285  0.00000000  1.62387141  1.41720898  1.07013011  1.63248607
3    1.09188545  1.50476756  1.62387141  0.00000000  1.56052198  1.09635802  1.51034239
4    1.15225088  1.38462534  1.41720898  1.56052198  0.00000000  1.13803313  1.25742266
5    0.16679427  1.19299713  1.07013011  1.09635802  1.13803313  0.00000000  1.18750133
7    1.18924001  0.23966291  1.63248607  1.51034239  1.25742266  1.18750133  0.00000000

--------------------------------------------------------------------------------
n=6
(result of R-step: (0,2:5)0.93000612)
V=[0, 1, 2, 3, 4, 7]
total successes of this branch: 1
Matrix on 6 elements:

0    0.00000000  1.12766412  0.50609668  1.02620015  1.08656558  1.12355471
1    1.12766412  0.00000000  1.12263105  1.50476756  1.38462534  0.23966291
2    0.50609668  1.12263105  0.00000000  1.09009960  0.88343717  1.09871426
3    1.02620015  1.50476756  1.09009960  0.00000000  1.56052198  1.51034239
4    1.08656558  1.38462534  0.88343717  1.56052198  0.00000000  1.25742266
7    1.12355471  0.23966291  1.09871426  1.51034239  1.25742266  0.00000000

--------------------------------------------------------------------------------
n=5
(result of R-step: (2,3:0)0.32837266)
V=[1, 2, 3, 4, 7]
total successes of this branch: 1
Matrix on 5 elements:

1    0.00000000  1.08368712  0.81996704  1.38462534  0.23966291
2    1.08368712  0.00000000  0.36635516  0.84449324  1.05977034
3    0.81996704  0.36635516  0.00000000  0.87572145  0.82554187
4    1.38462534  0.84449324  0.87572145  0.00000000  1.25742266
7    0.23966291  1.05977034  0.82554187  1.25742266  0.00000000

--------------------------------------------------------------------------------
n=4
(result of R-step: (1,2:3)0.19515436)
V=[1, 2, 4, 7]
total successes of this branch: 1
Matrix on 4 elements:

1    0.00000000  0.88516276  1.32839522  0.18343279
2    0.88516276  0.00000000  0.70219899  0.91747609
4    1.32839522  0.70219899  0.00000000  1.25742266
7    0.18343279  0.91747609  1.25742266  0.00000000

--------------------------------------------------------------------------------
n=4
(result of R-step: (2,7:3)0.76534672)
V=[1, 2, 4, 7]
total successes of this branch: 0
Matrix on 4 elements:

1    0.00000000  0.96390899  1.38462534  0.06894900
2    0.96390899  0.00000000  0.72471511  0.76927829
4    1.38462534  0.72471511  0.00000000  1.08670875
7    0.06894900  0.76927829  1.08670875  0.00000000
reason of abort: no pseudometric

--------------------------------------------------------------------------------
n=4
(result of R-step: (4,7:3)0.93639340)
V=[1, 2, 4, 7]
total successes of this branch: 0
reason of abort: negative delta/dxy
