n=8
V=[0, 1, 2, 3, 4, 5, 6, 7]
total successes of this branch: 1
Matrix on 8 elements:

0    0.00000000  1.97703997  1.88966425  1.88754208  1.88885988  1.88888206  1.31162945  0.32680259
1    1.97703997  0.00000000  1.63435403  1.63594744  1.63495798  1.63494133  1.78401262  1.94447906
2    1.88966425  1.63435403  0.00000000  1.43538339  1.40794141  1.39749916  1.63258259  1.84629830
3    1.88754208  1.63594744  1.43538339  0.00000000  1.41863316  1.41909501  1.13674506  1.76089350
4    1.88885988  1.63495798  1.40794141  1.41863316  0.00000000  1.03967093  1.62275431  1.84397173
5    1.88888206  1.63494133  1.39749916  1.41909501  1.03967093  0.00000000  1.62302531  1.84403588
6    1.31162945  1.78401262  1.63258259  1.13674506  1.62275431  1.62302531  0.00000000  1.11179410
7    0.32680259  1.94447906  1.84629830  1.76089350  1.84397173  1.84403588  1.11179410  0.00000000

--------------------------------------------------------------------------------
n=7
(result of R-step: (0,6:7)0.83131449)
V=[0, 1, 2, 3, 4, 5, 6]
total successes of this branch: 1
Matrix on 7 elements:

0    0.00000000  1.91355636  1.82618063  1.82405846  1.82537626  1.82539844  1.18466221
1    1.91355636  0.00000000  1.63435403  1.63594744  1.63495798  1.63494133  1.72052900
2    1.82618063  1.63435403  0.00000000  1.43538339  1.40794141  1.39749916  1.56909897
3    1.82405846  1.63594744  1.43538339  0.00000000  1.41863316  1.41909501  1.07326144
4    1.82537626  1.63495798  1.40794141  1.41863316  0.00000000  1.03967093  1.55927069
5    1.82539844  1.63494133  1.39749916  1.41909501  1.03967093  0.00000000  1.55954169
6    1.18466221  1.72052900  1.56909897  1.07326144  1.55927069  1.55954169  0.00000000

--------------------------------------------------------------------------------
n=6
(result of R-step: (0,3:6)0.43409094)
V=[0, 1, 2, 3, 4, 5]
total successes of this branch: 1
Matrix on 6 elements:

0    0.00000000  1.69662376  1.60924803  1.32670964  1.60844366  1.60846584
1    1.69662376  0.00000000  1.63435403  1.35553122  1.63495798  1.63494133
2    1.60924803  1.63435403  0.00000000  1.15496717  1.40794141  1.39749916
3    1.32670964  1.35553122  1.15496717  0.00000000  1.13821694  1.13867879
4    1.60844366  1.63495798  1.40794141  1.13821694  0.00000000  1.03967093
5    1.60846584  1.63494133  1.39749916  1.13867879  1.03967093  0.00000000

--------------------------------------------------------------------------------
n=5
(result of R-step: (1,3:0)0.91884826)
V=[1, 2, 3, 4, 5]
total successes of this branch: 1
Matrix on 5 elements:

1    0.00000000  0.77848749  0.08448531  0.77909144  0.77907479
2    0.77848749  0.00000000  0.73978780  1.40794141  1.39749916
3    0.08448531  0.73978780  0.00000000  0.72303757  0.72349942
4    0.77909144  1.40794141  0.72303757  0.00000000  1.03967093
5    0.77907479  1.39749916  0.72349942  1.03967093  0.00000000

--------------------------------------------------------------------------------
n=4
(result of R-step: (2,4:5)0.02757302)
V=[1, 2, 3, 4]
total successes of this branch: 1
Matrix on 4 elements:

1    0.00000000  0.26387315  0.08448531  0.26447710
2    0.26387315  0.00000000  0.22517346  0.37871273
3    0.08448531  0.22517346  0.00000000  0.20842323
4    0.26447710  0.37871273  0.20842323  0.00000000
