n=8
V=[0, 1, 2, 3, 4, 5, 6, 7]
total successes of this branch: 2
Matrix on 8 elements:

0    0.00000000  3.05392122  2.78273078  2.31300242  2.22325968  2.85088381  2.97267383  2.80925009
1    3.05392122  0.00000000  2.99971403  3.04184240  3.04260000  2.37349257  1.24295157  2.75604236
2    2.78273078  2.99971403  0.00000000  2.64805286  2.65650000  1.13411282  2.25317559  0.49393996
3    2.31300242  3.04184240  2.64805286  0.00000000  0.97192112  2.74701635  2.92386489  2.68656096
4    2.22325968  3.04260000  2.65650000  0.97192112  0.00000000  2.75353102  2.92692624  2.69425615
5    2.85088381  2.37349257  1.13411282  2.74701635  2.75353102  0.00000000  1.61929688  0.72634372
6    2.97267383  1.24295157  2.25317559  2.92386489  2.92692624  1.61929688  0.00000000  2.00652438
7    2.80925009  2.75604236  0.49393996  2.68656096  2.69425615  0.72634372  2.00652438  0.00000000

--------------------------------------------------------------------------------
n=7
(result of R-step: (0,3:4)0.06272102)
V=[0, 1, 2, 3, 5, 6, 7]
total successes of this branch: 2
Matrix on 7 elements:

0    0.00000000  2.61283203  2.34164159  1.43082405  2.40979462  2.53158464  2.36816090
1    2.61283203  0.00000000  2.99971403  2.60075321  2.37349257  1.24295157  2.75604236
2    2.34164159  2.99971403  0.00000000  2.20696367  1.13411282  2.25317559  0.49393996
3    1.43082405  2.60075321  2.20696367  0.00000000  2.30592716  2.48277571  2.24547177
5    2.40979462  2.37349257  1.13411282  2.30592716  0.00000000  1.61929688  0.72634372
6    2.53158464  1.24295157  2.25317559  2.48277571  1.61929688  0.00000000  2.00652438
7    2.36816090  2.75604236  0.49393996  2.24547177  0.72634372  2.00652438  0.00000000

--------------------------------------------------------------------------------
n=6
(result of R-step: (2,5:7)0.61088580)
V=[0, 1, 2, 3, 5, 6]
total successes of this branch: 2
Matrix on 6 elements:

0    0.00000000  2.61283203  2.29855615  1.43082405  2.36670919  2.53158464
1    2.61283203  0.00000000  2.95662859  2.60075321  2.33040713  1.24295157
2    2.29855615  2.95662859  0.00000000  2.16387824  1.04794195  2.21009015
3    1.43082405  2.60075321  2.16387824  0.00000000  2.26284173  2.48277571
5    2.36670919  2.33040713  1.04794195  2.26284173  0.00000000  1.57621144
6    2.53158464  1.24295157  2.21009015  2.48277571  1.57621144  0.00000000

--------------------------------------------------------------------------------
n=5
(result of R-step: (1,5:6)0.59984029)
V=[0, 1, 2, 3, 5]
total successes of this branch: 2
Matrix on 5 elements:

0    0.00000000  2.36845409  2.29855615  1.43082405  2.16541668
1    2.36845409  0.00000000  2.71225065  2.35637528  1.88473669
2    2.29855615  2.71225065  0.00000000  2.16387824  0.84664944
3    1.43082405  2.35637528  2.16387824  0.00000000  2.06154922
5    2.16541668  1.88473669  0.84664944  2.06154922  0.00000000

--------------------------------------------------------------------------------
n=4
(result of R-step: (1,2:5)0.25131060)
V=[0, 1, 2, 3]
total successes of this branch: 1
Matrix on 4 elements:

0    0.00000000  2.35888635  2.08769591  1.43082405
1    2.35888635  0.00000000  2.49182267  2.34680754
2    2.08769591  2.49182267  0.00000000  1.95301800
3    1.43082405  2.34680754  1.95301800  0.00000000

--------------------------------------------------------------------------------
n=4
(result of R-step: (1,3:0)0.04248634)
V=[1, 2, 3, 5]
total successes of this branch: 1
Matrix on 4 elements:

1    0.00000000  2.70268291  1.71009040  1.87516895
2    2.70268291  0.00000000  1.52716110  0.84664944
3    1.71009040  1.52716110  0.00000000  1.42483209
5    1.87516895  0.84664944  1.42483209  0.00000000
