n=8
V=[0, 1, 2, 3, 4, 5, 6, 7]
total successes of this branch: 1
Matrix on 8 elements:

0    0.00000000  3.35430560  3.00904973  3.07269697  3.08897142  3.10464973  3.07794062  3.31705730
1    3.35430560  0.00000000  3.10460303  2.42690367  2.40872444  2.37364710  2.42104629  0.35545776
2    3.00904973  3.10460303  0.00000000  3.08234629  3.08363253  3.08487165  3.08276072  2.77214049
3    3.07269697  2.42690367  3.08234629  0.00000000  2.13051476  2.14802806  0.97657408  2.49761679
4    3.08897142  2.40872444  3.08363253  2.13051476  0.00000000  1.85016522  1.58197201  2.48153762
5    3.10464973  2.37364710  3.08487165  2.14802806  1.85016522  0.00000000  2.05205620  2.45037832
6    3.07794062  2.42104629  3.08276072  0.97657408  1.58197201  2.05205620  0.00000000  2.49243606
7    3.31705730  0.35545776  2.77214049  2.49761679  2.48153762  2.45037832  2.49243606  0.00000000

--------------------------------------------------------------------------------
n=7
(result of R-step: (1,2:7)0.89211394)
V=[0, 1, 2, 3, 4, 5, 6]
total successes of this branch: 1
Matrix on 7 elements:

0    0.00000000  3.34280799  2.99755212  3.07269697  3.08897142  3.10464973  3.07794062
1    3.34280799  0.00000000  3.08160780  2.41540605  2.39722683  2.36214949  2.40954868
2    2.99755212  3.08160780  0.00000000  3.07084867  3.07213491  3.07337404  3.07126310
3    3.07269697  2.41540605  3.07084867  0.00000000  2.13051476  2.14802806  0.97657408
4    3.08897142  2.39722683  3.07213491  2.13051476  0.00000000  1.85016522  1.58197201
5    3.10464973  2.36214949  3.07337404  2.14802806  1.85016522  0.00000000  2.05205620
6    3.07794062  2.40954868  3.07126310  0.97657408  1.58197201  2.05205620  0.00000000

--------------------------------------------------------------------------------
n=6
(result of R-step: (3,4:6)0.67779848)
V=[0, 1, 2, 3, 4, 5]
total successes of this branch: 1
Matrix on 6 elements:

0    0.00000000  3.34280799  2.99755212  2.85868130  2.87495576  3.10464973
1    3.34280799  0.00000000  3.08160780  2.20139039  2.18321116  2.36214949
2    2.99755212  3.08160780  0.00000000  2.85683301  2.85811925  3.07337404
3    2.85868130  2.20139039  2.85683301  0.00000000  1.70248343  1.93401240
4    2.87495576  2.18321116  2.85811925  1.70248343  0.00000000  1.63614956
5    3.10464973  2.36214949  3.07337404  1.93401240  1.63614956  0.00000000

--------------------------------------------------------------------------------
n=5
(result of R-step: (1,4:5)0.05908892)
V=[0, 1, 2, 3, 4]
total successes of this branch: 1
Matrix on 5 elements:

0    0.00000000  2.44676166  2.99755212  2.85868130  2.18142748
1    2.44676166  0.00000000  2.18556147  1.30534406  0.59363656
2    2.99755212  2.18556147  0.00000000  2.85683301  2.16459097
3    2.85868130  1.30534406  2.85683301  0.00000000  1.00895516
4    2.18142748  0.59363656  2.16459097  1.00895516  0.00000000

--------------------------------------------------------------------------------
n=4
(result of R-step: (0,1:2)0.56497483)
V=[0, 1, 3, 4]
total successes of this branch: 1
Matrix on 4 elements:

0    0.00000000  1.18370172  1.74424519  1.06699137
1    1.18370172  0.00000000  1.15672023  0.44501273
3    1.74424519  1.15672023  0.00000000  1.00895516
4    1.06699137  0.44501273  1.00895516  0.00000000

--------------------------------------------------------------------------------
n=4
(result of R-step: (0,3:1)0.24807574)
V=[0, 2, 3, 4]
total successes of this branch: 0
reason of abort: negative delta/dxy

--------------------------------------------------------------------------------
n=4
(result of R-step: (0,4:1)0.27087715)
V=[0, 2, 3, 4]
total successes of this branch: 0
Matrix on 4 elements:

0    0.00000000  1.03929783  0.90042702  0.08094933
2    1.03929783  0.00000000  2.85683301  2.02236710
3    0.90042702  2.85683301  0.00000000  0.86673129
4    0.08094933  2.02236710  0.86673129  0.00000000
reason of abort: no pseudometric

--------------------------------------------------------------------------------
n=4
(result of R-step: (2,4:1)0.03009899)
V=[0, 2, 3, 4]
total successes of this branch: 0
reason of abort: negative delta/dxy
