n=8
V=[0, 1, 2, 3, 4, 5, 6, 7]
total successes of this branch: 1
Matrix on 8 elements:

0    0.00000000  0.81710674  0.63579607  0.74124738  0.80511584  0.13721279  0.80792238  0.23933722
1    0.81710674  0.00000000  0.78220104  0.65494343  0.40515358  0.81585690  0.31840448  0.58204333
2    0.63579607  0.78220104  0.00000000  0.69065470  0.76773054  0.61728081  0.77111744  0.67813497
3    0.74124738  0.65494343  0.69065470  0.00000000  0.60804697  0.73943585  0.61902336  0.71628911
4    0.80511584  0.40515358  0.76773054  0.60804697  0.00000000  0.80377722  0.12126843  0.68945063
5    0.13721279  0.81585690  0.61728081  0.73943585  0.80377722  0.00000000  0.80660454  0.33347009
6    0.80792238  0.31840448  0.77111744  0.61902336  0.12126843  0.80660454  0.00000000  0.66635855
7    0.23933722  0.58204333  0.67813497  0.71628911  0.68945063  0.33347009  0.66635855  0.00000000

--------------------------------------------------------------------------------
n=7
(result of R-step: (0,1:7)0.71080969)
V=[0, 1, 2, 3, 4, 5, 6]
total successes of this branch: 1
Matrix on 7 elements:

0    0.00000000  0.81283293  0.63365916  0.73911047  0.80297894  0.13507588  0.80578547
1    0.81283293  0.00000000  0.78006413  0.65280652  0.40301667  0.81372000  0.31626757
2    0.63365916  0.78006413  0.00000000  0.69065470  0.76773054  0.61728081  0.77111744
3    0.73911047  0.65280652  0.69065470  0.00000000  0.60804697  0.73943585  0.61902336
4    0.80297894  0.40301667  0.76773054  0.60804697  0.00000000  0.80377722  0.12126843
5    0.13507588  0.81372000  0.61728081  0.73943585  0.80377722  0.00000000  0.80660454
6    0.80578547  0.31626757  0.77111744  0.61902336  0.12126843  0.80660454  0.00000000

--------------------------------------------------------------------------------
n=6
(result of R-step: (1,4:6)0.23405581)
V=[0, 1, 2, 3, 4, 5]
total successes of this branch: 1
Matrix on 6 elements:

0    0.00000000  0.79771017  0.63365916  0.73911047  0.78571927  0.13507588
1    0.79771017  0.00000000  0.76494137  0.63768376  0.37063425  0.79859724
2    0.63365916  0.76494137  0.00000000  0.69065470  0.75047088  0.61728081
3    0.73911047  0.63768376  0.69065470  0.00000000  0.59078731  0.73943585
4    0.78571927  0.37063425  0.75047088  0.59078731  0.00000000  0.78651756
5    0.13507588  0.79859724  0.61728081  0.73943585  0.78651756  0.00000000

--------------------------------------------------------------------------------
n=5
(result of R-step: (1,3:4)0.84193252)
V=[0, 1, 2, 3, 5]
total successes of this branch: 1
Matrix on 5 elements:

0    0.00000000  0.63584127  0.63365916  0.55998191  0.13507588
1    0.63584127  0.00000000  0.60307248  0.29668631  0.63672834
2    0.63365916  0.60307248  0.00000000  0.51152614  0.61728081
3    0.55998191  0.29668631  0.51152614  0.00000000  0.56030729
5    0.13507588  0.63672834  0.61728081  0.56030729  0.00000000

--------------------------------------------------------------------------------
n=4
(result of R-step: (1,2:3)0.96746742)
V=[0, 1, 2, 5]
total successes of this branch: 1
Matrix on 4 elements:

0    0.00000000  0.45348104  0.57431040  0.13507588
1    0.45348104  0.00000000  0.36136348  0.45436811
2    0.57431040  0.36136348  0.00000000  0.55793204
5    0.13507588  0.45436811  0.55793204  0.00000000
