n=8
V=[0, 1, 2, 3, 4, 5, 6, 7]
total successes of this branch: 1
Matrix on 8 elements:

0    0.00000000  1.25818224  1.20387972  1.21045035  1.24283875  1.22015493  0.48923533  1.24877860
1    1.25818224  0.00000000  1.23865725  1.20710256  1.01978702  1.15097696  1.25503998  0.67481405
2    1.20387972  1.23865725  0.00000000  1.00943029  1.16497189  1.05603543  1.06680859  1.19349737
3    1.21045035  1.20710256  1.00943029  0.00000000  1.11836479  0.97485095  1.17809912  1.15271744
4    1.24283875  1.01978702  1.16497189  1.11836479  0.00000000  1.05696678  1.23030722  0.47364582
5    1.22015493  1.15097696  1.05603543  0.97485095  1.05696678  0.00000000  1.19374230  1.09336051
6    0.48923533  1.25503998  1.06680859  1.17809912  1.23030722  1.19374230  0.00000000  1.23988190
7    1.24877860  0.67481405  1.19349737  1.15271744  0.47364582  1.09336051  1.23988190  0.00000000

--------------------------------------------------------------------------------
n=7
(result of R-step: (1,4:7)0.38712545)
V=[0, 1, 2, 3, 4, 5, 6]
total successes of this branch: 1
Matrix on 7 elements:

0    0.00000000  1.19384582  1.20387972  1.21045035  1.17850232  1.22015493  0.48923533
1    1.19384582  0.00000000  1.17432083  1.14276613  0.89111418  1.08664053  1.19070356
2    1.20387972  1.17432083  0.00000000  1.00943029  1.10063546  1.05603543  1.06680859
3    1.21045035  1.14276613  1.00943029  0.00000000  1.05402837  0.97485095  1.17809912
4    1.17850232  0.89111418  1.10063546  1.05402837  0.00000000  0.99263036  1.16597079
5    1.22015493  1.08664053  1.05603543  0.97485095  0.99263036  0.00000000  1.19374230
6    0.48923533  1.19070356  1.06680859  1.17809912  1.16597079  1.19374230  0.00000000

--------------------------------------------------------------------------------
n=6
(result of R-step: (3,4:5)0.70036868)
V=[0, 1, 2, 3, 4, 6]
total successes of this branch: 1
Matrix on 6 elements:

0    0.00000000  1.19384582  1.20387972  0.75372388  0.78611227  0.48923533
1    1.19384582  0.00000000  1.17432083  0.68603966  0.49872413  1.19070356
2    1.20387972  1.17432083  0.00000000  0.55270382  0.70824541  1.06680859
3    0.75372388  0.68603966  0.55270382  0.00000000  0.20491184  0.72137264
4    0.78611227  0.49872413  0.70824541  0.20491184  0.00000000  0.77358074
6    0.48923533  1.19070356  1.06680859  0.72137264  0.77358074  0.00000000

--------------------------------------------------------------------------------
n=5
(result of R-step: (1,3:4)0.67854843)
V=[0, 1, 2, 3, 6]
total successes of this branch: 1
Matrix on 5 elements:

0    0.00000000  0.79265761  1.20387972  0.74492572  0.48923533
1    0.79265761  0.00000000  0.77313262  0.27605330  0.78951535
2    1.20387972  0.77313262  0.00000000  0.54390567  1.06680859
3    0.74492572  0.27605330  0.54390567  0.00000000  0.71257449
6    0.48923533  0.78951535  1.06680859  0.71257449  0.00000000

--------------------------------------------------------------------------------
n=4
(result of R-step: (0,2:1)0.01212556)
V=[0, 2, 3, 6]
total successes of this branch: 0
reason of abort: negative delta/dxy

--------------------------------------------------------------------------------
n=4
(result of R-step: (0,3:1)0.17240328)
V=[0, 2, 3, 6]
total successes of this branch: 1
Matrix on 4 elements:

0    0.00000000  1.02779762  0.54940154  0.31315323
2    1.02779762  0.00000000  0.52446359  1.06680859
3    0.54940154  0.52446359  0.00000000  0.69313241
6    0.31315323  1.06680859  0.69313241  0.00000000

--------------------------------------------------------------------------------
n=4
(result of R-step: (2,6:1)0.83769093)
V=[0, 2, 3, 6]
total successes of this branch: 0
reason of abort: negative delta/dxy

--------------------------------------------------------------------------------
n=4
(result of R-step: (3,6:1)0.76689362)
V=[0, 2, 3, 6]
total successes of this branch: 0
Matrix on 4 elements:

0    0.00000000  1.20387972  0.74322230  0.19814169
2    1.20387972  0.00000000  0.54220224  0.77571496
3    0.74322230  0.54220224  0.00000000  0.41977743
6    0.19814169  0.77571496  0.41977743  0.00000000
reason of abort: no pseudometric
