n=8
V=[0, 1, 2, 3, 4, 5, 6, 7]
total successes of this branch: 1
Matrix on 8 elements:

0    0.00000000  1.78053956  1.73038057  1.67765132  1.38219792  1.09002010  1.47457935  1.76546604
1    1.78053956  0.00000000  1.55053412  1.38857540  1.66051989  1.77743093  1.57548915  0.88008656
2    1.73038057  1.55053412  0.00000000  1.58792726  1.68676128  1.72925079  1.65585817  1.55601236
3    1.67765132  1.38857540  1.58792726  0.00000000  1.54725626  1.67427396  1.37363415  1.30129255
4    1.38219792  1.66051989  1.68676128  1.54725626  0.00000000  1.37442901  1.16560181  1.64392633
5    1.09002010  1.77743093  1.72925079  1.67427396  1.37442901  0.00000000  1.46818358  1.76231804
6    1.47457935  1.57548915  1.65585817  1.37363415  1.16560181  1.46818358  0.00000000  1.54591661
7    1.76546604  0.88008656  1.55601236  1.30129255  1.64392633  1.76231804  1.54591661  0.00000000

--------------------------------------------------------------------------------
n=7
(result of R-step: (1,3:7)0.85349615)
V=[0, 1, 2, 3, 4, 5, 6]
total successes of this branch: 1
Matrix on 7 elements:

0    0.00000000  1.38413770  1.73038057  1.28124946  1.38219792  1.09002010  1.47457935
1    1.38413770  0.00000000  1.15413226  0.59577168  1.26411803  1.38102908  1.17908729
2    1.73038057  1.15413226  0.00000000  1.19152540  1.68676128  1.72925079  1.65585817
3    1.28124946  0.59577168  1.19152540  0.00000000  1.15085440  1.27787211  0.97723229
4    1.38219792  1.26411803  1.68676128  1.15085440  0.00000000  1.37442901  1.16560181
5    1.09002010  1.38102908  1.72925079  1.27787211  1.37442901  0.00000000  1.46818358
6    1.47457935  1.17908729  1.65585817  0.97723229  1.16560181  1.46818358  0.00000000

--------------------------------------------------------------------------------
n=6
(result of R-step: (3,4:6)0.31267682)
V=[0, 1, 2, 3, 4, 5]
total successes of this branch: 1
Matrix on 6 elements:

0    0.00000000  1.38413770  1.73038057  1.18166147  0.88620807  1.09002010
1    1.38413770  0.00000000  1.15413226  0.49618369  0.76812818  1.38102908
2    1.73038057  1.15413226  0.00000000  1.09193741  1.19077142  1.72925079
3    1.18166147  0.49618369  1.09193741  0.00000000  0.55527655  1.17828411
4    0.88620807  0.76812818  1.19077142  0.55527655  0.00000000  0.87843916
5    1.09002010  1.38102908  1.72925079  1.17828411  0.87843916  0.00000000

--------------------------------------------------------------------------------
n=5
(result of R-step: (0,4:5)0.97409904)
V=[0, 1, 2, 3, 4]
total successes of this branch: 1
Matrix on 5 elements:

0    0.00000000  0.84301211  1.18925497  0.64053587  0.29994673
1    0.84301211  0.00000000  1.15413226  0.49618369  0.72299244
2    1.18925497  1.15413226  0.00000000  1.09193741  1.14563568
3    0.64053587  0.49618369  1.09193741  0.00000000  0.51014081
4    0.29994673  0.72299244  1.14563568  0.51014081  0.00000000

--------------------------------------------------------------------------------
n=4
(result of R-step: (2,4:0)0.06886775)
V=[1, 2, 3, 4]
total successes of this branch: 1
Matrix on 4 elements:

1    0.00000000  0.92043358  0.49618369  0.65279761
2    0.92043358  0.00000000  0.85823872  0.84174217
3    0.49618369  0.85823872  0.00000000  0.43994598
4    0.65279761  0.84174217  0.43994598  0.00000000
