n=8
V=[0, 1, 2, 3, 4, 5, 6, 7]
total successes of this branch: 1
Matrix on 8 elements:

0    0.00000000  2.41964190  2.29798468  2.41682047  2.35643393  2.41899897  2.41941739  2.40959916
1    2.41964190  0.00000000  2.40340264  1.66883757  2.04210763  1.28428413  0.59458486  1.71347495
2    2.29798468  2.40340264  0.00000000  2.38596237  1.78533819  2.39942847  2.40201487  2.31413692
3    2.41682047  1.66883757  2.38596237  0.00000000  1.80460709  1.55534669  1.62920669  0.39211746
4    2.35643393  2.04210763  1.78533819  1.80460709  0.00000000  1.98798766  2.02320900  1.61275203
5    2.41899897  1.28428413  2.39942847  1.55534669  1.98798766  0.00000000  0.91421383  1.60708392
6    2.41941739  0.59458486  2.40201487  1.62920669  2.02320900  0.91421383  0.00000000  1.67632333
7    2.40959916  1.71347495  2.31413692  0.39211746  1.61275203  1.60708392  1.67632333  0.00000000

--------------------------------------------------------------------------------
n=7
(result of R-step: (1,5:6)0.65080116)
V=[0, 1, 2, 3, 4, 5, 7]
total successes of this branch: 1
Matrix on 7 elements:

0    0.00000000  2.30738462  2.29798468  2.41682047  2.35643393  2.30674170  2.40959916
1    2.30738462  0.00000000  2.29114536  1.55658029  1.92985035  1.05976958  1.60121768
2    2.29798468  2.29114536  0.00000000  2.38596237  1.78533819  2.28717120  2.31413692
3    2.41682047  1.55658029  2.38596237  0.00000000  1.80460709  1.44308941  0.39211746
4    2.35643393  1.92985035  1.78533819  1.80460709  0.00000000  1.87573038  1.61275203
5    2.30674170  1.05976958  2.28717120  1.44308941  1.87573038  0.00000000  1.49482665
7    2.40959916  1.60121768  2.31413692  0.39211746  1.61275203  1.49482665  0.00000000

--------------------------------------------------------------------------------
n=6
(result of R-step: (3,4:7)0.88041531)
V=[0, 1, 2, 3, 4, 5]
total successes of this branch: 1
Matrix on 6 elements:

0    0.00000000  2.30738462  2.29798468  2.31668927  2.25630273  2.30674170
1    2.30738462  0.00000000  2.29114536  1.45644909  1.82971915  1.05976958
2    2.29798468  2.29114536  0.00000000  2.28583117  1.68520699  2.28717120
3    2.31668927  1.45644909  2.28583117  0.00000000  1.60434469  1.34295821
4    2.25630273  1.82971915  1.68520699  1.60434469  0.00000000  1.77559918
5    2.30674170  1.05976958  2.28717120  1.34295821  1.77559918  0.00000000

--------------------------------------------------------------------------------
n=5
(result of R-step: (0,4:2)0.93770714)
V=[0, 1, 3, 4, 5]
total successes of this branch: 0
reason of abort: negative delta/dxy

--------------------------------------------------------------------------------
n=5
(result of R-step: (1,3:5)0.77212695)
V=[0, 1, 2, 3, 4]
total successes of this branch: 1
Matrix on 5 elements:

0    0.00000000  1.83424528  2.29798468  1.83142384  2.25630273
1    1.83424528  0.00000000  1.81800601  0.49804432  1.35657980
2    2.29798468  1.81800601  0.00000000  1.80056575  1.68520699
3    1.83142384  0.49804432  1.80056575  0.00000000  1.11907927
4    2.25630273  1.35657980  1.68520699  1.11907927  0.00000000

--------------------------------------------------------------------------------
n=4
(result of R-step: (0,4:2)0.93770714)
V=[0, 1, 3, 4]
total successes of this branch: 0
reason of abort: negative delta/dxy

--------------------------------------------------------------------------------
n=4
(result of R-step: (1,2:0)0.55471901)
V=[1, 2, 3, 4]
total successes of this branch: 1
Matrix on 4 elements:

1    0.00000000  0.97144906  0.25347882  1.11201430
2    0.97144906  0.00000000  1.19857429  1.08321554
3    0.25347882  1.19857429  0.00000000  1.11907927
4    1.11201430  1.08321554  1.11907927  0.00000000

--------------------------------------------------------------------------------
n=4
(result of R-step: (1,3:2)0.42426821)
V=[0, 1, 3, 4]
total successes of this branch: 0
reason of abort: negative delta/dxy

--------------------------------------------------------------------------------
n=4
(result of R-step: (2,3:0)0.26395401)
V=[1, 2, 3, 4]
total successes of this branch: 0
reason of abort: negative delta/dxy

--------------------------------------------------------------------------------
n=4
(result of R-step: (3,4:0)0.13873397)
V=[1, 2, 3, 4]
total successes of this branch: 0
reason of abort: negative delta/dxy
