n=8
V=[0, 1, 2, 3, 4, 5, 6, 7]
total successes of this branch: 1
Matrix on 8 elements:

0    0.00000000  1.13232073  1.11275124  1.09925772  1.10519980  0.66682595  1.11177253  1.10348489
1    1.13232073  0.00000000  1.12449444  1.12965001  1.07154968  1.13181169  0.85346970  1.08831768
2    1.11275124  1.12449444  0.00000000  1.11362892  1.11558167  1.11291853  1.11774167  1.11501810
3    1.09925772  1.12965001  1.11362892  0.00000000  0.86446738  0.99742611  0.92873412  0.65874365
4    1.10519980  1.07154968  1.11558167  0.86446738  0.00000000  1.05931574  0.38977027  0.35736824
5    0.66682595  1.13181169  1.11291853  0.99742611  1.05931574  0.00000000  1.07688506  1.04145413
6    1.11177253  0.85346970  1.11774167  0.92873412  0.38977027  1.07688506  0.00000000  0.54531754
7    1.10348489  1.08831768  1.11501810  0.65874365  0.35736824  1.04145413  0.54531754  0.00000000

--------------------------------------------------------------------------------
n=7
(result of R-step: (3,4:7)0.28860428)
V=[0, 1, 2, 3, 4, 5, 6]
total successes of this branch: 1
Matrix on 7 elements:

0    0.00000000  1.13232073  1.11275124  1.02343547  1.02937754  0.66682595  1.11177253
1    1.13232073  0.00000000  1.12449444  1.05382776  0.99572743  1.13181169  0.85346970
2    1.11275124  1.12449444  0.00000000  1.03780666  1.03975941  1.11291853  1.11774167
3    1.02343547  1.05382776  1.03780666  0.00000000  0.71282287  0.92160386  0.85291186
4    1.02937754  0.99572743  1.03975941  0.71282287  0.00000000  0.98349349  0.31394802
5    0.66682595  1.13181169  1.11291853  0.92160386  0.98349349  0.00000000  1.07688506
6    1.11177253  0.85346970  1.11774167  0.85291186  0.31394802  1.07688506  0.00000000

--------------------------------------------------------------------------------
n=6
(result of R-step: (0,3:5)0.80939811)
V=[0, 1, 2, 3, 4, 6]
total successes of this branch: 1
Matrix on 6 elements:

0    0.00000000  0.84982356  0.83025407  0.53426337  0.74688037  0.82927535
1    0.84982356  0.00000000  1.12449444  0.84715284  0.99572743  0.85346970
2    0.83025407  1.12449444  0.00000000  0.83113175  1.03975941  1.11774167
3    0.53426337  0.84715284  0.83113175  0.00000000  0.50614796  0.64623694
4    0.74688037  0.99572743  1.03975941  0.50614796  0.00000000  0.31394802
6    0.82927535  0.85346970  1.11774167  0.64623694  0.31394802  0.00000000

--------------------------------------------------------------------------------
n=5
(result of R-step: (1,4:6)0.24234896)
V=[0, 1, 2, 3, 4]
total successes of this branch: 1
Matrix on 5 elements:

0    0.00000000  0.76397841  0.83025407  0.53426337  0.73685748
1    0.76397841  0.00000000  1.03864929  0.76130769  0.89985939
2    0.83025407  1.03864929  0.00000000  0.83113175  1.02973652
3    0.53426337  0.76130769  0.83113175  0.00000000  0.49612506
4    0.73685748  0.89985939  1.02973652  0.49612506  0.00000000

--------------------------------------------------------------------------------
n=4
(result of R-step: (0,1:2)0.93770803)
V=[0, 1, 3, 4]
total successes of this branch: 1
Matrix on 4 elements:

0    0.00000000  0.18006505  0.26768839  0.47028249
1    0.18006505  0.00000000  0.44396932  0.58252101
3    0.26768839  0.44396932  0.00000000  0.49612506
4    0.47028249  0.58252101  0.49612506  0.00000000

--------------------------------------------------------------------------------
n=4
(result of R-step: (0,3:1)0.81212160)
V=[0, 2, 3, 4]
total successes of this branch: 0
reason of abort: negative delta/dxy

--------------------------------------------------------------------------------
n=4
(result of R-step: (2,3:1)0.73234038)
V=[0, 2, 3, 4]
total successes of this branch: 0
Matrix on 4 elements:

0    0.00000000  0.28184802  0.27332142  0.73685748
2    0.28184802  0.00000000  0.02178374  0.48133048
3    0.27332142  0.02178374  0.00000000  0.23518311
4    0.73685748  0.48133048  0.23518311  0.00000000
reason of abort: no pseudometric

--------------------------------------------------------------------------------
n=4
(result of R-step: (2,4:1)0.98531352)
V=[0, 2, 3, 4]
total successes of this branch: 0
reason of abort: negative delta/dxy

--------------------------------------------------------------------------------
n=4
(result of R-step: (3,4:2)0.70880090)
V=[0, 1, 3, 4]
total successes of this branch: 0
reason of abort: negative delta/dxy
