n=8
V=[0, 1, 2, 3, 4, 5, 6, 7]
total successes of this branch: 1
Matrix on 8 elements:

0    0.00000000  2.59725319  2.50893440  2.58935720  2.46247383  2.59063193  2.58991999  1.41811488
1    2.59725319  0.00000000  2.47480533  2.01204897  2.48369295  1.91938724  1.41749342  2.56431329
2    2.50893440  2.47480533  0.00000000  2.47525969  1.91529147  2.47518634  2.37906639  2.33673914
3    2.58935720  2.01204897  2.47525969  0.00000000  2.48354122  1.53074153  2.05050981  2.55866365
4    2.46247383  2.48369295  1.91529147  2.48354122  0.00000000  2.48356572  2.43649802  2.03576923
5    2.59063193  1.91938724  2.47518634  1.53074153  2.48356572  0.00000000  1.96553579  2.55957573
6    2.58991999  1.41749342  2.37906639  2.05050981  2.43649802  1.96553579  0.00000000  2.54541759
7    1.41811488  2.56431329  2.33673914  2.55866365  2.03576923  2.55957573  2.54541759  0.00000000

--------------------------------------------------------------------------------
n=7
(result of R-step: (1,2:6)0.91696902)
V=[0, 1, 2, 3, 4, 5, 7]
total successes of this branch: 1
Matrix on 7 elements:

0    0.00000000  1.93637595  1.84805716  2.58935720  2.46247383  2.59063193  1.41811488
1    1.93637595  0.00000000  1.15305085  1.35117173  1.82281571  1.25851000  1.90343606
2    1.84805716  1.15305085  0.00000000  1.81438245  1.25441423  1.81430910  1.67586190
3    2.58935720  1.35117173  1.81438245  0.00000000  2.48354122  1.53074153  2.55866365
4    2.46247383  1.82281571  1.25441423  2.48354122  0.00000000  2.48356572  2.03576923
5    2.59063193  1.25851000  1.81430910  1.53074153  2.48356572  0.00000000  2.55957573
7    1.41811488  1.90343606  1.67586190  2.55866365  2.03576923  2.55957573  0.00000000

--------------------------------------------------------------------------------
n=6
(result of R-step: (1,3:5)0.16144026)
V=[0, 1, 2, 3, 4, 7]
total successes of this branch: 1
Matrix on 6 elements:

0    0.00000000  1.87821329  1.84805716  1.87031730  2.46247383  1.41811488
1    1.87821329  0.00000000  1.09488819  0.57396917  1.76465305  1.84527339
2    1.84805716  1.09488819  0.00000000  1.09534255  1.25441423  1.67586190
3    1.87031730  0.57396917  1.09534255  0.00000000  1.76450132  1.83962375
4    2.46247383  1.76465305  1.25441423  1.76450132  0.00000000  2.03576923
7    1.41811488  1.84527339  1.67586190  1.83962375  2.03576923  0.00000000

--------------------------------------------------------------------------------
n=5
(result of R-step: (2,3:1)0.01587500)
V=[0, 2, 3, 4, 7]
total successes of this branch: 1
Matrix on 5 elements:

0    0.00000000  1.57451894  1.59172909  2.46247383  1.41811488
2    1.57451894  0.00000000  0.54321613  0.98087602  1.40232369
3    1.59172909  0.54321613  0.00000000  1.48591311  1.56103554
4    2.46247383  0.98087602  1.48591311  0.00000000  2.03576923
7    1.41811488  1.40232369  1.56103554  2.03576923  0.00000000

--------------------------------------------------------------------------------
n=4
(result of R-step: (0,2:3)0.23626939)
V=[0, 2, 4, 7]
total successes of this branch: 1
Matrix on 4 elements:

0    0.00000000  1.06819185  1.96676868  0.92240974
2    1.06819185  0.00000000  0.97025407  1.39170173
4    1.96676868  0.97025407  0.00000000  2.03576923
7    0.92240974  1.39170173  2.03576923  0.00000000

--------------------------------------------------------------------------------
n=4
(result of R-step: (0,4:3)0.03060669)
V=[0, 2, 4, 7]
total successes of this branch: 0
reason of abort: negative delta/dxy

--------------------------------------------------------------------------------
n=4
(result of R-step: (2,7:3)0.59726902)
V=[0, 2, 4, 7]
total successes of this branch: 0
reason of abort: negative delta/dxy

--------------------------------------------------------------------------------
n=4
(result of R-step: (4,7:3)0.70454162)
V=[0, 2, 4, 7]
total successes of this branch: 0
reason of abort: negative delta/dxy
