n=8
V=[0, 1, 2, 3, 4, 5, 6, 7]
total successes of this branch: 2
Matrix on 8 elements:

0    0.00000000  2.04344592  1.97920799  1.32873645  1.98470905  1.56403208  1.65950456  1.63358573
1    2.04344592  0.00000000  1.94419486  2.03085608  1.82918154  1.99950804  1.98678840  1.99024153
2    1.97920799  1.94419486  0.00000000  1.88470977  0.71615399  1.38046042  1.14906387  1.21188329
3    1.32873645  2.03085608  1.88470977  0.00000000  1.89722510  0.99496871  1.19957062  1.14402539
4    1.98470905  1.82918154  0.71615399  1.89722510  0.00000000  1.46999524  1.29664440  1.34370560
5    1.56403208  1.99950804  1.38046042  0.99496871  1.46999524  0.00000000  0.60559551  0.50432987
6    1.65950456  1.98678840  1.14906387  1.19957062  1.29664440  0.60559551  0.00000000  0.33384722
7    1.63358573  1.99024153  1.21188329  1.14402539  1.34370560  0.50432987  0.33384722  0.00000000

--------------------------------------------------------------------------------
n=7
(result of R-step: (0,4:1)0.59753448)
V=[0, 2, 3, 4, 5, 6, 7]
total successes of this branch: 2
Matrix on 7 elements:

0    0.00000000  1.33376707  0.68329553  1.12816073  0.91859116  1.01406364  0.98814481
2    1.33376707  0.00000000  1.88470977  0.50504659  1.38046042  1.14906387  1.21188329
3    0.68329553  1.88470977  0.00000000  1.68611771  0.99496871  1.19957062  1.14402539
4    1.12816073  0.50504659  1.68611771  0.00000000  1.25888784  1.08553700  1.13259820
5    0.91859116  1.38046042  0.99496871  1.25888784  0.00000000  0.60559551  0.50432987
6    1.01406364  1.14906387  1.19957062  1.08553700  0.60559551  0.00000000  0.33384722
7    0.98814481  1.21188329  1.14402539  1.13259820  0.50432987  0.33384722  0.00000000

--------------------------------------------------------------------------------
n=6
(result of R-step: (3,4:0)0.71126171)
V=[2, 3, 4, 5, 6, 7]
total successes of this branch: 2
Matrix on 6 elements:

2    0.00000000  1.63935008  0.36396576  1.38046042  1.14906387  1.21188329
3    1.63935008  0.00000000  1.29967719  0.74960903  0.95421093  0.89866571
4    0.36396576  1.29967719  0.00000000  1.11780700  0.94445616  0.99151736
5    1.38046042  0.74960903  1.11780700  0.00000000  0.60559551  0.50432987
6    1.14906387  0.95421093  0.94445616  0.60559551  0.00000000  0.33384722
7    1.21188329  0.89866571  0.99151736  0.50432987  0.33384722  0.00000000

--------------------------------------------------------------------------------
n=5
(result of R-step: (2,3:4)0.86686715)
V=[2, 3, 5, 6, 7]
total successes of this branch: 2
Matrix on 5 elements:

2    0.00000000  1.23725923  1.19336095  0.96196439  1.02478381
3    1.23725923  0.00000000  0.53461765  0.73921956  0.68367434
5    1.19336095  0.53461765  0.00000000  0.60559551  0.50432987
6    0.96196439  0.73921956  0.60559551  0.00000000  0.33384722
7    1.02478381  0.68367434  0.50432987  0.33384722  0.00000000

--------------------------------------------------------------------------------
n=4
(result of R-step: (2,7:6)0.33755411)
V=[2, 3, 5, 7]
total successes of this branch: 1
Matrix on 4 elements:

2    0.00000000  0.62340181  0.57950352  0.32092140
3    0.62340181  0.00000000  0.53461765  0.59366935
5    0.57950352  0.53461765  0.00000000  0.41432489
7    0.32092140  0.59366935  0.41432489  0.00000000

--------------------------------------------------------------------------------
n=4
(result of R-step: (3,5:6)0.44972773)
V=[2, 3, 5, 7]
total successes of this branch: 0
reason of abort: negative delta/dxy

--------------------------------------------------------------------------------
n=4
(result of R-step: (3,6:2)0.24517571)
V=[3, 5, 6, 7]
total successes of this branch: 1
Matrix on 4 elements:

3    0.00000000  0.38347937  0.47179049  0.53253605
5    0.38347937  0.00000000  0.48930472  0.50432987
6    0.47179049  0.48930472  0.00000000  0.21755643
7    0.53253605  0.50432987  0.21755643  0.00000000

--------------------------------------------------------------------------------
n=4
(result of R-step: (5,6:2)0.51427582)
V=[3, 5, 6, 7]
total successes of this branch: 0
Matrix on 4 elements:

3    0.00000000  0.24688579  0.69057079  0.68367434
5    0.24688579  0.00000000  0.26921488  0.21659801
6    0.69057079  0.26921488  0.00000000  0.28519844
7    0.68367434  0.21659801  0.28519844  0.00000000
reason of abort: no pseudometric

--------------------------------------------------------------------------------
n=4
(result of R-step: (5,7:2)0.17711833)
V=[3, 5, 6, 7]
total successes of this branch: 0
reason of abort: negative delta/dxy
