n=8
V=[0, 1, 2, 3, 4, 5, 6, 7]
total successes of this branch: 1
Matrix on 8 elements:

0    0.00000000  0.87055248  0.83036220  0.85083840  0.85220549  0.85157672  0.61678987  0.85170370
1    0.87055248  0.00000000  0.68249679  0.65324671  0.64986982  0.65142296  0.32500092  0.65110931
2    0.83036220  0.68249679  0.00000000  0.65433539  0.65628827  0.65539008  0.72944043  0.65557146
3    0.85083840  0.65324671  0.65433539  0.00000000  0.60792726  0.38621838  0.71597722  0.43099174
4    0.85220549  0.64986982  0.65628827  0.60792726  0.00000000  0.34758857  0.71410643  0.27907274
5    0.85157672  0.65142296  0.65539008  0.38621838  0.34758857  0.00000000  0.71496686  0.07682747
6    0.61678987  0.32500092  0.72944043  0.71597722  0.71410643  0.71496686  0.00000000  0.71479310
7    0.85170370  0.65110931  0.65557146  0.43099174  0.27907274  0.07682747  0.71479310  0.00000000

--------------------------------------------------------------------------------
n=7
(result of R-step: (0,1:6)0.31747543)
V=[0, 1, 2, 3, 4, 5, 7]
total successes of this branch: 1
Matrix on 7 elements:

0    0.00000000  0.79931417  0.79474304  0.81521924  0.81658633  0.81595757  0.81608454
1    0.79931417  0.00000000  0.64687764  0.61762755  0.61425067  0.61580381  0.61549015
2    0.79474304  0.64687764  0.00000000  0.65433539  0.65628827  0.65539008  0.65557146
3    0.81521924  0.61762755  0.65433539  0.00000000  0.60792726  0.38621838  0.43099174
4    0.81658633  0.61425067  0.65628827  0.60792726  0.00000000  0.34758857  0.27907274
5    0.81595757  0.61580381  0.65539008  0.38621838  0.34758857  0.00000000  0.07682747
7    0.81608454  0.61549015  0.65557146  0.43099174  0.27907274  0.07682747  0.00000000

--------------------------------------------------------------------------------
n=6
(result of R-step: (1,2:0)0.10990852)
V=[1, 2, 3, 4, 5, 7]
total successes of this branch: 1
Matrix on 6 elements:

1    0.00000000  0.06636211  0.35097152  0.34759464  0.34914777  0.34883412
2    0.06636211  0.00000000  0.34047590  0.34242877  0.34153059  0.34171197
3    0.35097152  0.34047590  0.00000000  0.60792726  0.38621838  0.43099174
4    0.34759464  0.34242877  0.60792726  0.00000000  0.34758857  0.27907274
5    0.34914777  0.34153059  0.38621838  0.34758857  0.00000000  0.07682747
7    0.34883412  0.34171197  0.43099174  0.27907274  0.07682747  0.00000000

--------------------------------------------------------------------------------
n=5
(result of R-step: (1,3:2)0.98902042)
V=[1, 3, 4, 5, 7]
total successes of this branch: 1
Matrix on 5 elements:

1    0.00000000  0.25237377  0.31193673  0.31348986  0.31317621
3    0.25237377  0.00000000  0.54498741  0.32327853  0.36805189
4    0.31193673  0.54498741  0.00000000  0.34758857  0.27907274
5    0.31348986  0.32327853  0.34758857  0.00000000  0.07682747
7    0.31317621  0.36805189  0.27907274  0.07682747  0.00000000

--------------------------------------------------------------------------------
n=4
(result of R-step: (1,3:7)0.08717832)
V=[1, 3, 4, 5]
total successes of this branch: 0
reason of abort: negative delta/dxy

--------------------------------------------------------------------------------
n=4
(result of R-step: (1,7:4)0.26629233)
V=[1, 3, 5, 7]
total successes of this branch: 0
reason of abort: negative delta/dxy

--------------------------------------------------------------------------------
n=4
(result of R-step: (3,5:4)0.57841320)
V=[1, 3, 5, 7]
total successes of this branch: 0
reason of abort: negative delta/dxy

--------------------------------------------------------------------------------
n=4
(result of R-step: (3,7:4)0.88526437)
V=[1, 3, 5, 7]
total successes of this branch: 0
reason of abort: negative delta/dxy

--------------------------------------------------------------------------------
n=4
(result of R-step: (4,5:7)0.20194662)
V=[1, 3, 4, 5]
total successes of this branch: 1
Matrix on 4 elements:

1    0.00000000  0.25237377  0.30778091  0.30933404
3    0.25237377  0.00000000  0.54083159  0.31912271
4    0.30778091  0.54083159  0.00000000  0.33927693
5    0.30933404  0.31912271  0.33927693  0.00000000
