n=8
V=[0, 1, 2, 3, 4, 5, 6, 7]
total successes of this branch: 1
Matrix on 8 elements:

0    0.00000000  2.29389483  2.29309190  2.26288195  2.16112928  1.85318230  2.27068277  2.27541279
1    2.29389483  0.00000000  2.26089737  2.26465931  2.27439374  2.28868805  2.26231304  2.26201423
2    2.29309190  2.26089737  0.00000000  2.27746952  2.28267124  2.21067183  1.03009359  0.84611709
3    2.26288195  2.26465931  2.27746952  0.00000000  2.05903970  2.26518377  2.27684368  2.27697577
4    2.16112928  2.27439374  2.28267124  2.05903970  0.00000000  2.18030777  2.27745681  2.27855745
5    1.85318230  2.28868805  2.21067183  2.26518377  2.18030777  0.00000000  2.14730486  2.16068009
6    2.27068277  2.26231304  1.03009359  2.27684368  2.27745681  2.14730486  0.00000000  0.34245635
7    2.27541279  2.26201423  0.84611709  2.27697577  2.27855745  2.16068009  0.34245635  0.00000000

--------------------------------------------------------------------------------
n=7
(result of R-step: (1,4:3)0.69208491)
V=[0, 1, 2, 4, 5, 6, 7]
total successes of this branch: 1
Matrix on 7 elements:

0    0.00000000  1.17085957  2.29309190  1.38965284  1.85318230  2.27068277  2.27541279
1    1.17085957  0.00000000  1.13786211  0.37988204  1.16565279  1.13927778  1.13897897
2    2.29309190  1.13786211  0.00000000  1.51119480  2.21067183  1.03009359  0.84611709
4    1.38965284  0.37988204  1.51119480  0.00000000  1.40883133  1.50598037  1.50708101
5    1.85318230  1.16565279  2.21067183  1.40883133  0.00000000  2.14730486  2.16068009
6    2.27068277  1.13927778  1.03009359  1.50598037  2.14730486  0.00000000  0.34245635
7    2.27541279  1.13897897  0.84611709  1.50708101  2.16068009  0.34245635  0.00000000

--------------------------------------------------------------------------------
n=6
(result of R-step: (0,1:4)0.27828537)
V=[0, 1, 2, 5, 6, 7]
total successes of this branch: 1
Matrix on 6 elements:

0    0.00000000  0.28395444  1.40771079  0.96780119  1.38530166  1.39003168
1    0.28395444  0.00000000  1.13633809  1.16412877  1.13775376  1.13745495
2    1.40771079  1.13633809  0.00000000  2.21067183  1.03009359  0.84611709
5    0.96780119  1.16412877  2.21067183  0.00000000  2.14730486  2.16068009
6    1.38530166  1.13775376  1.03009359  2.14730486  0.00000000  0.34245635
7    1.39003168  1.13745495  0.84611709  2.16068009  0.34245635  0.00000000

--------------------------------------------------------------------------------
n=5
(result of R-step: (2,6:7)0.21107572)
V=[0, 1, 2, 5, 6]
total successes of this branch: 1
Matrix on 5 elements:

0    0.00000000  0.28395444  1.32847087  0.96780119  1.30606173
1    0.28395444  0.00000000  1.05709817  1.16412877  1.05851384
2    1.32847087  1.05709817  0.00000000  2.13143191  0.87161375
5    0.96780119  1.16412877  2.13143191  0.00000000  2.06806494
6    1.30606173  1.05851384  0.87161375  2.06806494  0.00000000

--------------------------------------------------------------------------------
n=4
(result of R-step: (0,2:5)0.90214314)
V=[0, 1, 2, 6]
total successes of this branch: 0
Matrix on 4 elements:

0    0.00000000  0.26550710  0.65373789  1.28761440
1    0.26550710  0.00000000  0.40081253  1.05851384
2    0.65373789  0.40081253  0.00000000  0.21532810
6    1.28761440  1.05851384  0.21532810  0.00000000
reason of abort: no pseudometric

--------------------------------------------------------------------------------
n=4
(result of R-step: (0,6:5)0.93729717)
V=[0, 1, 2, 6]
total successes of this branch: 1
Matrix on 4 elements:

0    0.00000000  0.25498809  1.29950452  1.17909582
1    0.25498809  0.00000000  1.05709817  0.96051427
2    1.29950452  1.05709817  0.00000000  0.77361418
6    1.17909582  0.96051427  0.77361418  0.00000000
