n=8
V=[0, 1, 2, 3, 4, 5, 6, 7]
total successes of this branch: 1
Matrix on 8 elements:

0    0.00000000  2.45641262  2.35179204  2.37548085  2.13866707  2.37215659  2.37349358  2.37246757
1    2.45641262  0.00000000  2.31137925  2.23643799  2.34559526  2.24695453  2.24272486  2.24597073
2    2.35179204  2.31137925  0.00000000  2.05534581  1.66153192  1.96436089  2.00095427  1.97287239
3    2.37548085  2.23643799  2.05534581  0.00000000  2.13087149  1.49796910  1.35572470  1.46488352
4    2.13866707  2.34559526  1.66153192  2.13087149  0.00000000  2.06500882  2.09149824  2.07117018
5    2.37215659  2.24695453  1.96436089  1.49796910  2.06500882  0.00000000  1.28654042  0.36559590
6    2.37349358  2.24272486  2.00095427  1.35572470  2.09149824  1.28654042  0.00000000  1.00740596
7    2.37246757  2.24597073  1.97287239  1.46488352  2.07117018  0.36559590  1.00740596  0.00000000

--------------------------------------------------------------------------------
n=7
(result of R-step: (1,4:0)0.81878826)
V=[1, 2, 3, 4, 5, 6, 7]
total successes of this branch: 1
Matrix on 7 elements:

1    0.00000000  1.16749959  1.09255833  1.03630567  1.10307488  1.09884521  1.10209107
2    1.16749959  0.00000000  2.05534581  1.49612199  1.96436089  2.00095427  1.97287239
3    1.09255833  2.05534581  0.00000000  1.96546155  1.49796910  1.35572470  1.46488352
4    1.03630567  1.49612199  1.96546155  0.00000000  1.89959889  1.92608831  1.90576025
5    1.10307488  1.96436089  1.49796910  1.89959889  0.00000000  1.28654042  0.36559590
6    1.09884521  2.00095427  1.35572470  1.92608831  1.28654042  0.00000000  1.00740596
7    1.10209107  1.97287239  1.46488352  1.90576025  0.36559590  1.00740596  0.00000000

--------------------------------------------------------------------------------
n=6
(result of R-step: (1,2:4)0.24750635)
V=[1, 2, 3, 5, 6, 7]
total successes of this branch: 1
Matrix on 6 elements:

1    0.00000000  0.44510318  1.07365401  1.08417056  1.07994089  1.08318675
2    0.44510318  0.00000000  1.35185371  1.26086880  1.29746218  1.26938030
3    1.07365401  1.35185371  0.00000000  1.49796910  1.35572470  1.46488352
5    1.08417056  1.26086880  1.49796910  0.00000000  1.28654042  0.36559590
6    1.07994089  1.29746218  1.35572470  1.28654042  0.00000000  1.00740596
7    1.08318675  1.26938030  1.46488352  0.36559590  1.00740596  0.00000000

--------------------------------------------------------------------------------
n=5
(result of R-step: (2,3:1)0.77173139)
V=[2, 3, 5, 6, 7]
total successes of this branch: 1
Matrix on 5 elements:

2    0.00000000  0.54170955  1.02287264  1.05946603  1.03138414
3    0.54170955  0.00000000  0.92582109  0.78357669  0.89273551
5    1.02287264  0.92582109  0.00000000  1.28654042  0.36559590
6    1.05946603  0.78357669  1.28654042  0.00000000  1.00740596
7    1.03138414  0.89273551  0.36559590  1.00740596  0.00000000

--------------------------------------------------------------------------------
n=4
(result of R-step: (2,6:3)0.85538790)
V=[2, 5, 6, 7]
total successes of this branch: 1
Matrix on 4 elements:

2    0.00000000  0.71676646  0.71012913  0.72527796
5    0.71676646  0.00000000  1.24330971  0.36559590
6    0.71012913  1.24330971  0.00000000  0.96417524
7    0.72527796  0.36559590  0.96417524  0.00000000

--------------------------------------------------------------------------------
n=4
(result of R-step: (5,7:3)0.92421016)
V=[2, 5, 6, 7]
total successes of this branch: 0
reason of abort: negative delta/dxy
