n=8
V=[0, 1, 2, 3, 4, 5, 6, 7]
total successes of this branch: 1
Matrix on 8 elements:

0    0.00000000  2.38702038  1.89586932  1.64479888  1.28957128  1.03328872  0.51387233  1.80389383
1    2.38702038  0.00000000  2.23274167  2.32812195  2.37004116  2.38465680  2.32526932  2.26768265
2    1.89586932  2.23274167  0.00000000  1.74083039  1.85117476  1.88964766  1.90662039  0.64706356
3    1.64479888  2.32812195  1.74083039  0.00000000  1.50091531  1.62476972  1.66660669  1.10850522
4    1.28957128  2.37004116  1.85117476  1.50091531  0.00000000  1.24812646  1.32405378  1.72286302
5    1.03328872  2.38465680  1.88964766  1.62476972  1.24812646  0.00000000  1.07641676  1.79261402
6    0.51387233  2.32526932  1.90662039  1.66660669  1.32405378  1.07641676  0.00000000  1.81869535
7    1.80389383  2.26768265  0.64706356  1.10850522  1.72286302  1.79261402  1.81869535  0.00000000

--------------------------------------------------------------------------------
n=7
(result of R-step: (0,1:6)0.96808565)
V=[0, 1, 2, 3, 4, 5, 7]
total successes of this branch: 1
Matrix on 7 elements:

0    0.00000000  1.93489910  1.66980868  1.41873824  1.06351064  0.80722808  1.57783319
1    1.93489910  0.00000000  2.00668103  2.10206131  2.14398052  2.15859617  2.04162202
2    1.66980868  2.00668103  0.00000000  1.74083039  1.85117476  1.88964766  0.64706356
3    1.41873824  2.10206131  1.74083039  0.00000000  1.50091531  1.62476972  1.10850522
4    1.06351064  2.14398052  1.85117476  1.50091531  0.00000000  1.24812646  1.72286302
5    0.80722808  2.15859617  1.88964766  1.62476972  1.24812646  0.00000000  1.79261402
7    1.57783319  2.04162202  0.64706356  1.10850522  1.72286302  1.79261402  0.00000000

--------------------------------------------------------------------------------
n=6
(result of R-step: (0,4:5)0.86079609)
V=[0, 1, 2, 3, 4, 7]
total successes of this branch: 1
Matrix on 6 elements:

0    0.00000000  1.66503779  1.39994737  1.14887693  0.29772737  1.30797188
1    1.66503779  0.00000000  2.00668103  2.10206131  1.64805857  2.04162202
2    1.39994737  2.00668103  0.00000000  1.74083039  1.35525281  0.64706356
3    1.14887693  2.10206131  1.74083039  0.00000000  1.00499336  1.10850522
4    0.29772737  1.64805857  1.35525281  1.00499336  0.00000000  1.22694107
7    1.30797188  2.04162202  0.64706356  1.10850522  1.22694107  0.00000000

--------------------------------------------------------------------------------
n=5
(result of R-step: (2,3:7)0.63366659)
V=[0, 1, 2, 3, 4]
total successes of this branch: 1
Matrix on 5 elements:

0    0.00000000  1.66503779  1.39257818  1.14150773  0.29772737
1    1.66503779  0.00000000  1.99931184  2.09469212  1.64805857
2    1.39257818  1.99931184  0.00000000  1.72609201  1.34788362
3    1.14150773  2.09469212  1.72609201  0.00000000  0.99762417
4    0.29772737  1.64805857  1.34788362  0.99762417  0.00000000

--------------------------------------------------------------------------------
n=4
(result of R-step: (0,3:4)0.71172040)
V=[0, 1, 2, 3]
total successes of this branch: 1
Matrix on 4 elements:

0    0.00000000  1.58811588  1.31565628  0.49911117
1    1.58811588  0.00000000  1.99931184  1.52921745
2    1.31565628  1.99931184  0.00000000  1.16061735
3    0.49911117  1.52921745  1.16061735  0.00000000
