n=8
V=[0, 1, 2, 3, 4, 5, 6, 7]
total successes of this branch: 1
Matrix on 8 elements:

0    0.00000000  0.83007934  0.60779087  0.30948077  0.27939865  0.43262649  0.53265364  0.74451094
1    0.83007934  0.00000000  0.66521954  0.81316507  0.81637303  0.64776102  0.50942267  0.14930125
2    0.60779087  0.66521954  0.00000000  0.60959801  0.60925527  0.62275508  0.63344213  0.65607728
3    0.30948077  0.81316507  0.60959801  0.00000000  0.18095203  0.27932340  0.41367560  0.69823327
4    0.27939865  0.81637303  0.60925527  0.18095203  0.00000000  0.33125858  0.45334757  0.71193180
5    0.43262649  0.64776102  0.62275508  0.27932340  0.33125858  0.00000000  0.23641891  0.52941925
6    0.53265364  0.50942267  0.63344213  0.41367560  0.45334757  0.23641891  0.00000000  0.36397094
7    0.74451094  0.14930125  0.65607728  0.69823327  0.71193180  0.52941925  0.36397094  0.00000000

--------------------------------------------------------------------------------
n=7
(result of R-step: (1,6:7)0.71230329)
V=[0, 1, 2, 3, 4, 5, 6]
total successes of this branch: 1
Matrix on 7 elements:

0    0.00000000  0.82815458  0.60779087  0.30948077  0.27939865  0.43262649  0.53072888
1    0.82815458  0.00000000  0.66329477  0.81124031  0.81444827  0.64583625  0.50557315
2    0.60779087  0.66329477  0.00000000  0.60959801  0.60925527  0.62275508  0.63151737
3    0.30948077  0.81124031  0.60959801  0.00000000  0.18095203  0.27932340  0.41175083
4    0.27939865  0.81444827  0.60925527  0.18095203  0.00000000  0.33125858  0.45142281
5    0.43262649  0.64583625  0.62275508  0.27932340  0.33125858  0.00000000  0.23449415
6    0.53072888  0.50557315  0.63151737  0.41175083  0.45142281  0.23449415  0.00000000

--------------------------------------------------------------------------------
n=6
(result of R-step: (1,5:6)0.25167049)
V=[0, 1, 2, 3, 4, 5]
total successes of this branch: 1
Matrix on 6 elements:

0    0.00000000  0.78103906  0.60779087  0.30948077  0.27939865  0.38358620
1    0.78103906  0.00000000  0.61617925  0.76412479  0.76733275  0.54968045
2    0.60779087  0.61617925  0.00000000  0.60959801  0.60925527  0.57371480
3    0.30948077  0.76412479  0.60959801  0.00000000  0.18095203  0.23028312
4    0.27939865  0.76733275  0.60925527  0.18095203  0.00000000  0.28221830
5    0.38358620  0.54968045  0.57371480  0.23028312  0.28221830  0.00000000

--------------------------------------------------------------------------------
n=5
(result of R-step: (1,3:5)0.23654640)
V=[0, 1, 2, 3, 4]
total successes of this branch: 1
Matrix on 5 elements:

0    0.00000000  0.77311967  0.60779087  0.25252110  0.27939865
1    0.77311967  0.00000000  0.60825986  0.69924573  0.75941336
2    0.60779087  0.60825986  0.00000000  0.55263834  0.60925527
3    0.25252110  0.69924573  0.55263834  0.00000000  0.12399236
4    0.27939865  0.75941336  0.60925527  0.12399236  0.00000000

--------------------------------------------------------------------------------
n=4
(result of R-step: (0,1:2)0.10665943)
V=[0, 1, 3, 4]
total successes of this branch: 1
Matrix on 4 elements:

0    0.00000000  0.34800880  0.17708614  0.20396369
1    0.34800880  0.00000000  0.34956982  0.40973745
3    0.17708614  0.34956982  0.00000000  0.12399236
4    0.20396369  0.40973745  0.12399236  0.00000000
