n=8
V=[0, 1, 2, 3, 4, 5, 6, 7]
total successes of this branch: 1
Matrix on 8 elements:

0    0.00000000  0.92678076  0.77636907  0.82794793  0.81680335  0.42165889  0.89627646  0.85488309
1    0.92678076  0.00000000  0.84147398  0.71798455  0.72852652  0.91642654  0.31453915  0.42293475
2    0.77636907  0.84147398  0.00000000  0.82055755  0.81832650  0.77856038  0.83501822  0.45820487
3    0.82794793  0.71798455  0.82055755  0.00000000  0.61836073  0.81700183  0.53787203  0.76701505
4    0.81680335  0.72852652  0.81832650  0.61836073  0.00000000  0.79502894  0.69452434  0.77145144
5    0.42165889  0.91642654  0.77856038  0.81700183  0.79502894  0.00000000  0.88573955  0.85052570
6    0.89627646  0.31453915  0.83501822  0.53787203  0.69452434  0.88573955  0.00000000  0.56333121
7    0.85488309  0.42293475  0.45820487  0.76701505  0.77145144  0.85052570  0.56333121  0.00000000

--------------------------------------------------------------------------------
n=7
(result of R-step: (0,4:5)0.94777303)
V=[0, 1, 2, 3, 4, 6, 7]
total successes of this branch: 1
Matrix on 7 elements:

0    0.00000000  0.72683852  0.57642683  0.62800569  0.41691887  0.69633422  0.65494085
1    0.72683852  0.00000000  0.84147398  0.71798455  0.52858428  0.31453915  0.42293475
2    0.57642683  0.84147398  0.00000000  0.82055755  0.61838426  0.83501822  0.45820487
3    0.62800569  0.71798455  0.82055755  0.00000000  0.41841849  0.53787203  0.76701505
4    0.41691887  0.52858428  0.61838426  0.41841849  0.00000000  0.49458210  0.57150920
6    0.69633422  0.31453915  0.83501822  0.53787203  0.49458210  0.00000000  0.56333121
7    0.65494085  0.42293475  0.45820487  0.76701505  0.57150920  0.56333121  0.00000000

--------------------------------------------------------------------------------
n=6
(result of R-step: (1,2:7)0.52199411)
V=[0, 1, 2, 3, 4, 6]
total successes of this branch: 1
Matrix on 6 elements:

0    0.00000000  0.70700570  0.55659401  0.62800569  0.41691887  0.69633422
1    0.70700570  0.00000000  0.80180835  0.69815173  0.50875146  0.29470634
2    0.55659401  0.80180835  0.00000000  0.80072473  0.59855145  0.81518540
3    0.62800569  0.69815173  0.80072473  0.00000000  0.41841849  0.53787203
4    0.41691887  0.50875146  0.59855145  0.41841849  0.00000000  0.49458210
6    0.69633422  0.29470634  0.81518540  0.53787203  0.49458210  0.00000000

--------------------------------------------------------------------------------
n=5
(result of R-step: (1,3:6)0.69135451)
V=[0, 1, 2, 3, 4]
total successes of this branch: 1
Matrix on 5 elements:

0    0.00000000  0.65962521  0.55659401  0.56079238  0.41691887
1    0.65962521  0.00000000  0.75442785  0.58355792  0.46137096
2    0.55659401  0.75442785  0.00000000  0.73351141  0.59855145
3    0.56079238  0.58355792  0.73351141  0.00000000  0.35120517
4    0.41691887  0.46137096  0.59855145  0.35120517  0.00000000

--------------------------------------------------------------------------------
n=4
(result of R-step: (0,1:2)0.58898300)
V=[0, 1, 3, 4]
total successes of this branch: 1
Matrix on 4 elements:

0    0.00000000  0.30954888  0.45712654  0.31325304
1    0.30954888  0.00000000  0.33714743  0.21496047
3    0.45712654  0.33714743  0.00000000  0.35120517
4    0.31325304  0.21496047  0.35120517  0.00000000
