n=8
V=[0, 1, 2, 3, 4, 5, 6, 7]
total successes of this branch: 1
Matrix on 8 elements:

0    0.00000000  1.16649399  1.14721420  0.73058966  1.12135325  0.98416986  0.95516087  1.11836463
1    1.16649399  0.00000000  1.12992170  1.00619804  0.55317615  0.71221624  0.74584709  0.55664093
2    1.14721420  1.12992170  0.00000000  1.14256489  1.13123098  1.13520992  1.13605131  1.13131767
3    0.73058966  1.00619804  1.14256489  0.00000000  0.95386527  0.73348438  0.68138491  0.94906414
4    1.12135325  0.55317615  1.13123098  0.95386527  0.00000000  0.54649647  0.59309853  0.18864947
5    0.98416986  0.71221624  1.13520992  0.73348438  0.54649647  0.00000000  0.33015979  0.53852695
6    0.95516087  0.74584709  1.13605131  0.68138491  0.59309853  0.33015979  0.00000000  0.58737026
7    1.11836463  0.55664093  1.13131767  0.94906414  0.18864947  0.53852695  0.58737026  0.00000000

--------------------------------------------------------------------------------
n=7
(result of R-step: (0,1:2)0.52346004)
V=[0, 1, 3, 4, 5, 6, 7]
total successes of this branch: 1
Matrix on 7 elements:

0    0.00000000  0.61930049  0.43381784  0.82458143  0.68739805  0.65838905  0.82159281
1    0.61930049  0.00000000  0.75577636  0.30275446  0.46179456  0.49542540  0.30621924
3    0.43381784  0.75577636  0.00000000  0.95386527  0.73348438  0.68138491  0.94906414
4    0.82458143  0.30275446  0.95386527  0.00000000  0.54649647  0.59309853  0.18864947
5    0.68739805  0.46179456  0.73348438  0.54649647  0.00000000  0.33015979  0.53852695
6    0.65838905  0.49542540  0.68138491  0.59309853  0.33015979  0.00000000  0.58737026
7    0.82159281  0.30621924  0.94906414  0.18864947  0.53852695  0.58737026  0.00000000

--------------------------------------------------------------------------------
n=6
(result of R-step: (4,5:7)0.97821443)
V=[0, 1, 3, 4, 5, 6]
total successes of this branch: 1
Matrix on 6 elements:

0    0.00000000  0.61930049  0.43381784  0.73424146  0.59705807  0.65838905
1    0.61930049  0.00000000  0.75577636  0.21241449  0.37145458  0.49542540
3    0.43381784  0.75577636  0.00000000  0.86352529  0.64314441  0.68138491
4    0.73424146  0.21241449  0.86352529  0.00000000  0.36581653  0.50275856
5    0.59705807  0.37145458  0.64314441  0.36581653  0.00000000  0.23981981
6    0.65838905  0.49542540  0.68138491  0.50275856  0.23981981  0.00000000

--------------------------------------------------------------------------------
n=5
(result of R-step: (0,4:1)0.17155180)
V=[0, 3, 4, 5, 6]
total successes of this branch: 1
Matrix on 5 elements:

0    0.00000000  0.30251254  0.53021834  0.46575277  0.52708375
3    0.30251254  0.00000000  0.79080747  0.64314441  0.68138491
4    0.53021834  0.79080747  0.00000000  0.29309871  0.43004074
5    0.46575277  0.64314441  0.29309871  0.00000000  0.23981981
6    0.52708375  0.68138491  0.43004074  0.23981981  0.00000000

--------------------------------------------------------------------------------
n=4
(result of R-step: (0,4:6)0.08494403)
V=[0, 3, 4, 5]
total successes of this branch: 0
reason of abort: negative delta/dxy

--------------------------------------------------------------------------------
n=4
(result of R-step: (0,5:6)0.17083733)
V=[0, 3, 4, 5]
total successes of this branch: 0
Matrix on 4 elements:

0    0.00000000  0.17237179  0.40007759  0.29712820
3    0.17237179  0.00000000  0.79080747  0.60466058
4    0.40007759  0.79080747  0.00000000  0.25461488
5    0.29712820  0.60466058  0.25461488  0.00000000
reason of abort: no pseudometric

--------------------------------------------------------------------------------
n=4
(result of R-step: (3,5:6)0.11439771)
V=[0, 3, 4, 5]
total successes of this branch: 1
Matrix on 4 elements:

0    0.00000000  0.16348238  0.53021834  0.41706259
3    0.16348238  0.00000000  0.65177731  0.45542406
4    0.53021834  0.65177731  0.00000000  0.24440852
5    0.41706259  0.45542406  0.24440852  0.00000000
