n=8
V=[0, 1, 2, 3, 4, 5, 6, 7]
total successes of this branch: 1
Matrix on 8 elements:

0    0.00000000  1.44833588  1.44738558  1.44796241  1.35983809  1.21403504  1.44799296  1.44824209
1    1.44833588  0.00000000  1.44676618  1.37664377  1.34689119  1.44750710  1.33622107  0.86648617
2    1.44738558  1.44676618  0.00000000  1.40136499  1.44705477  1.18636023  1.40507818  1.43536454
3    1.44796241  1.37664377  1.40136499  0.00000000  1.40987247  1.42335946  0.92281806  1.25252268
4    1.35983809  1.34689119  1.44705477  1.40987247  0.00000000  1.40588760  1.40472147  1.36270774
5    1.21403504  1.44750710  1.18636023  1.42335946  1.40588760  0.00000000  1.42533440  1.44144288
6    1.44799296  1.33622107  1.40507818  0.92281806  1.40472147  1.42533440  0.00000000  1.15938397
7    1.44824209  0.86648617  1.43536454  1.25252268  1.36270774  1.44144288  1.15938397  0.00000000

--------------------------------------------------------------------------------
n=7
(result of R-step: (0,2:5)0.47201035)
V=[0, 1, 2, 3, 4, 6, 7]
total successes of this branch: 1
Matrix on 7 elements:

0    0.00000000  0.97183104  0.49437590  0.97145757  0.88333325  0.97148811  0.97173725
1    0.97183104  0.00000000  0.97026134  1.37664377  1.34689119  1.33622107  0.86648617
2    0.49437590  0.97026134  0.00000000  0.92486015  0.97054993  0.92857334  0.95885969
3    0.97145757  1.37664377  0.92486015  0.00000000  1.40987247  0.92281806  1.25252268
4    0.88333325  1.34689119  0.97054993  1.40987247  0.00000000  1.40472147  1.36270774
6    0.97148811  1.33622107  0.92857334  0.92281806  1.40472147  0.00000000  1.15938397
7    0.97173725  0.86648617  0.95885969  1.25252268  1.36270774  1.15938397  0.00000000

--------------------------------------------------------------------------------
n=6
(result of R-step: (1,6:7)0.72650053)
V=[0, 1, 2, 3, 4, 6]
total successes of this branch: 1
Matrix on 6 elements:

0    0.00000000  0.62700651  0.49437590  0.97145757  0.88333325  0.62666358
1    0.62700651  0.00000000  0.62543681  1.03181924  1.00206666  0.64657200
2    0.49437590  0.62543681  0.00000000  0.92486015  0.97054993  0.58374881
3    0.97145757  1.03181924  0.92486015  0.00000000  1.40987247  0.57799353
4    0.88333325  1.00206666  0.97054993  1.40987247  0.00000000  1.05989694
6    0.62666358  0.64657200  0.58374881  0.57799353  1.05989694  0.00000000

--------------------------------------------------------------------------------
n=5
(result of R-step: (2,4:0)0.58454796)
V=[1, 2, 3, 4, 6]
total successes of this branch: 1
Matrix on 5 elements:

1    0.00000000  0.41496572  1.03181924  0.43533191  0.64657200
2    0.41496572  0.00000000  0.71438906  0.19334410  0.37327772
3    1.03181924  0.71438906  0.00000000  0.84313773  0.57799353
4    0.43533191  0.19334410  0.84313773  0.00000000  0.49316220
6    0.64657200  0.37327772  0.57799353  0.49316220  0.00000000

--------------------------------------------------------------------------------
n=4
(result of R-step: (1,3:2)0.93428316)
V=[1, 3, 4, 6]
total successes of this branch: 0
Matrix on 4 elements:

1    0.00000000  0.55636712  0.10569666  0.31693674
3    0.55636712  0.00000000  0.69732087  0.43217667
4    0.10569666  0.69732087  0.00000000  0.49316220
6    0.31693674  0.43217667  0.49316220  0.00000000
reason of abort: no pseudometric

--------------------------------------------------------------------------------
n=4
(result of R-step: (1,6:2)0.85255257)
V=[1, 3, 4, 6]
total successes of this branch: 0
Matrix on 4 elements:

1    0.00000000  0.69744392  0.10095659  0.06615700
3    0.69744392  0.00000000  0.84313773  0.33195385
4    0.10095659  0.84313773  0.00000000  0.24712252
6    0.06615700  0.33195385  0.24712252  0.00000000
reason of abort: no pseudometric

--------------------------------------------------------------------------------
n=4
(result of R-step: (3,4:2)0.19450232)
V=[1, 3, 4, 6]
total successes of this branch: 1
Matrix on 4 elements:

1    0.00000000  0.59062156  0.33245377  0.64657200
3    0.59062156  0.00000000  0.29906190  0.13679585
4    0.33245377  0.29906190  0.00000000  0.39028405
6    0.64657200  0.13679585  0.39028405  0.00000000

--------------------------------------------------------------------------------
n=4
(result of R-step: (4,6:2)0.77248941)
V=[1, 3, 4, 6]
total successes of this branch: 0
Matrix on 4 elements:

1    0.00000000  1.03181924  0.33852151  0.51308218
3    1.03181924  0.00000000  0.74632732  0.44450370
4    0.33852151  0.74632732  0.00000000  0.26286196
6    0.51308218  0.44450370  0.26286196  0.00000000
reason of abort: no pseudometric
