n=8
V=[0, 1, 2, 3, 4, 5, 6, 7]
total successes of this branch: 1
Matrix on 8 elements:

0    0.00000000  2.16528502  2.12806747  2.13103219  1.25218031  1.12473526  2.12826167  2.13086699
1    2.16528502  0.00000000  2.01617562  1.97687271  2.13565242  2.14151310  2.01360117  1.97906277
2    2.12806747  2.01617562  0.00000000  1.56209048  1.91083017  1.95379498  0.26169528  1.48454984
3    2.13103219  1.97687271  1.56209048  0.00000000  2.01796606  2.04032808  1.47094041  0.23018402
4    1.25218031  2.13565242  1.91083017  2.01796606  0.00000000  0.73524177  1.91784787  2.01199616
5    1.12473526  2.14151310  1.95379498  2.04032808  0.73524177  0.00000000  1.95946314  2.03550622
6    2.12826167  2.01360117  0.26169528  1.47094041  1.91784787  1.95946314  0.00000000  1.39226463
7    2.13086699  1.97906277  1.48454984  0.23018402  2.01199616  2.03550622  1.39226463  0.00000000

--------------------------------------------------------------------------------
n=7
(result of R-step: (3,6:7)0.94037148)
V=[0, 1, 2, 3, 4, 5, 6]
total successes of this branch: 1
Matrix on 7 elements:

0    0.00000000  2.16528502  2.12806747  2.05527807  1.25218031  1.12473526  2.05250755
1    2.16528502  0.00000000  2.01617562  1.90111859  2.13565242  2.14151310  1.93784705
2    2.12806747  2.01617562  0.00000000  1.48633636  1.91083017  1.95379498  0.18594116
3    2.05527807  1.90111859  1.48633636  0.00000000  1.94221194  1.96457396  1.31943217
4    1.25218031  2.13565242  1.91083017  1.94221194  0.00000000  0.73524177  1.84209375
5    1.12473526  2.14151310  1.95379498  1.96457396  0.73524177  0.00000000  1.88370902
6    2.05250755  1.93784705  0.18594116  1.31943217  1.84209375  1.88370902  0.00000000

--------------------------------------------------------------------------------
n=6
(result of R-step: (2,3:6)0.93449723)
V=[0, 1, 2, 3, 4, 5]
total successes of this branch: 1
Matrix on 6 elements:

0    0.00000000  2.16528502  2.04279486  2.04575958  1.25218031  1.12473526
1    2.16528502  0.00000000  1.93090302  1.89160010  2.13565242  2.14151310
2    2.04279486  1.93090302  0.00000000  1.39154527  1.82555757  1.86852238
3    2.04575958  1.89160010  1.39154527  0.00000000  1.93269345  1.95505547
4    1.25218031  2.13565242  1.82555757  1.93269345  0.00000000  0.73524177
5    1.12473526  2.14151310  1.86852238  1.95505547  0.73524177  0.00000000

--------------------------------------------------------------------------------
n=5
(result of R-step: (1,2:3)0.55526947)
V=[0, 1, 2, 4, 5]
total successes of this branch: 1
Matrix on 5 elements:

0    0.00000000  1.17664890  1.61059596  1.25218031  1.12473526
1    1.17664890  0.00000000  0.51006800  1.14701630  1.15287699
2    1.61059596  0.51006800  0.00000000  1.39335867  1.43632348
4    1.25218031  1.14701630  1.39335867  0.00000000  0.73524177
5    1.12473526  1.15287699  1.43632348  0.73524177  0.00000000

--------------------------------------------------------------------------------
n=4
(result of R-step: (1,5:4)0.17421309)
V=[0, 1, 2, 5]
total successes of this branch: 0
Matrix on 4 elements:

0    0.00000000  0.95684751  1.61059596  0.87285763
1    0.95684751  0.00000000  0.29026661  0.68119796
2    1.61059596  0.29026661  0.00000000  1.18444585
5    0.87285763  0.68119796  1.18444585  0.00000000
reason of abort: no pseudometric

--------------------------------------------------------------------------------
n=4
(result of R-step: (2,5:4)0.11810872)
V=[0, 1, 2, 5]
total successes of this branch: 1
Matrix on 4 elements:

0    0.00000000  1.17664890  1.37091486  0.84378295
1    1.17664890  0.00000000  0.27038690  0.87192468
2    1.37091486  0.27038690  0.00000000  0.91569007
5    0.84378295  0.87192468  0.91569007  0.00000000
