n=8
V=[0, 1, 2, 3, 4, 5, 6, 7]
total successes of this branch: 1
Matrix on 8 elements:

0    0.00000000  1.99470616  1.95874302  1.64549100  1.89980633  1.97264795  1.96461655  1.96019575
1    1.99470616  0.00000000  1.83408100  1.83193334  1.85095130  1.59413341  1.73272569  1.80901233
2    1.95874302  1.83408100  0.00000000  1.91911008  1.45653294  1.45343784  1.13488597  0.70329895
3    1.64549100  1.83193334  1.91911008  0.00000000  1.89037214  1.88540373  1.90487231  1.91558859
4    1.89980633  1.85095130  1.45653294  1.89037214  0.00000000  1.60903237  1.52094962  1.47246541
5    1.97264795  1.59413341  1.45343784  1.88540373  1.60903237  0.00000000  1.22047446  1.39581796
6    1.96461655  1.73272569  1.13488597  1.90487231  1.52094962  1.22047446  0.00000000  0.99306153
7    1.96019575  1.80901233  0.70329895  1.91558859  1.47246541  1.39581796  0.99306153  0.00000000

--------------------------------------------------------------------------------
n=7
(result of R-step: (2,6:7)0.75266549)
V=[0, 1, 2, 3, 4, 5, 6]
total successes of this branch: 1
Matrix on 7 elements:

0    0.00000000  1.99470616  1.67800577  1.64549100  1.89980633  1.97264795  1.68387929
1    1.99470616  0.00000000  1.55334374  1.83193334  1.85095130  1.59413341  1.45198843
2    1.67800577  1.55334374  0.00000000  1.63837283  1.17579568  1.17270059  0.57341146
3    1.64549100  1.83193334  1.63837283  0.00000000  1.89037214  1.88540373  1.62413506
4    1.89980633  1.85095130  1.17579568  1.89037214  0.00000000  1.60903237  1.24021236
5    1.97264795  1.59413341  1.17270059  1.88540373  1.60903237  0.00000000  0.93973721
6    1.68387929  1.45198843  0.57341146  1.62413506  1.24021236  0.93973721  0.00000000

--------------------------------------------------------------------------------
n=6
(result of R-step: (2,5:6)0.57759395)
V=[0, 1, 2, 3, 4, 5]
total successes of this branch: 1
Matrix on 6 elements:

0    0.00000000  1.99470616  1.50778173  1.64549100  1.89980633  1.52168666
1    1.99470616  0.00000000  1.38311970  1.83193334  1.85095130  1.14317212
2    1.50778173  1.38311970  0.00000000  1.46814879  1.00557165  0.55151526
3    1.64549100  1.83193334  1.46814879  0.00000000  1.89037214  1.43444244
4    1.89980633  1.85095130  1.00557165  1.89037214  0.00000000  1.15807107
5    1.52168666  1.14317212  0.55151526  1.43444244  1.15807107  0.00000000

--------------------------------------------------------------------------------
n=5
(result of R-step: (3,4:0)0.74430827)
V=[1, 2, 3, 4, 5]
total successes of this branch: 1
Matrix on 5 elements:

1    0.00000000  1.38311970  1.15732818  1.19610684  1.14317212
2    1.38311970  0.00000000  0.79354363  0.35072719  0.55151526
3    1.15732818  0.79354363  0.00000000  0.56092253  0.75983728
4    1.19610684  0.35072719  0.56092253  0.00000000  0.50322662
5    1.14317212  0.55151526  0.75983728  0.50322662  0.00000000

--------------------------------------------------------------------------------
n=4
(result of R-step: (1,2:4)0.80892873)
V=[1, 2, 3, 5]
total successes of this branch: 0
reason of abort: negative delta/dxy

--------------------------------------------------------------------------------
n=4
(result of R-step: (2,3:4)0.68044255)
V=[1, 2, 3, 5]
total successes of this branch: 1
Matrix on 4 elements:

1    0.00000000  1.22733587  0.94481370  1.14317212
2    1.22733587  0.00000000  0.42524531  0.39573142
3    0.94481370  0.42524531  0.00000000  0.54732280
5    1.14317212  0.39573142  0.54732280  0.00000000
