n=8
V=[0, 1, 2, 3, 4, 5, 6, 7]
total successes of this branch: 1
Matrix on 8 elements:

0    0.00000000  1.88725005  1.68262340  1.83726291  1.87268805  1.20237106  1.87423156  1.74782708
1    1.88725005  0.00000000  1.74816683  1.40293975  1.26200041  1.63149841  1.21507229  1.60260198
2    1.68262340  1.74816683  0.00000000  1.63657235  1.71565769  1.70044425  1.71910353  0.74388859
3    1.83726291  1.40293975  1.63657235  0.00000000  1.34500464  1.71917313  1.35114553  0.98575626
4    1.87268805  1.26200041  1.71565769  1.34500464  0.00000000  1.70664586  0.86619363  1.55937198
5    1.20237106  1.63149841  1.70044425  1.71917313  1.70664586  0.00000000  1.69868053  1.70834128
6    1.87423156  1.21507229  1.71910353  1.35114553  0.86619363  1.69868053  0.00000000  1.56395418
7    1.74782708  1.60260198  0.74388859  0.98575626  1.55937198  1.70834128  1.56395418  0.00000000

--------------------------------------------------------------------------------
n=7
(result of R-step: (1,4:6)0.10599597)
V=[0, 1, 2, 3, 4, 5, 7]
total successes of this branch: 1
Matrix on 7 elements:

0    0.00000000  1.47761729  1.68262340  1.83726291  1.46305529  1.20237106  1.74782708
1    1.47761729  0.00000000  1.33853408  0.99330700  0.44273489  1.22186565  1.19296922
2    1.68262340  1.33853408  0.00000000  1.63657235  1.30602493  1.70044425  0.74388859
3    1.83726291  0.99330700  1.63657235  0.00000000  0.93537188  1.71917313  0.98575626
4    1.46305529  0.44273489  1.30602493  0.93537188  0.00000000  1.29701310  1.14973922
5    1.20237106  1.22186565  1.70044425  1.71917313  1.29701310  0.00000000  1.70834128
7    1.74782708  1.19296922  0.74388859  0.98575626  1.14973922  1.70834128  0.00000000

--------------------------------------------------------------------------------
n=6
(result of R-step: (0,1:5)0.72810620)
V=[0, 1, 2, 3, 4, 7]
total successes of this branch: 1
Matrix on 6 elements:

0    0.00000000  0.94063063  1.20931368  1.36395319  0.98974557  1.27451737
1    0.94063063  0.00000000  1.27485712  0.92963004  0.37905794  1.12929226
2    1.20931368  1.27485712  0.00000000  1.63657235  1.30602493  0.74388859
3    1.36395319  0.92963004  1.63657235  0.00000000  0.93537188  0.98575626
4    0.98974557  0.37905794  1.30602493  0.93537188  0.00000000  1.14973922
7    1.27451737  1.12929226  0.74388859  0.98575626  1.14973922  0.00000000

--------------------------------------------------------------------------------
n=5
(result of R-step: (2,3:7)0.57835040)
V=[0, 1, 2, 3, 4]
total successes of this branch: 1
Matrix on 5 elements:

0    0.00000000  0.94063063  1.16277743  1.31741694  0.98974557
1    0.94063063  0.00000000  1.22832087  0.88309379  0.37905794
2    1.16277743  1.22832087  0.00000000  1.54349985  1.25948868
3    1.31741694  0.88309379  1.54349985  0.00000000  0.88883563
4    0.98974557  0.37905794  1.25948868  0.88883563  0.00000000

--------------------------------------------------------------------------------
n=4
(result of R-step: (0,3:2)0.58621500)
V=[0, 1, 3, 4]
total successes of this branch: 1
Matrix on 4 elements:

0    0.00000000  0.67950464  0.50079456  0.72861959
1    0.67950464  0.00000000  0.32759739  0.37905794
3    0.50079456  0.32759739  0.00000000  0.33333923
4    0.72861959  0.37905794  0.33333923  0.00000000
