n=8
V=[0, 1, 2, 3, 4, 5, 6, 7]
total successes of this branch: 1
Matrix on 8 elements:

0    0.00000000  4.95194590  3.98561081  3.98786994  4.33820882  3.50617482  1.73100809  3.98766804
1    4.95194590  0.00000000  4.54993821  4.15219507  3.94930875  4.67477680  4.78473831  4.54643383
2    3.98561081  4.54993821  0.00000000  4.24148701  3.50447410  2.92115758  4.03910803  0.71168575
3    3.98786994  4.15219507  4.24148701  0.00000000  4.20890602  4.16272932  3.39128709  4.24129692
4    4.33820882  3.94930875  3.50447410  4.20890602  0.00000000  3.76338026  4.31117489  3.48808395
5    3.50617482  4.67477680  2.92115758  4.16272932  3.76338026  0.00000000  3.64344370  2.92607153
6    1.73100809  4.78473831  4.03910803  3.39128709  4.31117489  3.64344370  0.00000000  4.04069540
7    3.98766804  4.54643383  0.71168575  4.24129692  3.48808395  2.92607153  4.04069540  0.00000000

--------------------------------------------------------------------------------
n=7
(result of R-step: (0,3:6)0.79092538)
V=[0, 1, 2, 3, 4, 5, 7]
total successes of this branch: 1
Matrix on 7 elements:

0    0.00000000  4.38473329  3.41839819  2.85344471  3.77099621  2.93896221  3.42045542
1    4.38473329  0.00000000  4.54993821  3.58498246  3.94930875  4.67477680  4.54643383
2    3.41839819  4.54993821  0.00000000  3.67427440  3.50447410  2.92115758  0.71168575
3    2.85344471  3.58498246  3.67427440  0.00000000  3.64169340  3.59551670  3.67408430
4    3.77099621  3.94930875  3.50447410  3.64169340  0.00000000  3.76338026  3.48808395
5    2.93896221  4.67477680  2.92115758  3.59551670  3.76338026  0.00000000  2.92607153
7    3.42045542  4.54643383  0.71168575  3.67408430  3.48808395  2.92607153  0.00000000

--------------------------------------------------------------------------------
n=6
(result of R-step: (2,4:7)0.99416550)
V=[0, 1, 2, 3, 4, 5]
total successes of this branch: 1
Matrix on 6 elements:

0    0.00000000  4.38473329  3.07075039  2.85344471  3.42334841  2.93896221
1    4.38473329  0.00000000  4.20229041  3.58498246  3.60166095  4.67477680
2    3.07075039  4.20229041  0.00000000  3.32662660  2.80917850  2.57350978
3    2.85344471  3.58498246  3.32662660  0.00000000  3.29404560  3.59551670
4    3.42334841  3.60166095  2.80917850  3.29404560  0.00000000  3.41573246
5    2.93896221  4.67477680  2.57350978  3.59551670  3.41573246  0.00000000

--------------------------------------------------------------------------------
n=5
(result of R-step: (0,2:5)0.31053782)
V=[0, 1, 2, 3, 4]
total successes of this branch: 1
Matrix on 5 elements:

0    0.00000000  3.73108511  1.54388921  2.19979653  2.76970022
1    3.73108511  0.00000000  3.32907741  3.58498246  3.60166095
2    1.54388921  3.32907741  0.00000000  2.45341360  1.93596550
3    2.19979653  3.58498246  2.45341360  0.00000000  3.29404560
4    2.76970022  3.60166095  1.93596550  3.29404560  0.00000000

--------------------------------------------------------------------------------
n=4
(result of R-step: (0,1:3)0.59592120)
V=[0, 1, 2, 4]
total successes of this branch: 1
Matrix on 4 elements:

0    0.00000000  1.85630784  1.12103427  2.34684528
1    1.85630784  0.00000000  1.87715509  2.14973862
2    1.12103427  1.87715509  0.00000000  1.93596550
4    2.34684528  2.14973862  1.93596550  0.00000000

--------------------------------------------------------------------------------
n=4
(result of R-step: (2,4:3)0.58037061)
V=[0, 1, 2, 4]
total successes of this branch: 0
reason of abort: negative delta/dxy
