n=8
V=[0, 1, 2, 3, 4, 5, 6, 7]
total successes of this branch: 1
Matrix on 8 elements:

0    0.00000000  1.74808847  1.56172748  0.77833254  0.76900148  1.08979851  1.18328568  1.62684230
1    1.74808847  0.00000000  1.54026707  1.73877190  1.73914121  1.65984938  1.63616062  1.06892696
2    1.56172748  1.54026707  0.00000000  1.52495982  1.52641729  1.11170843  0.97844325  0.66261459
3    0.77833254  1.73877190  1.52495982  0.00000000  0.55226778  0.89880699  1.02284526  1.59966609
4    0.76900148  1.73914121  1.52641729  0.55226778  0.00000000  0.93957488  1.05582592  1.60074335
5    1.08979851  1.65984938  1.11170843  0.89880699  0.93957488  0.00000000  0.57224280  1.30322973
6    1.18328568  1.63616062  0.97844325  1.02284526  1.05582592  0.57224280  0.00000000  1.20825072
7    1.62684230  1.06892696  0.66261459  1.59966609  1.60074335  1.30322973  1.20825072  0.00000000

--------------------------------------------------------------------------------
n=7
(result of R-step: (1,2:7)0.34940155)
V=[0, 1, 2, 3, 4, 5, 6]
total successes of this branch: 1
Matrix on 7 elements:

0    0.00000000  1.65245123  1.46609023  0.77833254  0.76900148  1.08979851  1.18328568
1    1.65245123  0.00000000  1.34899258  1.64313466  1.64350396  1.56421214  1.54052338
2    1.46609023  1.34899258  0.00000000  1.42932258  1.43078004  1.01607119  0.88280601
3    0.77833254  1.64313466  1.42932258  0.00000000  0.55226778  0.89880699  1.02284526
4    0.76900148  1.64350396  1.43078004  0.55226778  0.00000000  0.93957488  1.05582592
5    1.08979851  1.56421214  1.01607119  0.89880699  0.93957488  0.00000000  0.57224280
6    1.18328568  1.54052338  0.88280601  1.02284526  1.05582592  0.57224280  0.00000000

--------------------------------------------------------------------------------
n=6
(result of R-step: (2,5:6)0.19809584)
V=[0, 1, 2, 3, 4, 5]
total successes of this branch: 1
Matrix on 6 elements:

0    0.00000000  1.65245123  1.34223866  0.77833254  0.76900148  0.87030970
1    1.65245123  0.00000000  1.22514101  1.64313466  1.64350396  1.34472333
2    1.34223866  1.22514101  0.00000000  1.30547101  1.30692847  0.67273081
3    0.77833254  1.64313466  1.30547101  0.00000000  0.55226778  0.67931818
4    0.76900148  1.64350396  1.30692847  0.55226778  0.00000000  0.72008607
5    0.87030970  1.34472333  0.67273081  0.67931818  0.72008607  0.00000000

--------------------------------------------------------------------------------
n=5
(result of R-step: (2,3:5)0.39758487)
V=[0, 1, 2, 3, 4]
total successes of this branch: 1
Matrix on 5 elements:

0    0.00000000  1.65245123  1.31894968  0.53555474  0.76900148
1    1.65245123  0.00000000  1.20185202  1.40035686  1.64350396
2    1.31894968  1.20185202  0.00000000  1.03940422  1.28363949
3    0.53555474  1.40035686  1.03940422  0.00000000  0.30948998
4    0.76900148  1.64350396  1.28363949  0.30948998  0.00000000

--------------------------------------------------------------------------------
n=4
(result of R-step: (0,3:4)0.03963987)
V=[0, 1, 2, 3]
total successes of this branch: 1
Matrix on 4 elements:

0    0.00000000  1.38098287  1.04748132  0.23539582
1    1.38098287  0.00000000  1.20185202  1.37166630
2    1.04748132  1.20185202  0.00000000  1.01071366
3    0.23539582  1.37166630  1.01071366  0.00000000
