n=8
V=[0, 1, 2, 3, 4, 5, 6, 7]
total successes of this branch: 1
Matrix on 8 elements:

0    0.00000000  1.08984064  1.04951503  0.94079811  0.86548865  0.93568055  0.42009983  0.93121648
1    1.08984064  0.00000000  0.96194795  1.00698896  1.01106707  0.99233191  1.08738756  0.99352343
2    1.04951503  0.96194795  0.00000000  1.01822887  0.75438727  0.66573018  1.04858871  0.67136860
3    0.94079811  1.00698896  1.01822887  0.00000000  0.98849042  0.99983335  0.92491085  0.99911196
4    0.86548865  1.01106707  0.75438727  0.98849042  0.00000000  0.61060668  0.86913049  0.58965264
5    0.93568055  0.99233191  0.66573018  0.99983335  0.61060668  0.00000000  0.93757999  0.30208492
6    0.42009983  1.08738756  1.04858871  0.92491085  0.86913049  0.93757999  0.00000000  0.93322673
7    0.93121648  0.99352343  0.67136860  0.99911196  0.58965264  0.30208492  0.93322673  0.00000000

--------------------------------------------------------------------------------
n=7
(result of R-step: (0,3:6)0.97039195)
V=[0, 1, 2, 3, 4, 5, 7]
total successes of this branch: 1
Matrix on 7 elements:

0    0.00000000  0.88773435  0.84740874  0.53658552  0.66338235  0.73357426  0.72911019
1    0.88773435  0.00000000  0.96194795  0.80488267  1.01106707  0.99233191  0.99352343
2    0.84740874  0.96194795  0.00000000  0.81612258  0.75438727  0.66573018  0.67136860
3    0.53658552  0.80488267  0.81612258  0.00000000  0.78638412  0.79772706  0.79700567
4    0.66338235  1.01106707  0.75438727  0.78638412  0.00000000  0.61060668  0.58965264
5    0.73357426  0.99233191  0.66573018  0.79772706  0.61060668  0.00000000  0.30208492
7    0.72911019  0.99352343  0.67136860  0.79700567  0.58965264  0.30208492  0.00000000

--------------------------------------------------------------------------------
n=6
(result of R-step: (0,1:3)0.33823329)
V=[0, 1, 2, 4, 5, 7]
total successes of this branch: 1
Matrix on 6 elements:

0    0.00000000  0.34248392  0.76433459  0.58030821  0.65050011  0.64603604
1    0.34248392  0.00000000  0.49977167  0.54889079  0.53015562  0.53134714
2    0.76433459  0.49977167  0.00000000  0.75438727  0.66573018  0.67136860
4    0.58030821  0.54889079  0.75438727  0.00000000  0.61060668  0.58965264
5    0.65050011  0.53015562  0.66573018  0.61060668  0.00000000  0.30208492
7    0.64603604  0.53134714  0.67136860  0.58965264  0.30208492  0.00000000

--------------------------------------------------------------------------------
n=5
(result of R-step: (0,2:1)0.44017858)
V=[0, 2, 4, 5, 7]
total successes of this branch: 1
Matrix on 5 elements:

0    0.00000000  0.45398932  0.53093774  0.60112964  0.59666557
2    0.45398932  0.00000000  0.49341247  0.40475538  0.41039381
4    0.53093774  0.49341247  0.00000000  0.61060668  0.58965264
5    0.60112964  0.40475538  0.61060668  0.00000000  0.30208492
7    0.59666557  0.41039381  0.58965264  0.30208492  0.00000000

--------------------------------------------------------------------------------
n=4
(result of R-step: (0,5:2)0.60254734)
V=[0, 4, 5, 7]
total successes of this branch: 1
Matrix on 4 elements:

0    0.00000000  0.29505698  0.22468344  0.36078481
4    0.29505698  0.00000000  0.47004124  0.58965264
5    0.22468344  0.47004124  0.00000000  0.16151948
7    0.36078481  0.58965264  0.16151948  0.00000000

--------------------------------------------------------------------------------
n=4
(result of R-step: (0,7:2)0.55598960)
V=[0, 4, 5, 7]
total successes of this branch: 0
Matrix on 4 elements:

0    0.00000000  0.30372224  0.37391415  0.20926323
4    0.30372224  0.00000000  0.61060668  0.42946580
5    0.37391415  0.61060668  0.00000000  0.14189808
7    0.20926323  0.42946580  0.14189808  0.00000000
reason of abort: no pseudometric

--------------------------------------------------------------------------------
n=4
(result of R-step: (4,5:2)0.71402468)
V=[0, 4, 5, 7]
total successes of this branch: 0
Matrix on 4 elements:

0    0.00000000  0.23976041  0.48610449  0.59666557
4    0.23976041  0.00000000  0.20440420  0.29847531
5    0.48610449  0.20440420  0.00000000  0.18705977
7    0.59666557  0.29847531  0.18705977  0.00000000
reason of abort: no pseudometric

--------------------------------------------------------------------------------
n=4
(result of R-step: (4,7:2)0.65556974)
V=[0, 4, 5, 7]
total successes of this branch: 0
Matrix on 4 elements:

0    0.00000000  0.23355875  0.60112964  0.41749658
4    0.23355875  0.00000000  0.31322770  0.11310467
5    0.60112964  0.31322770  0.00000000  0.12291593
7    0.41749658  0.11310467  0.12291593  0.00000000
reason of abort: no pseudometric
