n=8
V=[0, 1, 2, 3, 4, 5, 6, 7]
total successes of this branch: 1
Matrix on 8 elements:

0    0.00000000  1.32387699  1.31342609  0.97736347  0.92679598  1.32131308  1.32059302  1.32140116
1    1.32387699  0.00000000  1.19897911  1.15965858  1.20600242  0.50645344  0.56967939  0.48972278
2    1.31342609  1.19897911  0.00000000  1.27662733  1.28701225  0.97385176  0.89814364  0.98158541
3    0.97736347  1.15965858  1.27662733  0.00000000  0.84874615  1.18835446  1.19641357  1.18736869
4    0.92679598  1.20600242  1.28701225  0.84874615  0.00000000  1.22587652  1.23145807  1.22519380
5    1.32131308  0.50645344  0.97385176  1.18835446  1.22587652  0.00000000  0.22031466  0.03615238
6    1.32059302  0.56967939  0.89814364  1.19641357  1.23145807  0.22031466  0.00000000  0.23231615
7    1.32140116  0.48972278  0.98158541  1.18736869  1.22519380  0.03615238  0.23231615  0.00000000

--------------------------------------------------------------------------------
n=7
(result of R-step: (1,5:7)0.03435230)
V=[0, 1, 2, 3, 4, 5, 6]
total successes of this branch: 1
Matrix on 7 elements:

0    0.00000000  1.31416613  1.31342609  0.97736347  0.92679598  1.31160222  1.32059302
1    1.31416613  0.00000000  1.18926825  1.14994772  1.19629156  0.48703172  0.55996853
2    1.31342609  1.18926825  0.00000000  1.27662733  1.28701225  0.96414090  0.89814364
3    0.97736347  1.14994772  1.27662733  0.00000000  0.84874615  1.17864360  1.19641357
4    0.92679598  1.19629156  1.28701225  0.84874615  0.00000000  1.21616566  1.23145807
5    1.31160222  0.48703172  0.96414090  1.17864360  1.21616566  0.00000000  0.21060380
6    1.32059302  0.55996853  0.89814364  1.19641357  1.23145807  0.21060380  0.00000000

--------------------------------------------------------------------------------
n=6
(result of R-step: (2,5:6)0.09129763)
V=[0, 1, 2, 3, 4, 5]
total successes of this branch: 1
Matrix on 6 elements:

0    0.00000000  1.31416613  1.24112282  0.97736347  0.92679598  1.24900981
1    1.31416613  0.00000000  1.11696498  1.14994772  1.19629156  0.42443931
2    1.24112282  1.11696498  0.00000000  1.20432406  1.21470898  0.82924522
3    0.97736347  1.14994772  1.20432406  0.00000000  0.84874615  1.11605119
4    0.92679598  1.19629156  1.21470898  0.84874615  0.00000000  1.15357325
5    1.24900981  0.42443931  0.82924522  1.11605119  1.15357325  0.00000000

--------------------------------------------------------------------------------
n=5
(result of R-step: (1,2:5)0.75467051)
V=[0, 1, 2, 3, 4]
total successes of this branch: 1
Matrix on 5 elements:

0    0.00000000  1.18321395  1.17276304  0.97736347  0.92679598
1    1.18321395  0.00000000  0.91765302  1.01899553  1.06533938
2    1.17276304  0.91765302  0.00000000  1.13596428  1.14634921
3    0.97736347  1.01899553  1.13596428  0.00000000  0.84874615
4    0.92679598  1.06533938  1.14634921  0.84874615  0.00000000

--------------------------------------------------------------------------------
n=4
(result of R-step: (0,1:2)0.37104969)
V=[0, 1, 3, 4]
total successes of this branch: 1
Matrix on 4 elements:

0    0.00000000  0.50889975  0.57827413  0.52770665
1    0.50889975  0.00000000  0.74377067  0.79011451
3    0.57827413  0.74377067  0.00000000  0.84874615
4    0.52770665  0.79011451  0.84874615  0.00000000

--------------------------------------------------------------------------------
n=4
(result of R-step: (1,3:0)0.09485087)
V=[1, 2, 3, 4]
total successes of this branch: 0
reason of abort: negative delta/dxy

--------------------------------------------------------------------------------
n=4
(result of R-step: (1,4:0)0.25618402)
V=[1, 2, 3, 4]
total successes of this branch: 0
Matrix on 4 elements:

1    0.00000000  0.32082549  0.42216800  0.08611154
2    0.32082549  0.00000000  1.13596428  0.76394890
3    0.42216800  1.13596428  0.00000000  0.46634585
4    0.08611154  0.76394890  0.46634585  0.00000000
reason of abort: no pseudometric

--------------------------------------------------------------------------------
n=4
(result of R-step: (2,4:0)0.02470138)
V=[1, 2, 3, 4]
total successes of this branch: 0
reason of abort: negative delta/dxy
