n=8
V=[0, 1, 2, 3, 4, 5, 6, 7]
total successes of this branch: 1
Matrix on 8 elements:

0    0.00000000  1.94907571  1.92398789  1.51460064  1.84637857  0.66751337  1.92140883  1.88061073
1    1.94907571  0.00000000  1.88907472  1.94793947  1.90023397  1.72744653  1.88944556  1.89531181
2    1.92398789  1.88907472  0.00000000  1.91608567  0.94616688  1.91884032  0.21647357  0.61324811
3    1.51460064  1.94793947  1.91608567  0.00000000  1.68920277  1.57849172  1.90854606  1.78927700
4    1.84637857  1.90023397  0.94616688  1.68920277  0.00000000  1.85431896  0.92108471  0.47193727
5    0.66751337  1.72744653  1.91884032  1.57849172  1.85431896  0.00000000  1.91669619  1.88277825
6    1.92140883  1.88944556  0.21647357  1.90854606  0.92108471  1.91669619  0.00000000  0.54422179
7    1.88061073  1.89531181  0.61324811  1.78927700  0.47193727  1.88277825  0.54422179  0.00000000

--------------------------------------------------------------------------------
n=7
(result of R-step: (0,1:5)0.85256092)
V=[0, 1, 2, 3, 4, 6, 7]
total successes of this branch: 1
Matrix on 7 elements:

0    0.00000000  1.50319151  1.70104579  1.29165855  1.62343647  1.69846673  1.65766864
1    1.50319151  0.00000000  1.66613263  1.72499737  1.67729187  1.66650346  1.67236972
2    1.70104579  1.66613263  0.00000000  1.91608567  0.94616688  0.21647357  0.61324811
3    1.29165855  1.72499737  1.91608567  0.00000000  1.68920277  1.90854606  1.78927700
4    1.62343647  1.67729187  0.94616688  1.68920277  0.00000000  0.92108471  0.47193727
6    1.69846673  1.66650346  0.21647357  1.90854606  0.92108471  0.00000000  0.54422179
7    1.65766864  1.67236972  0.61324811  1.78927700  0.47193727  0.54422179  0.00000000

--------------------------------------------------------------------------------
n=6
(result of R-step: (1,3:0)0.62708887)
V=[1, 2, 3, 4, 6, 7]
total successes of this branch: 1
Matrix on 6 elements:

1    0.00000000  0.93400521  0.63322797  0.94516446  0.93437605  0.94024230
2    0.93400521  0.00000000  1.55644368  0.94616688  0.21647357  0.61324811
3    0.63322797  1.55644368  0.00000000  1.32956078  1.54890407  1.42963501
4    0.94516446  0.94616688  1.32956078  0.00000000  0.92108471  0.47193727
6    0.93437605  0.21647357  1.54890407  0.92108471  0.00000000  0.54422179
7    0.94024230  0.61324811  1.42963501  0.47193727  0.54422179  0.00000000

--------------------------------------------------------------------------------
n=5
(result of R-step: (2,3:1)0.24248980)
V=[2, 3, 4, 6, 7]
total successes of this branch: 1
Matrix on 5 elements:

2    0.00000000  1.09954264  0.85047118  0.12077787  0.51755241
3    1.09954264  0.00000000  0.96835544  1.18769873  1.06842967
4    0.85047118  0.96835544  0.00000000  0.92108471  0.47193727
6    0.12077787  1.18769873  0.92108471  0.00000000  0.54422179
7    0.51755241  1.06842967  0.47193727  0.54422179  0.00000000

--------------------------------------------------------------------------------
n=4
(result of R-step: (2,4:3)0.38996313)
V=[2, 4, 6, 7]
total successes of this branch: 1
Matrix on 4 elements:

2    0.00000000  0.80034442  0.11818829  0.51496283
4    0.80034442  0.00000000  0.87354753  0.42440009
6    0.11818829  0.87354753  0.00000000  0.54422179
7    0.51496283  0.42440009  0.54422179  0.00000000

--------------------------------------------------------------------------------
n=4
(result of R-step: (4,6:3)0.56679483)
V=[2, 4, 6, 7]
total successes of this branch: 0
Matrix on 4 elements:

2    0.00000000  0.84680282  0.00483477  0.51755241
4    0.84680282  0.00000000  0.80147325  0.46826891
6    0.00483477  0.80147325  0.00000000  0.42827869
7    0.51755241  0.46826891  0.42827869  0.00000000
reason of abort: no pseudometric
