n=8
V=[0, 1, 2, 3, 4, 5, 6, 7]
total successes of this branch: 1
Matrix on 8 elements:

0    0.00000000  1.41275738  1.09525731  1.08996322  1.21013335  1.17185543  1.24592717  1.36984248
1    1.41275738  0.00000000  1.30205699  1.15539124  0.96443364  1.02525957  0.87635532  0.54542453
2    1.09525731  1.30205699  0.00000000  1.18699615  1.22983112  1.21618685  1.24258992  1.28675986
3    1.08996322  1.15539124  1.18699615  0.00000000  0.83340941  0.75391586  0.89028795  1.08719687
4    1.21013335  0.96443364  1.22983112  0.83340941  0.00000000  0.66334001  0.55391235  0.85883237
5    1.17185543  1.02525957  1.21618685  0.75391586  0.66334001  0.00000000  0.72727361  0.94860655
6    1.24592717  0.87635532  1.24258992  0.89028795  0.55391235  0.72727361  0.00000000  0.76174589
7    1.36984248  0.54542453  1.28675986  1.08719687  0.85883237  0.94860655  0.76174589  0.00000000

--------------------------------------------------------------------------------
n=7
(result of R-step: (1,6:7)0.74276300)
V=[0, 1, 2, 3, 4, 5, 6]
total successes of this branch: 1
Matrix on 7 elements:

0    0.00000000  1.19734983  1.09525731  1.08996322  1.21013335  1.17185543  1.03051962
1    1.19734983  0.00000000  1.08664943  0.93998369  0.74902609  0.80985201  0.44554022
2    1.09525731  1.08664943  0.00000000  1.18699615  1.22983112  1.21618685  1.02718236
3    1.08996322  0.93998369  1.18699615  0.00000000  0.83340941  0.75391586  0.67488040
4    1.21013335  0.74902609  1.22983112  0.83340941  0.00000000  0.66334001  0.33850480
5    1.17185543  0.80985201  1.21618685  0.75391586  0.66334001  0.00000000  0.51186606
6    1.03051962  0.44554022  1.02718236  0.67488040  0.33850480  0.51186606  0.00000000

--------------------------------------------------------------------------------
n=6
(result of R-step: (1,4:6)0.17665140)
V=[0, 1, 2, 3, 4, 5]
total successes of this branch: 1
Matrix on 6 elements:

0    0.00000000  1.17984037  1.09525731  1.08996322  0.97721633  1.17185543
1    1.17984037  0.00000000  1.06913997  0.92247423  0.49859961  0.79234255
2    1.09525731  1.06913997  0.00000000  1.18699615  0.99691410  1.21618685
3    1.08996322  0.92247423  1.18699615  0.00000000  0.60049239  0.75391586
4    0.97721633  0.49859961  0.99691410  0.60049239  0.00000000  0.43042300
5    1.17185543  0.79234255  1.21618685  0.75391586  0.43042300  0.00000000

--------------------------------------------------------------------------------
n=5
(result of R-step: (0,1:2)0.75143594)
V=[0, 1, 3, 4, 5]
total successes of this branch: 1
Matrix on 5 elements:

0    0.00000000  0.65015871  0.64859045  0.53584356  0.73048266
1    0.65015871  0.00000000  0.83416534  0.41029072  0.70403367
3    0.64859045  0.83416534  0.00000000  0.60049239  0.75391586
4    0.53584356  0.41029072  0.60049239  0.00000000  0.43042300
5    0.73048266  0.70403367  0.75391586  0.43042300  0.00000000

--------------------------------------------------------------------------------
n=4
(result of R-step: (0,3:4)0.62514548)
V=[0, 1, 3, 5]
total successes of this branch: 0
reason of abort: negative delta/dxy

--------------------------------------------------------------------------------
n=4
(result of R-step: (1,5:4)0.25667776)
V=[0, 1, 3, 5]
total successes of this branch: 1
Matrix on 4 elements:

0    0.00000000  0.53135495  0.64859045  0.44545491
1    0.53135495  0.00000000  0.71536158  0.30020215
3    0.64859045  0.71536158  0.00000000  0.46888810
5    0.44545491  0.30020215  0.46888810  0.00000000
