n=8
V=[0, 1, 2, 3, 4, 5, 6, 7]
total successes of this branch: 1
Matrix on 8 elements:

0    0.00000000  1.67371127  1.65088445  1.66704197  1.40533926  1.48002890  0.36622410  1.06079869
1    1.67371127  0.00000000  1.61379163  1.39093380  1.00384121  0.78486509  1.57518447  1.19328213
2    1.65088445  1.61379163  0.00000000  1.52180317  1.62440155  1.62144874  1.64698925  1.63189098
3    1.66704197  1.39093380  1.52180317  0.00000000  1.46991097  1.44793112  1.63804727  1.52566011
4    1.40533926  1.00384121  1.62440155  1.46991097  0.00000000  0.43600060  1.22614630  0.41214629
5    1.48002890  0.78486509  1.62144874  1.44793112  0.43600060  0.00000000  1.32646962  0.73125441
6    0.36622410  1.57518447  1.64698925  1.63804727  1.22614630  1.32646962  0.00000000  0.82236529
7    1.06079869  1.19328213  1.63189098  1.52566011  0.41214629  0.73125441  0.82236529  0.00000000

--------------------------------------------------------------------------------
n=7
(result of R-step: (4,6:7)0.66842889)
V=[0, 1, 2, 3, 4, 5, 6]
total successes of this branch: 1
Matrix on 7 elements:

0    0.00000000  1.67371127  1.65088445  1.66704197  1.40115662  1.48002890  0.36204147
1    1.67371127  0.00000000  1.61379163  1.39093380  0.99965857  0.78486509  1.57100184
2    1.65088445  1.61379163  0.00000000  1.52180317  1.62021891  1.62144874  1.64280662
3    1.66704197  1.39093380  1.52180317  0.00000000  1.46572834  1.44793112  1.63386463
4    1.40115662  0.99965857  1.62021891  1.46572834  0.00000000  0.43181797  1.21778103
5    1.48002890  0.78486509  1.62144874  1.44793112  0.43181797  0.00000000  1.32228698
6    0.36204147  1.57100184  1.64280662  1.63386463  1.21778103  1.32228698  0.00000000

--------------------------------------------------------------------------------
n=6
(result of R-step: (0,4:6)0.85291655)
V=[0, 1, 2, 3, 4, 5]
total successes of this branch: 1
Matrix on 6 elements:

0    0.00000000  1.58019570  1.55736887  1.57352640  1.21830811  1.38651333
1    1.58019570  0.00000000  1.61379163  1.39093380  0.91032563  0.78486509
2    1.55736887  1.61379163  0.00000000  1.52180317  1.53088597  1.62144874
3    1.57352640  1.39093380  1.52180317  0.00000000  1.37639540  1.44793112
4    1.21830811  0.91032563  1.53088597  1.37639540  0.00000000  0.34248503
5    1.38651333  0.78486509  1.62144874  1.44793112  0.34248503  0.00000000

--------------------------------------------------------------------------------
n=5
(result of R-step: (1,4:5)0.27830639)
V=[0, 1, 2, 3, 4]
total successes of this branch: 1
Matrix on 5 elements:

0    0.00000000  1.47168345  1.55736887  1.57352640  1.20331144
1    1.47168345  0.00000000  1.50527938  1.28242156  0.78681672
2    1.55736887  1.50527938  0.00000000  1.52180317  1.51588931
3    1.57352640  1.28242156  1.52180317  0.00000000  1.36139873
4    1.20331144  0.78681672  1.51588931  1.36139873  0.00000000

--------------------------------------------------------------------------------
n=4
(result of R-step: (0,1:4)0.28603707)
V=[0, 1, 2, 3]
total successes of this branch: 1
Matrix on 4 elements:

0    0.00000000  0.93824208  1.28314985  1.29930738
1    0.93824208  0.00000000  1.24605703  1.02319921
2    1.28314985  1.24605703  0.00000000  1.52180317
3    1.29930738  1.02319921  1.52180317  0.00000000
