n=8
V=[0, 1, 2, 3, 4, 5, 6, 7]
total successes of this branch: 1
Matrix on 8 elements:

0    0.00000000  2.10544458  2.08432391  1.72517328  1.23246562  1.20445867  0.63713213  0.51240607
1    2.10544458  0.00000000  2.09713555  2.10061682  2.04134819  2.06743514  2.10457352  2.10499270
2    2.08432391  2.09713555  0.00000000  1.58626008  2.08520023  2.08484357  1.99445990  2.03770531
3    1.72517328  2.10061682  1.58626008  0.00000000  1.75085379  1.74040193  1.48564416  1.60091316
4    1.23246562  2.04134819  2.08520023  1.75085379  0.00000000  1.19165870  1.32599669  1.28098658
5    1.20445867  2.06743514  2.08484357  1.74040193  1.19165870  0.00000000  1.30115714  1.25462278
6    0.63713213  2.10457352  1.99445990  1.48564416  1.32599669  1.30115714  0.00000000  0.50267728
7    0.51240607  2.10499270  2.03770531  1.60091316  1.28098658  1.25462278  0.50267728  0.00000000

--------------------------------------------------------------------------------
n=7
(result of R-step: (0,6:7)0.48123166)
V=[0, 1, 2, 3, 4, 5, 6]
total successes of this branch: 1
Matrix on 7 elements:

0    0.00000000  1.91646897  1.89534830  1.53619767  1.04349002  1.01548306  0.25918092
1    1.91646897  0.00000000  2.09713555  2.10061682  2.04134819  2.06743514  1.91559791
2    1.89534830  2.09713555  0.00000000  1.58626008  2.08520023  2.08484357  1.80548429
3    1.53619767  2.10061682  1.58626008  0.00000000  1.75085379  1.74040193  1.29666856
4    1.04349002  2.04134819  2.08520023  1.75085379  0.00000000  1.19165870  1.13702108
5    1.01548306  2.06743514  2.08484357  1.74040193  1.19165870  0.00000000  1.11218154
6    0.25918092  1.91559791  1.80548429  1.29666856  1.13702108  1.11218154  0.00000000

--------------------------------------------------------------------------------
n=6
(result of R-step: (0,3:6)0.81957330)
V=[0, 1, 2, 3, 4, 5]
total successes of this branch: 1
Matrix on 6 elements:

0    0.00000000  1.90664307  1.88552240  1.32757026  1.03366411  1.00565716
1    1.90664307  0.00000000  2.09713555  1.90181531  2.04134819  2.06743514
2    1.88552240  2.09713555  0.00000000  1.38745857  2.08520023  2.08484357
3    1.32757026  1.90181531  1.38745857  0.00000000  1.55205228  1.54160043
4    1.03366411  2.04134819  2.08520023  1.55205228  0.00000000  1.19165870
5    1.00565716  2.06743514  2.08484357  1.54160043  1.19165870  0.00000000

--------------------------------------------------------------------------------
n=5
(result of R-step: (1,3:2)0.27628699)
V=[0, 1, 3, 4, 5]
total successes of this branch: 1
Matrix on 5 elements:

0    0.00000000  1.32245845  1.00696674  1.03366411  1.00565716
1    1.32245845  0.00000000  0.99702717  1.45716357  1.48325053
3    1.00696674  0.99702717  0.00000000  1.23144876  1.22099690
4    1.03366411  1.45716357  1.23144876  0.00000000  1.19165870
5    1.00565716  1.48325053  1.22099690  1.19165870  0.00000000

--------------------------------------------------------------------------------
n=4
(result of R-step: (0,3:4)0.90514207)
V=[0, 1, 3, 5]
total successes of this branch: 0
reason of abort: negative delta/dxy

--------------------------------------------------------------------------------
n=4
(result of R-step: (1,5:4)0.03246308)
V=[0, 1, 3, 5]
total successes of this branch: 1
Matrix on 4 elements:

0    0.00000000  1.25559296  1.00696674  0.42387822
1    1.25559296  0.00000000  0.93016168  0.83460609
3    1.00696674  0.93016168  0.00000000  0.63921796
5    0.42387822  0.83460609  0.63921796  0.00000000

--------------------------------------------------------------------------------
n=4
(result of R-step: (3,5:4)0.11095436)
V=[0, 1, 3, 5]
total successes of this branch: 0
Matrix on 4 elements:

0    0.00000000  1.32245845  0.47492302  0.42732795
1    1.32245845  0.00000000  0.46498345  0.90492132
3    0.47492302  0.46498345  0.00000000  0.11062397
5    0.42732795  0.90492132  0.11062397  0.00000000
reason of abort: no pseudometric
