n=8
V=[0, 1, 2, 3, 4, 5, 6, 7]
total successes of this branch: 1
Matrix on 8 elements:

0    0.00000000  2.77844435  2.33458437  2.63561592  2.77663680  2.56175185  2.68074756  1.93860064
1    2.77844435  0.00000000  2.63405315  2.02441366  1.72272450  2.17400082  1.92786252  2.67140269
2    2.33458437  2.63405315  0.00000000  2.34480156  2.63039255  2.06263945  2.43620072  1.19971747
3    2.63561592  2.02441366  2.34480156  0.00000000  2.02054672  1.47701763  1.32432301  2.42002624
4    2.77663680  1.72272450  2.63039255  2.02054672  0.00000000  2.17018451  1.69285910  2.66822141
5    2.56175185  2.17400082  2.06263945  1.47701763  2.17018451  0.00000000  1.69885540  2.19174440
6    2.68074756  1.92786252  2.43620072  1.32432301  1.69285910  1.69885540  0.00000000  2.49945742
7    1.93860064  2.67140269  1.19971747  2.42002624  2.66822141  2.19174440  2.49945742  0.00000000

--------------------------------------------------------------------------------
n=7
(result of R-step: (0,2:7)0.25866908)
V=[0, 1, 2, 3, 4, 5, 6]
total successes of this branch: 1
Matrix on 7 elements:

0    0.00000000  2.37657748  1.53085063  2.23374905  2.37476993  2.15988498  2.27888069
1    2.37657748  0.00000000  2.23218628  2.02441366  1.72272450  2.17400082  1.92786252
2    1.53085063  2.23218628  0.00000000  1.94293469  2.22852568  1.66077258  2.03433385
3    2.23374905  2.02441366  1.94293469  0.00000000  2.02054672  1.47701763  1.32432301
4    2.37476993  1.72272450  2.22852568  2.02054672  0.00000000  2.17018451  1.69285910
5    2.15988498  2.17400082  1.66077258  1.47701763  2.17018451  0.00000000  1.69885540
6    2.27888069  1.92786252  2.03433385  1.32432301  1.69285910  1.69885540  0.00000000

--------------------------------------------------------------------------------
n=6
(result of R-step: (3,4:6)0.67996484)
V=[0, 1, 2, 3, 4, 5]
total successes of this branch: 1
Matrix on 6 elements:

0    0.00000000  2.37657748  1.53085063  1.73543136  1.87645224  2.15988498
1    2.37657748  0.00000000  2.23218628  1.52609597  1.22440681  2.17400082
2    1.53085063  2.23218628  0.00000000  1.44461700  1.73020799  1.66077258
3    1.73543136  1.52609597  1.44461700  0.00000000  1.02391134  0.97869994
4    1.87645224  1.22440681  1.73020799  1.02391134  0.00000000  1.67186682
5    2.15988498  2.17400082  1.66077258  0.97869994  1.67186682  0.00000000

--------------------------------------------------------------------------------
n=5
(result of R-step: (0,4:1)0.00022653)
V=[0, 2, 3, 4, 5]
total successes of this branch: 0
reason of abort: negative delta/dxy

--------------------------------------------------------------------------------
n=5
(result of R-step: (2,3:5)0.24536987)
V=[0, 1, 2, 3, 4]
total successes of this branch: 1
Matrix on 5 elements:

0    0.00000000  2.37657748  1.33528974  1.63632129  1.87645224
1    2.37657748  0.00000000  2.03662539  1.42698590  1.22440681
2    1.33528974  2.03662539  0.00000000  1.14994604  1.53464710
3    1.63632129  1.42698590  1.14994604  0.00000000  0.92480127
4    1.87645224  1.22440681  1.53464710  0.92480127  0.00000000

--------------------------------------------------------------------------------
n=4
(result of R-step: (0,4:1)0.00022653)
V=[0, 2, 3, 4]
total successes of this branch: 0
reason of abort: negative delta/dxy

--------------------------------------------------------------------------------
n=4
(result of R-step: (1,2:0)0.24616890)
V=[1, 2, 3, 4]
total successes of this branch: 1
Matrix on 4 elements:

1    0.00000000  0.90143240  0.56755712  0.36497803
2    0.90143240  0.00000000  0.87418184  1.25888289
3    0.56755712  0.87418184  0.00000000  0.92480127
4    0.36497803  1.25888289  0.92480127  0.00000000

--------------------------------------------------------------------------------
n=4
(result of R-step: (2,4:0)0.75058817)
V=[1, 2, 3, 4]
total successes of this branch: 0
Matrix on 4 elements:

1    0.00000000  1.76350518  1.42698590  0.85947772
2    1.76350518  0.00000000  0.87682584  0.89659780
3    1.42698590  0.87682584  0.00000000  0.55987218
4    0.85947772  0.89659780  0.55987218  0.00000000
reason of abort: no pseudometric

--------------------------------------------------------------------------------
n=4
(result of R-step: (2,4:1)0.00268742)
V=[0, 2, 3, 4]
total successes of this branch: 0
Matrix on 4 elements:

0    0.00000000  0.49378393  1.63632129  1.51613241
2    0.49378393  0.00000000  0.30844023  0.33282145
3    1.63632129  0.30844023  0.00000000  0.56448144
4    1.51613241  0.33282145  0.56448144  0.00000000
reason of abort: no pseudometric
