n=8
V=[0, 1, 2, 3, 4, 5, 6, 7]
total successes of this branch: 1
Matrix on 8 elements:

0    0.00000000  3.27371701  3.26873891  3.27036807  3.26948169  3.26957840  2.65036815  2.13180788
1    3.27371701  0.00000000  3.25920336  3.19953862  3.23200039  3.22845865  1.98179274  2.49943736
2    3.26873891  3.25920336  0.00000000  3.13655576  3.08864509  3.09387239  3.26230682  3.26488401
3    3.27036807  3.19953862  3.13655576  0.00000000  3.09640661  3.05309368  3.22259093  3.24173414
4    3.26948169  3.23200039  3.08864509  3.09640661  0.00000000  2.74273579  3.24419913  3.25432928
5    3.26957840  3.22845865  3.09387239  3.05309368  2.74273579  0.00000000  3.24184157  3.25295509
6    2.65036815  1.98179274  3.26230682  3.22259093  3.24419913  3.24184157  0.00000000  1.87471890
7    2.13180788  2.49943736  3.26488401  3.24173414  3.25432928  3.25295509  1.87471890  0.00000000

--------------------------------------------------------------------------------
n=7
(result of R-step: (0,6:7)0.40067722)
V=[0, 1, 2, 3, 4, 5, 6]
total successes of this branch: 1
Matrix on 7 elements:

0    0.00000000  2.59563769  2.59065959  2.59228876  2.59140238  2.59149908  1.29420951
1    2.59563769  0.00000000  3.25920336  3.19953862  3.23200039  3.22845865  1.30371342
2    2.59065959  3.25920336  0.00000000  3.13655576  3.08864509  3.09387239  2.58422750
3    2.59228876  3.19953862  3.13655576  0.00000000  3.09640661  3.05309368  2.54451161
4    2.59140238  3.23200039  3.08864509  3.09640661  0.00000000  2.74273579  2.56611982
5    2.59149908  3.22845865  3.09387239  3.05309368  2.74273579  0.00000000  2.56376225
6    1.29420951  1.30371342  2.58422750  2.54451161  2.56611982  2.56376225  0.00000000

--------------------------------------------------------------------------------
n=6
(result of R-step: (0,1:6)0.32546212)
V=[0, 1, 2, 3, 4, 5]
total successes of this branch: 1
Matrix on 6 elements:

0    0.00000000  1.91527313  2.58951697  2.59114613  2.59025975  2.59035646
1    1.91527313  0.00000000  2.57998142  2.52031668  2.55277845  2.54923671
2    2.58951697  2.57998142  0.00000000  3.13655576  3.08864509  3.09387239
3    2.59114613  2.52031668  3.13655576  0.00000000  3.09640661  3.05309368
4    2.59025975  2.55277845  3.08864509  3.09640661  0.00000000  2.74273579
5    2.59035646  2.54923671  3.09387239  3.05309368  2.74273579  0.00000000

--------------------------------------------------------------------------------
n=5
(result of R-step: (1,2:0)0.58507979)
V=[1, 2, 3, 4, 5]
total successes of this branch: 1
Matrix on 5 elements:

1    0.00000000  0.17581305  1.64039628  1.67285804  1.66931630
2    0.17581305  0.00000000  1.61230779  1.56439713  1.56962442
3    1.64039628  1.61230779  0.00000000  3.09640661  3.05309368
4    1.67285804  1.56439713  3.09640661  0.00000000  2.74273579
5    1.66931630  1.56962442  3.05309368  2.74273579  0.00000000

--------------------------------------------------------------------------------
n=4
(result of R-step: (2,5:4)0.75442279)
V=[1, 2, 3, 5]
total successes of this branch: 1
Matrix on 4 elements:

1    0.00000000  0.14356422  1.64039628  0.79728765
2    0.14356422  0.00000000  1.58005896  0.66534694
3    1.64039628  1.58005896  0.00000000  2.18106503
5    0.79728765  0.66534694  2.18106503  0.00000000
