n=8
V=[0, 1, 2, 3, 4, 5, 6, 7]
total successes of this branch: 1
Matrix on 8 elements:

0    0.00000000  1.74102357  1.71953969  1.70180278  1.73527505  1.48079103  1.70252143  1.70217212
1    1.74102357  0.00000000  1.68378346  1.54389556  1.40956913  1.71447081  1.54101158  1.54241339
2    1.71953969  1.68378346  0.00000000  1.68971701  1.68465313  1.51295830  1.68960829  1.68966114
3    1.70180278  1.54389556  1.68971701  0.00000000  1.52082640  1.69619639  1.11772015  0.92967615
4    1.73527505  1.40956913  1.68465313  1.52082640  0.00000000  1.71179236  1.51198182  1.51628087
5    1.48079103  1.71447081  1.51295830  1.69619639  1.71179236  0.00000000  1.69653123  1.69636848
6    1.70252143  1.54101158  1.68960829  1.11772015  1.51198182  1.69653123  0.00000000  0.91889548
7    1.70217212  1.54241339  1.68966114  0.92967615  1.51628087  1.69636848  0.91889548  0.00000000

--------------------------------------------------------------------------------
n=7
(result of R-step: (0,2:5)0.53611620)
V=[0, 1, 2, 3, 4, 6, 7]
total successes of this branch: 1
Matrix on 7 elements:

0    0.00000000  1.10391875  0.44533006  1.06469796  1.09817023  1.06541661  1.06506730
1    1.10391875  0.00000000  1.04667864  1.54389556  1.40956913  1.54101158  1.54241339
2    0.44533006  1.04667864  0.00000000  1.05261220  1.04754831  1.05250347  1.05255632
3    1.06469796  1.54389556  1.05261220  0.00000000  1.52082640  1.11772015  0.92967615
4    1.09817023  1.40956913  1.04754831  1.52082640  0.00000000  1.51198182  1.51628087
6    1.06541661  1.54101158  1.05250347  1.11772015  1.51198182  0.00000000  0.91889548
7    1.06506730  1.54241339  1.05255632  0.92967615  1.51628087  0.91889548  0.00000000

--------------------------------------------------------------------------------
n=6
(result of R-step: (0,1:2)0.77034295)
V=[0, 1, 3, 4, 6, 7]
total successes of this branch: 1
Matrix on 6 elements:

0    0.00000000  0.20689965  0.86092884  0.89440112  0.86164749  0.86129818
1    0.20689965  0.00000000  0.85064558  0.71631915  0.84776159  0.84916340
3    0.86092884  0.85064558  0.00000000  1.52082640  1.11772015  0.92967615
4    0.89440112  0.71631915  1.52082640  0.00000000  1.51198182  1.51628087
6    0.86164749  0.84776159  1.11772015  1.51198182  0.00000000  0.91889548
7    0.86129818  0.84916340  0.92967615  1.51628087  0.91889548  0.00000000

--------------------------------------------------------------------------------
n=5
(result of R-step: (3,6:7)0.48606675)
V=[0, 1, 3, 4, 6]
total successes of this branch: 1
Matrix on 5 elements:

0    0.00000000  0.20689965  0.49550310  0.89440112  0.49622175
1    0.20689965  0.00000000  0.48521984  0.71631915  0.48233585
3    0.49550310  0.48521984  0.00000000  1.15540066  0.38686867
4    0.89440112  0.71631915  1.15540066  0.00000000  1.14655608
6    0.49622175  0.48233585  0.38686867  1.14655608  0.00000000

--------------------------------------------------------------------------------
n=4
(result of R-step: (1,3:6)0.06355234)
V=[0, 1, 3, 4]
total successes of this branch: 0
Matrix on 4 elements:

0    0.00000000  0.13693532  0.31558288  0.89440112
1    0.13693532  0.00000000  0.23533529  0.64635482
3    0.31558288  0.23533529  0.00000000  0.97548044
4    0.89440112  0.64635482  0.97548044  0.00000000
reason of abort: no pseudometric

--------------------------------------------------------------------------------
n=4
(result of R-step: (3,4:6)0.97853000)
V=[0, 1, 3, 4]
total successes of this branch: 1
Matrix on 4 elements:

0    0.00000000  0.20689965  0.30649106  0.33996333
1    0.20689965  0.00000000  0.29620780  0.16188137
3    0.30649106  0.29620780  0.00000000  0.41195083
4    0.33996333  0.16188137  0.41195083  0.00000000
