n=8
V=[0, 1, 2, 3, 4, 5, 6, 7]
total successes of this branch: 1
Matrix on 8 elements:

0    0.00000000  0.74298613  0.67963457  0.70115762  0.72306094  0.68685647  0.73822919  0.68402725
1    0.74298613  0.00000000  0.68473146  0.61034014  0.44022737  0.65977002  0.28587256  0.66954881
2    0.67963457  0.68473146  0.00000000  0.54015721  0.61586288  0.36965681  0.66828979  0.28002023
3    0.70115762  0.61034014  0.54015721  0.00000000  0.45559052  0.45405673  0.57339526  0.48778710
4    0.72306094  0.44022737  0.61586288  0.45559052  0.00000000  0.56208471  0.39181997  0.58315263
5    0.68685647  0.65977002  0.36965681  0.45405673  0.56208471  0.00000000  0.63644865  0.23048617
6    0.73822919  0.28587256  0.66828979  0.57339526  0.39181997  0.63644865  0.00000000  0.64892261
7    0.68402725  0.66954881  0.28002023  0.48778710  0.58315263  0.23048617  0.64892261  0.00000000

--------------------------------------------------------------------------------
n=7
(result of R-step: (2,5:7)0.39175591)
V=[0, 1, 2, 3, 4, 5, 6]
total successes of this branch: 1
Matrix on 7 elements:

0    0.00000000  0.74298613  0.60920978  0.70115762  0.72306094  0.61643167  0.73822919
1    0.74298613  0.00000000  0.61430667  0.61034014  0.44022737  0.58934522  0.28587256
2    0.60920978  0.61430667  0.00000000  0.46973242  0.54543809  0.22880721  0.59786500
3    0.70115762  0.61034014  0.46973242  0.00000000  0.45559052  0.38363193  0.57339526
4    0.72306094  0.44022737  0.54543809  0.45559052  0.00000000  0.49165991  0.39181997
5    0.61643167  0.58934522  0.22880721  0.38363193  0.49165991  0.00000000  0.56602386
6    0.73822919  0.28587256  0.59786500  0.57339526  0.39181997  0.56602386  0.00000000

--------------------------------------------------------------------------------
n=6
(result of R-step: (2,3:5)0.66445757)
V=[0, 1, 2, 3, 4, 6]
total successes of this branch: 1
Matrix on 6 elements:

0    0.00000000  0.74298613  0.53785641  0.55937946  0.72306094  0.73822919
1    0.74298613  0.00000000  0.54295330  0.46856198  0.44022737  0.28587256
2    0.53785641  0.54295330  0.00000000  0.25660089  0.47408472  0.52651163
3    0.55937946  0.46856198  0.25660089  0.00000000  0.31381236  0.43161710
4    0.72306094  0.44022737  0.47408472  0.31381236  0.00000000  0.39181997
6    0.73822919  0.28587256  0.52651163  0.43161710  0.39181997  0.00000000

--------------------------------------------------------------------------------
n=5
(result of R-step: (0,3:2)0.63698431)
V=[0, 1, 3, 4, 6]
total successes of this branch: 1
Matrix on 5 elements:

0    0.00000000  0.40137218  0.21680479  0.38144699  0.39661524
1    0.40137218  0.00000000  0.46760127  0.44022737  0.28587256
3    0.21680479  0.46760127  0.00000000  0.31285165  0.43065638
4    0.38144699  0.44022737  0.31285165  0.00000000  0.39181997
6    0.39661524  0.28587256  0.43065638  0.39181997  0.00000000

--------------------------------------------------------------------------------
n=4
(result of R-step: (0,1:4)0.72107552)
V=[0, 1, 3, 6]
total successes of this branch: 0
Matrix on 4 elements:

0    0.00000000  0.00903334  0.04802852  0.22783897
1    0.00903334  0.00000000  0.24403870  0.06230999
3    0.04802852  0.24403870  0.00000000  0.43065638
6    0.22783897  0.06230999  0.43065638  0.00000000
reason of abort: no pseudometric

--------------------------------------------------------------------------------
n=4
(result of R-step: (0,4:3)0.26259778)
V=[0, 1, 4, 6]
total successes of this branch: 0
reason of abort: negative delta/dxy

--------------------------------------------------------------------------------
n=4
(result of R-step: (0,6:4)0.82635054)
V=[0, 1, 3, 6]
total successes of this branch: 0
Matrix on 4 elements:

0    0.00000000  0.24788809  0.06332070  0.22825892
1    0.24788809  0.00000000  0.46760127  0.27100032
3    0.06332070  0.46760127  0.00000000  0.41578414
6    0.22825892  0.27100032  0.41578414  0.00000000
reason of abort: no pseudometric

--------------------------------------------------------------------------------
n=4
(result of R-step: (1,3:4)0.61781646)
V=[0, 1, 3, 6]
total successes of this branch: 0
reason of abort: negative delta/dxy

--------------------------------------------------------------------------------
n=4
(result of R-step: (3,6:4)0.46889270)
V=[0, 1, 3, 6]
total successes of this branch: 1
Matrix on 4 elements:

0    0.00000000  0.40137218  0.20082742  0.28294256
1    0.40137218  0.00000000  0.45162389  0.17219987
3    0.20082742  0.45162389  0.00000000  0.30100632
6    0.28294256  0.17219987  0.30100632  0.00000000
