n=8
V=[0, 1, 2, 3, 4, 5, 6, 7]
total successes of this branch: 1
Matrix on 8 elements:

0    0.00000000  1.77950489  1.65226480  1.73840925  1.71160762  1.30485543  1.39221572  1.69498931
1    1.77950489  0.00000000  1.77731971  1.64346144  1.63445177  1.77880044  1.77842809  1.67446038
2    1.65226480  1.77731971  0.00000000  1.74830741  1.61385693  1.48698526  1.34460763  1.34269624
3    1.73840925  1.64346144  1.74830741  0.00000000  1.69940886  1.74160020  1.74328681  1.71310237
4    1.71160762  1.63445177  1.61385693  1.69940886  0.00000000  1.68009497  1.66343861  0.91672188
5    1.30485543  1.77880044  1.48698526  1.74160020  1.68009497  0.00000000  1.06316374  1.62601669
6    1.39221572  1.77842809  1.34460763  1.74328681  1.66343861  1.06316374  0.00000000  1.57415347
7    1.69498931  1.67446038  1.34269624  1.71310237  0.91672188  1.62601669  1.57415347  0.00000000

--------------------------------------------------------------------------------
n=7
(result of R-step: (2,4:7)0.28003912)
V=[0, 1, 2, 3, 4, 5, 6]
total successes of this branch: 1
Matrix on 7 elements:

0    0.00000000  1.77950489  1.32948420  1.73840925  1.38882703  1.30485543  1.39221572
1    1.77950489  0.00000000  1.45453911  1.64346144  1.31167117  1.77880044  1.77842809
2    1.32948420  1.45453911  0.00000000  1.42552682  0.96829574  1.16420466  1.02182704
3    1.73840925  1.64346144  1.42552682  0.00000000  1.37662827  1.74160020  1.74328681
4    1.38882703  1.31167117  0.96829574  1.37662827  0.00000000  1.35731437  1.34065801
5    1.30485543  1.77880044  1.16420466  1.74160020  1.35731437  0.00000000  1.06316374
6    1.39221572  1.77842809  1.02182704  1.74328681  1.34065801  1.06316374  0.00000000

--------------------------------------------------------------------------------
n=6
(result of R-step: (2,5:6)0.25146210)
V=[0, 1, 2, 3, 4, 5]
total successes of this branch: 1
Matrix on 6 elements:

0    0.00000000  1.77950489  1.19187174  1.73840925  1.38882703  0.84446237
1    1.77950489  0.00000000  1.31692665  1.64346144  1.31167117  1.31840738
2    1.19187174  1.31692665  0.00000000  1.28791435  0.83068327  0.56619914
3    1.73840925  1.64346144  1.28791435  0.00000000  1.37662827  1.28120714
4    1.38882703  1.31167117  0.83068327  1.37662827  0.00000000  0.89692131
5    0.84446237  1.31840738  0.56619914  1.28120714  0.89692131  0.00000000

--------------------------------------------------------------------------------
n=5
(result of R-step: (0,2:5)0.67762217)
V=[0, 1, 2, 3, 4]
total successes of this branch: 1
Matrix on 5 elements:

0    0.00000000  1.20971695  0.51268891  1.16862131  0.81903908
1    1.20971695  0.00000000  1.20753176  1.64346144  1.31167117
2    0.51268891  1.20753176  0.00000000  1.17851947  0.72128839
3    1.16862131  1.64346144  1.17851947  0.00000000  1.37662827
4    0.81903908  1.31167117  0.72128839  1.37662827  0.00000000

--------------------------------------------------------------------------------
n=4
(result of R-step: (0,1:3)0.46471012)
V=[0, 1, 2, 4]
total successes of this branch: 1
Matrix on 4 elements:

0    0.00000000  0.22978635  0.26825281  0.57460299
1    0.22978635  0.00000000  0.47203727  0.57617668
2    0.26825281  0.47203727  0.00000000  0.72128839
4    0.57460299  0.57617668  0.72128839  0.00000000

--------------------------------------------------------------------------------
n=4
(result of R-step: (1,2:3)0.00555600)
V=[0, 1, 2, 4]
total successes of this branch: 0
reason of abort: negative delta/dxy
