n=8
V=[0, 1, 2, 3, 4, 5, 6, 7]
total successes of this branch: 1
Matrix on 8 elements:

0    0.00000000  1.25597583  1.25186364  0.75098525  1.25394101  1.25410220  1.25224815  0.69023835
1    1.25597583  0.00000000  1.25205881  1.12418378  0.91538884  0.88773110  1.18974177  1.14632958
2    1.25186364  1.25205881  0.00000000  1.25190403  0.92228369  0.94840685  0.52656903  1.25189724
3    0.75098525  1.12418378  1.25190403  0.00000000  1.18738323  1.18237688  1.23996134  0.45022070
4    1.25394101  0.91538884  0.92228369  1.18738323  0.00000000  0.59389910  0.83240032  1.19856732
5    1.25410220  0.88773110  0.94840685  1.18237688  0.59389910  0.00000000  0.88278807  1.19442931
6    1.25224815  1.18974177  0.52656903  1.23996134  0.83240032  0.88278807  0.00000000  1.24202597
7    0.69023835  1.14632958  1.25189724  0.45022070  1.19856732  1.19442931  1.24202597  0.00000000

--------------------------------------------------------------------------------
n=7
(result of R-step: (0,3:7)0.16803590)
V=[0, 1, 2, 3, 4, 5, 6]
total successes of this branch: 1
Matrix on 7 elements:

0    0.00000000  1.06123893  1.05712674  0.36151145  1.05920411  1.05936530  1.05751126
1    1.06123893  0.00000000  1.25205881  0.92944688  0.91538884  0.88773110  1.18974177
2    1.05712674  1.25205881  0.00000000  1.05716713  0.92228369  0.94840685  0.52656903
3    0.36151145  0.92944688  1.05716713  0.00000000  0.99264633  0.98763998  1.04522444
4    1.05920411  0.91538884  0.92228369  0.99264633  0.00000000  0.59389910  0.83240032
5    1.05936530  0.88773110  0.94840685  0.98763998  0.59389910  0.00000000  0.88278807
6    1.05751126  1.18974177  0.52656903  1.04522444  0.83240032  0.88278807  0.00000000

--------------------------------------------------------------------------------
n=6
(result of R-step: (2,4:6)0.81490170)
V=[0, 1, 2, 3, 4, 5]
total successes of this branch: 1
Matrix on 6 elements:

0    0.00000000  1.06123893  0.83878391  0.36151145  0.84086128  1.05936530
1    1.06123893  0.00000000  1.03371598  0.92944688  0.69704601  0.88773110
2    0.83878391  1.03371598  0.00000000  0.83882430  0.48559803  0.73006402
3    0.36151145  0.92944688  0.83882430  0.00000000  0.77430350  0.98763998
4    0.84086128  0.69704601  0.48559803  0.77430350  0.00000000  0.37555627
5    1.05936530  0.88773110  0.73006402  0.98763998  0.37555627  0.00000000

--------------------------------------------------------------------------------
n=5
(result of R-step: (1,4:5)0.07921506)
V=[0, 1, 2, 3, 4]
total successes of this branch: 1
Matrix on 5 elements:

0    0.00000000  0.77811825  0.83878391  0.36151145  0.77608343
1    0.77811825  0.00000000  0.75059530  0.64632620  0.34914748
2    0.83878391  0.75059530  0.00000000  0.83882430  0.42082018
3    0.36151145  0.64632620  0.83882430  0.00000000  0.70952565
4    0.77608343  0.34914748  0.42082018  0.70952565  0.00000000

--------------------------------------------------------------------------------
n=4
(result of R-step: (0,3:4)0.91650727)
V=[0, 1, 2, 3]
total successes of this branch: 0
reason of abort: negative delta/dxy

--------------------------------------------------------------------------------
n=4
(result of R-step: (0,4:2)0.35026311)
V=[0, 1, 3, 4]
total successes of this branch: 0
reason of abort: negative delta/dxy

--------------------------------------------------------------------------------
n=4
(result of R-step: (1,2:4)0.50517286)
V=[0, 1, 2, 3]
total successes of this branch: 1
Matrix on 4 elements:

0    0.00000000  0.76843207  0.76431988  0.36151145
1    0.76843207  0.00000000  0.66644510  0.63664002
2    0.76431988  0.66644510  0.00000000  0.76436027
3    0.36151145  0.63664002  0.76436027  0.00000000

--------------------------------------------------------------------------------
n=4
(result of R-step: (1,3:2)0.98583364)
V=[0, 1, 3, 4]
total successes of this branch: 0
reason of abort: negative delta/dxy

--------------------------------------------------------------------------------
n=4
(result of R-step: (3,4:2)0.47593539)
V=[0, 1, 3, 4]
total successes of this branch: 0
reason of abort: negative delta/dxy
