n=8
V=[0, 1, 2, 3, 4, 5, 6, 7]
total successes of this branch: 1
Matrix on 8 elements:

0    0.00000000  3.75488982  3.71368413  2.35664237  3.74812560  3.75082530  3.19118615  2.41223115
1    3.75488982  0.00000000  3.71514789  3.74541615  1.91012934  1.68370677  3.72680199  2.26574201
2    3.71368413  3.71514789  0.00000000  3.28894368  3.36064664  3.50213359  1.95825677  3.71445387
3    2.35664237  3.74541615  3.28894368  0.00000000  3.67048280  3.70038987  2.45581637  3.08694985
4    3.74812560  1.91012934  3.36064664  3.67048280  0.00000000  1.56924106  3.47994198  2.78158777
5    3.75082530  1.68370677  3.50213359  3.70038987  1.56924106  0.00000000  3.57846765  2.66380009
6    3.19118615  3.72680199  1.95825677  2.45581637  3.47994198  3.57846765  0.00000000  3.47284776
7    2.41223115  2.26574201  3.71445387  3.08694985  2.78158777  2.66380009  3.47284776  0.00000000

--------------------------------------------------------------------------------
n=7
(result of R-step: (0,1:7)0.47413504)
V=[0, 1, 2, 3, 4, 5, 6]
total successes of this branch: 1
Matrix on 7 elements:

0    0.00000000  2.83180648  3.25214246  1.89510070  3.28658393  3.28928363  2.72964448
1    2.83180648  0.00000000  3.25360622  3.28387448  1.44858767  1.22216510  3.26526032
2    3.25214246  3.25360622  0.00000000  3.28894368  3.36064664  3.50213359  1.95825677
3    1.89510070  3.28387448  3.28894368  0.00000000  3.67048280  3.70038987  2.45581637
4    3.28658393  1.44858767  3.36064664  3.67048280  0.00000000  1.56924106  3.47994198
5    3.28928363  1.22216510  3.50213359  3.70038987  1.56924106  0.00000000  3.57846765
6    2.72964448  3.26526032  1.95825677  2.45581637  3.47994198  3.57846765  0.00000000

--------------------------------------------------------------------------------
n=6
(result of R-step: (1,4:5)0.39911553)
V=[0, 1, 2, 3, 4, 6]
total successes of this branch: 1
Matrix on 6 elements:

0    0.00000000  2.62193890  3.25214246  1.89510070  2.61517468  2.72964448
1    2.62193890  0.00000000  3.04373864  3.07400691  0.56731085  3.05539275
2    3.25214246  3.04373864  0.00000000  3.28894368  2.68923739  1.95825677
3    1.89510070  3.07400691  3.28894368  0.00000000  2.99907355  2.45581637
4    2.61517468  0.56731085  2.68923739  2.99907355  0.00000000  2.80853274
6    2.72964448  3.05539275  1.95825677  2.45581637  2.80853274  0.00000000

--------------------------------------------------------------------------------
n=5
(result of R-step: (2,3:6)0.61497281)
V=[0, 1, 2, 3, 4]
total successes of this branch: 1
Matrix on 5 elements:

0    0.00000000  2.62193890  2.68957772  1.33253597  2.61517468
1    2.62193890  0.00000000  2.48117391  2.51144218  0.56731085
2    2.68957772  2.48117391  0.00000000  2.16381421  2.12667266
3    1.33253597  2.51144218  2.16381421  0.00000000  2.43650882
4    2.61517468  0.56731085  2.12667266  2.43650882  0.00000000

--------------------------------------------------------------------------------
n=4
(result of R-step: (0,2:3)0.80396355)
V=[0, 1, 2, 4]
total successes of this branch: 1
Matrix on 4 elements:

0    0.00000000  2.06956165  1.92195116  2.06279743
1    2.06956165  0.00000000  2.26592460  0.56731085
2    1.92195116  2.26592460  0.00000000  1.91142335
4    2.06279743  0.56731085  1.91142335  0.00000000
