n=8
V=[0, 1, 2, 3, 4, 5, 6, 7]
total successes of this branch: 1
Matrix on 8 elements:

0    0.00000000  1.43858204  1.34487250  1.36666324  0.93803201  0.81117929  0.33834919  0.95454801
1    1.43858204  0.00000000  1.23224061  1.15659328  1.35553819  1.10490526  1.32969170  0.85329359
2    1.34487250  1.23224061  0.00000000  0.98257181  1.07085575  1.30576789  1.33211131  1.28896606
3    1.36666324  1.15659328  0.98257181  0.00000000  1.21208240  1.29372914  1.34286230  1.26239202
4    0.93803201  1.35553819  1.07085575  1.21208240  0.00000000  1.08298580  0.98533547  1.14526714
5    0.81117929  1.10490526  1.30576789  1.29372914  1.08298580  0.00000000  0.58213242  0.25542702
6    0.33834919  1.32969170  1.33211131  1.34286230  0.98533547  0.58213242  0.00000000  0.75295828
7    0.95454801  0.85329359  1.28896606  1.26239202  1.14526714  0.25542702  0.75295828  0.00000000

--------------------------------------------------------------------------------
n=7
(result of R-step: (1,5:7)0.22851146)
V=[0, 1, 2, 3, 4, 5, 6]
total successes of this branch: 1
Matrix on 7 elements:

0    0.00000000  1.43667437  1.34487250  1.36666324  0.93803201  0.80927161  0.33834919
1    1.43667437  0.00000000  1.23033294  1.15468560  1.35363052  1.10108991  1.32778402
2    1.34487250  1.23033294  0.00000000  0.98257181  1.07085575  1.30386021  1.33211131
3    1.36666324  1.15468560  0.98257181  0.00000000  1.21208240  1.29182146  1.34286230
4    0.93803201  1.35363052  1.07085575  1.21208240  0.00000000  1.08107812  0.98533547
5    0.80927161  1.10108991  1.30386021  1.29182146  1.08107812  0.00000000  0.58022474
6    0.33834919  1.32778402  1.33211131  1.34286230  0.98533547  0.58022474  0.00000000

--------------------------------------------------------------------------------
n=6
(result of R-step: (0,5:6)0.67366521)
V=[0, 1, 2, 3, 4, 5]
total successes of this branch: 1
Matrix on 6 elements:

0    0.00000000  1.38202321  1.29022134  1.31201208  0.88338084  0.70187696
1    1.38202321  0.00000000  1.23033294  1.15468560  1.35363052  1.04834642
2    1.29022134  1.23033294  0.00000000  0.98257181  1.07085575  1.25111672
3    1.31201208  1.15468560  0.98257181  0.00000000  1.21208240  1.23907798
4    0.88338084  1.35363052  1.07085575  1.21208240  0.00000000  1.02833463
5    0.70187696  1.04834642  1.25111672  1.23907798  1.02833463  0.00000000

--------------------------------------------------------------------------------
n=5
(result of R-step: (0,1:5)0.65281044)
V=[0, 1, 2, 3, 4]
total successes of this branch: 1
Matrix on 5 elements:

0    0.00000000  0.96107955  1.10612126  1.12791199  0.69928076
1    0.96107955  0.00000000  0.99348936  0.91784203  1.11678694
2    1.10612126  0.99348936  0.00000000  0.98257181  1.07085575
3    1.12791199  0.91784203  0.98257181  0.00000000  1.21208240
4    0.69928076  1.11678694  1.07085575  1.21208240  0.00000000

--------------------------------------------------------------------------------
n=4
(result of R-step: (1,4:0)0.55071573)
V=[1, 2, 3, 4]
total successes of this branch: 1
Matrix on 4 elements:

1    0.00000000  0.64716518  0.57151785  0.76336678
2    0.64716518  0.00000000  0.98257181  1.06375976
3    0.57151785  0.98257181  0.00000000  1.20498641
4    0.76336678  1.06375976  1.20498641  0.00000000
