n=8
V=[0, 1, 2, 3, 4, 5, 6, 7]
total successes of this branch: 1
Matrix on 8 elements:

0    0.00000000  2.61015029  2.60707275  2.54477278  2.05161748  2.56468704  2.60771994  2.57930320
1    2.61015029  0.00000000  2.60647321  2.58010784  2.60702245  2.20072245  2.33623705  1.62026905
2    2.60707275  2.60647321  0.00000000  2.60688398  2.60705309  2.60675886  1.59167334  2.60666702
3    2.54477278  2.58010784  2.60688398  0.00000000  2.48746154  1.71399016  2.60125311  1.99244163
4    2.05161748  2.60702245  2.60705309  2.48746154  0.00000000  2.52388029  2.60704665  2.55060998
5    2.56468704  2.20072245  2.60675886  1.71399016  2.52388029  0.00000000  2.52137159  0.97568722
6    2.60771994  2.33623705  1.59167334  2.60125311  2.60704665  2.52137159  0.00000000  2.46185198
7    2.57930320  1.62026905  2.60666702  1.99244163  2.55060998  0.97568722  2.46185198  0.00000000

--------------------------------------------------------------------------------
n=7
(result of R-step: (1,5:7)0.32149380)
V=[0, 1, 2, 3, 4, 5, 6]
total successes of this branch: 1
Matrix on 7 elements:

0    0.00000000  2.41253338  2.60707275  2.54477278  2.05161748  2.36707013  2.60771994
1    2.41253338  0.00000000  2.40885630  2.38249093  2.40940554  1.80548863  2.13862014
2    2.60707275  2.40885630  0.00000000  2.60688398  2.60705309  2.40914195  1.59167334
3    2.54477278  2.38249093  2.60688398  0.00000000  2.48746154  1.51637325  2.60125311
4    2.05161748  2.40940554  2.60705309  2.48746154  0.00000000  2.32626338  2.60704665
5    2.36707013  1.80548863  2.40914195  1.51637325  2.32626338  0.00000000  2.32375468
6    2.60771994  2.13862014  1.59167334  2.60125311  2.60704665  2.32375468  0.00000000

--------------------------------------------------------------------------------
n=6
(result of R-step: (1,2:6)0.21029461)
V=[0, 1, 2, 3, 4, 5]
total successes of this branch: 1
Matrix on 6 elements:

0    0.00000000  1.94943170  1.94635415  2.54477278  2.05161748  2.36707013
1    1.94943170  0.00000000  1.28503602  1.91938925  1.94630386  1.34238694
2    1.94635415  1.28503602  0.00000000  1.94616539  1.94633450  1.74842336
3    2.54477278  1.91938925  1.94616539  0.00000000  2.48746154  1.51637325
4    2.05161748  1.94630386  1.94633450  2.48746154  0.00000000  2.32626338
5    2.36707013  1.34238694  1.74842336  1.51637325  2.32626338  0.00000000

--------------------------------------------------------------------------------
n=5
(result of R-step: (2,4:0)0.45163493)
V=[1, 2, 3, 4, 5]
total successes of this branch: 1
Matrix on 5 elements:

1    0.00000000  0.64594373  1.91938925  1.15230239  1.34238694
2    0.64594373  0.00000000  1.30707310  0.51324074  1.10933106
3    1.91938925  1.30707310  0.00000000  1.69346007  1.51637325
4    1.15230239  0.51324074  1.69346007  0.00000000  1.53226191
5    1.34238694  1.10933106  1.51637325  1.53226191  0.00000000

--------------------------------------------------------------------------------
n=4
(result of R-step: (1,5:4)0.89239862)
V=[1, 2, 3, 5]
total successes of this branch: 0
reason of abort: negative delta/dxy

--------------------------------------------------------------------------------
n=4
(result of R-step: (2,3:4)0.90370787)
V=[1, 2, 3, 5]
total successes of this branch: 1
Matrix on 4 elements:

1    0.00000000  0.64392759  1.25208687  1.34238694
2    0.64392759  0.00000000  0.63775458  1.10731492
3    1.25208687  0.63775458  0.00000000  0.84907087
5    1.34238694  1.10731492  0.84907087  0.00000000

--------------------------------------------------------------------------------
n=4
(result of R-step: (2,5:4)0.75372390)
V=[1, 2, 3, 5]
total successes of this branch: 0
reason of abort: negative delta/dxy
