n=8
V=[0, 1, 2, 3, 4, 5, 6, 7]
total successes of this branch: 1
Matrix on 8 elements:

0    0.00000000  1.40367137  1.39077393  1.37125896  1.37196778  0.68030983  1.37749654  0.14709827
1    1.40367137  0.00000000  1.36977057  1.37732715  1.37705268  1.23025595  1.37491184  1.40279986
2    1.39077393  1.36977057  0.00000000  1.32273958  1.30257404  1.38671238  0.99264846  1.38852323
3    1.37125896  1.37732715  1.32273958  0.00000000  0.78771479  1.37243240  0.94500491  1.32937591
4    1.37196778  1.37705268  1.30257404  0.78771479  0.00000000  1.37295108  0.55828293  1.35263962
5    0.68030983  1.23025595  1.38671238  1.37243240  1.37295108  0.00000000  1.37699672  0.70320652
6    1.37749654  1.37491184  0.99264846  0.94500491  0.55828293  1.37699672  0.00000000  1.36318892
7    0.14709827  1.40279986  1.38852323  1.32937591  1.35263962  0.70320652  1.36318892  0.00000000

--------------------------------------------------------------------------------
n=7
(result of R-step: (0,3:7)0.96691816)
V=[0, 1, 2, 3, 4, 5, 6]
total successes of this branch: 1
Matrix on 7 elements:

0    0.00000000  1.35106376  1.33816632  1.26604374  1.31936017  0.62770222  1.32488893
1    1.35106376  0.00000000  1.36977057  1.32471954  1.37705268  1.23025595  1.37491184
2    1.33816632  1.36977057  0.00000000  1.27013197  1.30257404  1.38671238  0.99264846
3    1.26604374  1.32471954  1.27013197  0.00000000  0.73510717  1.31982479  0.89239729
4    1.31936017  1.37705268  1.30257404  0.73510717  0.00000000  1.37295108  0.55828293
5    0.62770222  1.23025595  1.38671238  1.31982479  1.37295108  0.00000000  1.37699672
6    1.32488893  1.37491184  0.99264846  0.89239729  0.55828293  1.37699672  0.00000000

--------------------------------------------------------------------------------
n=6
(result of R-step: (0,1:5)0.80662368)
V=[0, 1, 2, 3, 4, 6]
total successes of this branch: 1
Matrix on 6 elements:

0    0.00000000  0.89677697  1.13732673  1.06520415  1.11852058  1.12404934
1    0.89677697  0.00000000  1.11632337  1.07127233  1.12360548  1.12146463
2    1.13732673  1.11632337  0.00000000  1.27013197  1.30257404  0.99264846
3    1.06520415  1.07127233  1.27013197  0.00000000  0.73510717  0.89239729
4    1.11852058  1.12360548  1.30257404  0.73510717  0.00000000  0.55828293
6    1.12404934  1.12146463  0.99264846  0.89239729  0.55828293  0.00000000

--------------------------------------------------------------------------------
n=5
(result of R-step: (1,3:0)0.95189392)
V=[1, 2, 3, 4, 6]
total successes of this branch: 1
Matrix on 5 elements:

1    0.00000000  0.67949001  0.30327197  0.68677212  0.68463128
2    0.67949001  0.00000000  0.93896496  1.30257404  0.99264846
3    0.30327197  0.93896496  0.00000000  0.40394016  0.56123028
4    0.68677212  1.30257404  0.40394016  0.00000000  0.55828293
6    0.68463128  0.99264846  0.56123028  0.55828293  0.00000000

--------------------------------------------------------------------------------
n=4
(result of R-step: (1,4:3)0.48911209)
V=[1, 2, 4, 6]
total successes of this branch: 1
Matrix on 4 elements:

1    0.00000000  0.66797982  0.55108326  0.67312109
2    0.66797982  0.00000000  1.17839537  0.99264846
4    0.55108326  1.17839537  0.00000000  0.43410425
6    0.67312109  0.99264846  0.43410425  0.00000000

--------------------------------------------------------------------------------
n=4
(result of R-step: (2,4:3)0.87501318)
V=[1, 2, 4, 6]
total successes of this branch: 0
reason of abort: negative delta/dxy

--------------------------------------------------------------------------------
n=4
(result of R-step: (2,6:3)0.30291799)
V=[1, 2, 4, 6]
total successes of this branch: 0
reason of abort: negative delta/dxy
