n=8
V=[0, 1, 2, 3, 4, 5, 6, 7]
total successes of this branch: 1
Matrix on 8 elements:

0    0.00000000  0.89680150  0.88228014  0.86975706  0.77595412  0.89106362  0.78361284  0.82596782
1    0.89680150  0.00000000  0.86223839  0.86372335  0.62529294  0.60046968  0.61191503  0.50304481
2    0.88228014  0.86223839  0.00000000  0.60332389  0.86841134  0.69123566  0.86802013  0.86585661
3    0.86975706  0.86372335  0.60332389  0.00000000  0.86558176  0.76083066  0.86546399  0.86481264
4    0.77595412  0.62529294  0.86841134  0.86558176  0.00000000  0.72135730  0.42757998  0.50156380
5    0.89106362  0.60046968  0.69123566  0.76083066  0.72135730  0.00000000  0.71369603  0.67132694
6    0.78361284  0.61191503  0.86802013  0.86546399  0.42757998  0.71369603  0.00000000  0.42984252
7    0.82596782  0.50304481  0.86585661  0.86481264  0.50156380  0.67132694  0.42984252  0.00000000

--------------------------------------------------------------------------------
n=7
(result of R-step: (1,6:7)0.37419811)
V=[0, 1, 2, 3, 4, 5, 6]
total successes of this branch: 1
Matrix on 7 elements:

0    0.00000000  0.73631535  0.88228014  0.86975706  0.77595412  0.89106362  0.62312669
1    0.73631535  0.00000000  0.70175224  0.70323721  0.46480679  0.43998353  0.29094273
2    0.88228014  0.70175224  0.00000000  0.60332389  0.86841134  0.69123566  0.70753398
3    0.86975706  0.70323721  0.60332389  0.00000000  0.86558176  0.76083066  0.70497784
4    0.77595412  0.46480679  0.86841134  0.86558176  0.00000000  0.72135730  0.26709384
5    0.89106362  0.43998353  0.69123566  0.76083066  0.72135730  0.00000000  0.55320988
6    0.62312669  0.29094273  0.70753398  0.70497784  0.26709384  0.55320988  0.00000000

--------------------------------------------------------------------------------
n=6
(result of R-step: (1,4:6)0.06337514)
V=[0, 1, 2, 3, 4, 5]
total successes of this branch: 1
Matrix on 6 elements:

0    0.00000000  0.68970047  0.88228014  0.86975706  0.56885308  0.89106362
1    0.68970047  0.00000000  0.65513735  0.65662232  0.21109087  0.39336865
2    0.88228014  0.65513735  0.00000000  0.60332389  0.66131030  0.69123566
3    0.86975706  0.65662232  0.60332389  0.00000000  0.65848073  0.76083066
4    0.56885308  0.21109087  0.66131030  0.65848073  0.00000000  0.51425626
5    0.89106362  0.39336865  0.69123566  0.76083066  0.51425626  0.00000000

--------------------------------------------------------------------------------
n=5
(result of R-step: (1,2:5)0.60486596)
V=[0, 1, 2, 3, 4]
total successes of this branch: 1
Matrix on 5 elements:

0    0.00000000  0.68206803  0.66754667  0.86975706  0.56885308
1    0.68206803  0.00000000  0.43277143  0.64898988  0.20345843
2    0.66754667  0.43277143  0.00000000  0.38859041  0.44657683
3    0.86975706  0.64898988  0.38859041  0.00000000  0.65848073
4    0.56885308  0.20345843  0.44657683  0.65848073  0.00000000

--------------------------------------------------------------------------------
n=4
(result of R-step: (0,1:4)0.30800447)
V=[0, 1, 2, 3]
total successes of this branch: 1
Matrix on 4 elements:

0    0.00000000  0.39235595  0.41532389  0.61753428
1    0.39235595  0.00000000  0.39528213  0.61150058
2    0.41532389  0.39528213  0.00000000  0.38859041
3    0.61753428  0.61150058  0.38859041  0.00000000
