n=8
V=[0, 1, 2, 3, 4, 5, 6, 7]
total successes of this branch: 1
Matrix on 8 elements:

0    0.00000000  1.00267823  1.00057032  1.00109960  0.92771401  1.00184563  1.00088415  1.00146946
1    1.00267823  0.00000000  0.96874214  0.93665456  0.97813217  0.62874940  0.94971632  0.78400319
2    1.00057032  0.96874214  0.00000000  0.87303710  0.81012009  0.91826579  0.61122641  0.89546031
3    1.00109960  0.93665456  0.87303710  0.00000000  0.90847169  0.59302477  0.49168280  0.38705172
4    0.92771401  0.97813217  0.81012009  0.90847169  0.00000000  0.94139214  0.86843608  0.92479279
5    1.00184563  0.62874940  0.91826579  0.59302477  0.94139214  0.00000000  0.72541938  0.39050431
6    1.00088415  0.94971632  0.61122641  0.49168280  0.86843608  0.72541938  0.00000000  0.60756332
7    1.00146946  0.78400319  0.89546031  0.38705172  0.92479279  0.39050431  0.60756332  0.00000000

--------------------------------------------------------------------------------
n=7
(result of R-step: (3,5:7)0.50422601)
V=[0, 1, 2, 3, 4, 5, 6]
total successes of this branch: 1
Matrix on 7 elements:

0    0.00000000  1.00267823  1.00057032  0.90883397  0.92771401  0.90958000  1.00088415
1    1.00267823  0.00000000  0.96874214  0.84438893  0.97813217  0.53648377  0.94971632
2    1.00057032  0.96874214  0.00000000  0.78077146  0.81012009  0.82600016  0.61122641
3    0.90883397  0.84438893  0.78077146  0.00000000  0.81620606  0.40849350  0.39941717
4    0.92771401  0.97813217  0.81012009  0.81620606  0.00000000  0.84912651  0.86843608
5    0.90958000  0.53648377  0.82600016  0.40849350  0.84912651  0.00000000  0.63315374
6    1.00088415  0.94971632  0.61122641  0.39941717  0.86843608  0.63315374  0.00000000

--------------------------------------------------------------------------------
n=6
(result of R-step: (2,3:6)0.40706614)
V=[0, 1, 2, 3, 4, 5]
total successes of this branch: 1
Matrix on 6 elements:

0    0.00000000  1.00267823  0.88563427  0.88616354  0.92771401  0.90958000
1    1.00267823  0.00000000  0.85380608  0.82171850  0.97813217  0.53648377
2    0.88563427  0.85380608  0.00000000  0.64316498  0.69518403  0.71106410
3    0.88616354  0.82171850  0.64316498  0.00000000  0.79353564  0.38582308
4    0.92771401  0.97813217  0.69518403  0.79353564  0.00000000  0.84912651
5    0.90958000  0.53648377  0.71106410  0.38582308  0.84912651  0.00000000

--------------------------------------------------------------------------------
n=5
(result of R-step: (0,2:4)0.27669768)
V=[0, 1, 2, 3, 5]
total successes of this branch: 1
Matrix on 5 elements:

0    0.00000000  0.63404634  0.26330654  0.51753165  0.54094811
1    0.63404634  0.00000000  0.60011025  0.82171850  0.53648377
2    0.26330654  0.60011025  0.00000000  0.38946915  0.45736827
3    0.51753165  0.82171850  0.38946915  0.00000000  0.38582308
5    0.54094811  0.53648377  0.45736827  0.38582308  0.00000000

--------------------------------------------------------------------------------
n=4
(result of R-step: (0,2:5)0.63723250)
V=[0, 1, 2, 3]
total successes of this branch: 0
reason of abort: negative delta/dxy

--------------------------------------------------------------------------------
n=4
(result of R-step: (1,3:5)0.47258426)
V=[0, 1, 2, 3]
total successes of this branch: 1
Matrix on 4 elements:

0    0.00000000  0.49148653  0.26330654  0.48990791
1    0.49148653  0.00000000  0.45755044  0.65153495
2    0.26330654  0.45755044  0.00000000  0.36184540
3    0.48990791  0.65153495  0.36184540  0.00000000
