n=8
V=[0, 1, 2, 3, 4, 5, 6, 7]
total successes of this branch: 1
Matrix on 8 elements:

0    0.00000000  2.07586041  2.06246531  1.95936806  2.06137247  1.08560221  1.96522292  0.93946138
1    2.07586041  0.00000000  2.06908748  2.07344902  2.06913371  2.07532570  2.07320133  1.50093495
2    2.06246531  2.06908748  0.00000000  2.00546518  1.01152005  2.04982595  1.94841459  2.06469005
3    1.95936806  2.07344902  2.00546518  0.00000000  1.99481645  1.71041299  0.87930460  1.99769396
4    2.06137247  2.06913371  1.01152005  1.99481645  0.00000000  2.04661416  1.92688926  2.06397989
5    1.08560221  2.07532570  2.04982595  1.71041299  2.04661416  0.00000000  1.72971030  1.41810329
6    1.96522292  2.07320133  1.94841459  0.87930460  1.92688926  1.72971030  0.00000000  2.00149865
7    0.93946138  1.50093495  2.06469005  1.99769396  2.06397989  1.41810329  2.00149865  0.00000000

--------------------------------------------------------------------------------
n=7
(result of R-step: (0,1:7)0.66404649)
V=[0, 1, 2, 3, 4, 5, 6]
total successes of this branch: 1
Matrix on 7 elements:

0    0.00000000  1.71132449  1.88019735  1.77710010  1.87910451  0.90333425  1.78295496
1    1.71132449  0.00000000  1.88681952  1.89118106  1.88686575  1.89305774  1.89093337
2    1.88019735  1.88681952  0.00000000  2.00546518  1.01152005  2.04982595  1.94841459
3    1.77710010  1.89118106  2.00546518  0.00000000  1.99481645  1.71041299  0.87930460
4    1.87910451  1.88686575  1.01152005  1.99481645  0.00000000  2.04661416  1.92688926
5    0.90333425  1.89305774  2.04982595  1.71041299  2.04661416  0.00000000  1.72971030
6    1.78295496  1.89093337  1.94841459  0.87930460  1.92688926  1.72971030  0.00000000

--------------------------------------------------------------------------------
n=6
(result of R-step: (3,4:6)0.94260187)
V=[0, 1, 2, 3, 4, 5]
total successes of this branch: 1
Matrix on 6 elements:

0    0.00000000  1.71132449  1.88019735  1.37141139  1.47341581  0.90333425
1    1.71132449  0.00000000  1.88681952  1.48549235  1.48117705  1.89305774
2    1.88019735  1.88681952  0.00000000  1.59977647  0.60583135  2.04982595
3    1.37141139  1.48549235  1.59977647  0.00000000  1.18343904  1.30472428
4    1.47341581  1.48117705  0.60583135  1.18343904  0.00000000  1.64092546
5    0.90333425  1.89305774  2.04982595  1.30472428  1.64092546  0.00000000

--------------------------------------------------------------------------------
n=5
(result of R-step: (0,3:5)0.77825739)
V=[0, 1, 2, 3, 4]
total successes of this branch: 1
Matrix on 5 elements:

0    0.00000000  1.47526889  1.64414174  1.12272092  1.23736020
1    1.47526889  0.00000000  1.88681952  1.47285749  1.48117705
2    1.64414174  1.88681952  0.00000000  1.58714161  0.60583135
3    1.12272092  1.47285749  1.58714161  0.00000000  1.17080417
4    1.23736020  1.48117705  0.60583135  1.17080417  0.00000000

--------------------------------------------------------------------------------
n=4
(result of R-step: (0,2:1)0.90298849)
V=[0, 2, 3, 4]
total successes of this branch: 1
Matrix on 4 elements:

0    0.00000000  0.58407226  0.56308710  0.67772638
2    0.58407226  0.00000000  1.08670595  0.10539569
3    0.56308710  1.08670595  0.00000000  1.17080417
4    0.67772638  0.10539569  1.17080417  0.00000000

--------------------------------------------------------------------------------
n=4
(result of R-step: (0,4:1)0.90108670)
V=[0, 2, 3, 4]
total successes of this branch: 0
Matrix on 4 elements:

0    0.00000000  1.08509619  0.56367538  0.57303185
2    1.08509619  0.00000000  1.58714161  0.50054854
3    0.56367538  1.58714161  0.00000000  1.06552136
4    0.57303185  0.50054854  1.06552136  0.00000000
reason of abort: no pseudometric

--------------------------------------------------------------------------------
n=4
(result of R-step: (2,3:1)0.03882118)
V=[0, 2, 3, 4]
total successes of this branch: 0
Matrix on 4 elements:

0    0.00000000  1.27080384  0.56146376  1.23736020
2    1.27080384  0.00000000  0.65254655  0.23249345
3    0.56146376  0.65254655  0.00000000  0.60954701
4    1.23736020  0.23249345  0.60954701  0.00000000
reason of abort: no pseudometric

--------------------------------------------------------------------------------
n=4
(result of R-step: (3,4:1)0.95175868)
V=[0, 2, 3, 4]
total successes of this branch: 0
Matrix on 4 elements:

0    0.00000000  1.64414174  0.56094053  1.03176466
2    1.64414174  0.00000000  1.02536121  0.40023581
3    0.56094053  1.02536121  0.00000000  0.40342824
4    1.03176466  0.40023581  0.40342824  0.00000000
reason of abort: no pseudometric
