n=6
V=[0, 1, 2, 3, 4, 5]
total successes of this branch: 3
Matrix on 6 elements:

0    0.00000000  1.20985737  1.20180010  0.95309556  1.20949478  1.20231464
1    1.20985737  0.00000000  1.20385320  1.20576736  0.32713381  1.14522805
2    1.20180010  1.20385320  0.00000000  0.67038895  1.16254051  0.29259128
3    0.95309556  1.20576736  0.67038895  0.00000000  1.18167460  0.70457799
4    1.20949478  0.32713381  1.16254051  1.18167460  0.00000000  1.10019939
5    1.20231464  1.14522805  0.29259128  0.70457799  1.10019939  0.00000000

--------------------------------------------------------------------------------
n=5
(result of R-step: (1,3:0)0.36281639)
V=[1, 2, 3, 4, 5]
total successes of this branch: 3
Matrix on 5 elements:

1    0.00000000  1.06094265  0.92336654  0.18422325  1.00231749
2    1.06094265  0.00000000  0.53089868  1.16254051  0.29259128
3    0.92336654  0.53089868  0.00000000  1.04218434  0.56508773
4    0.18422325  1.16254051  1.04218434  0.00000000  1.10019939
5    1.00231749  0.29259128  0.56508773  1.10019939  0.00000000

--------------------------------------------------------------------------------
n=4
(result of R-step: (1,2:3)0.23272661)
V=[1, 2, 4, 5]
total successes of this branch: 1
Matrix on 4 elements:

1    0.00000000  0.94150094  0.17990662  0.99800086
2    0.94150094  0.00000000  1.04741543  0.17746620
4    0.17990662  1.04741543  0.00000000  1.10019939
5    0.99800086  0.17746620  1.10019939  0.00000000

--------------------------------------------------------------------------------
n=4
(result of R-step: (1,2:4)0.93400994)
V=[1, 2, 3, 5]
total successes of this branch: 0
reason of abort: negative delta/dxy

--------------------------------------------------------------------------------
n=4
(result of R-step: (1,2:5)0.07041962)
V=[1, 2, 3, 4]
total successes of this branch: 0
Matrix on 4 elements:

1    0.00000000  0.87957678  0.85566942  0.11652613
2    0.87957678  0.00000000  0.41722993  1.04887176
3    0.85566942  0.41722993  0.00000000  1.04218434
4    0.11652613  1.04887176  1.04218434  0.00000000
reason of abort: no pseudometric

--------------------------------------------------------------------------------
n=4
(result of R-step: (1,5:3)0.17592924)
V=[1, 2, 4, 5]
total successes of this branch: 0
reason of abort: negative delta/dxy

--------------------------------------------------------------------------------
n=4
(result of R-step: (1,5:4)0.95800759)
V=[1, 2, 3, 5]
total successes of this branch: 1
Matrix on 4 elements:

1    0.00000000  1.05662602  0.91904991  0.92526344
2    1.05662602  0.00000000  0.53089868  0.21985385
3    0.91904991  0.53089868  0.00000000  0.49235031
5    0.92526344  0.21985385  0.49235031  0.00000000

--------------------------------------------------------------------------------
n=4
(result of R-step: (2,4:3)0.75653633)
V=[1, 2, 4, 5]
total successes of this branch: 0
Matrix on 4 elements:

1    0.00000000  0.94727389  0.00594821  1.00231749
2    0.94727389  0.00000000  0.87059671  0.17892252
4    0.00594821  0.87059671  0.00000000  0.92192434
5    1.00231749  0.17892252  0.92192434  0.00000000
reason of abort: no pseudometric

--------------------------------------------------------------------------------
n=4
(result of R-step: (2,4:5)0.93313122)
V=[1, 2, 3, 4]
total successes of this branch: 1
Matrix on 4 elements:

1    0.00000000  0.94581757  0.92336654  0.06909817
2    0.94581757  0.00000000  0.41577360  0.93229035
3    0.92336654  0.41577360  0.00000000  0.92705926
4    0.06909817  0.93229035  0.92705926  0.00000000

--------------------------------------------------------------------------------
n=4
(result of R-step: (3,4:1)0.03849535)
V=[2, 3, 4, 5]
total successes of this branch: 0
reason of abort: negative delta/dxy

--------------------------------------------------------------------------------
n=4
(result of R-step: (3,5:2)0.17749236)
V=[1, 3, 4, 5]
total successes of this branch: 0
reason of abort: negative delta/dxy

--------------------------------------------------------------------------------
n=4
(result of R-step: (4,5:3)0.18794442)
V=[1, 2, 4, 5]
total successes of this branch: 0
Matrix on 4 elements:

1    0.00000000  1.06094265 -0.01252637  0.82775672
2    1.06094265  0.00000000  0.96579088  0.11803051
4   -0.01252637  0.96579088  0.00000000  0.72888900
5    0.82775672  0.11803051  0.72888900  0.00000000
reason of abort: no pseudometric
