n=6
V=[0, 1, 2, 3, 4, 5]
total successes of this branch: 3
Matrix on 6 elements:

0    0.00000000  1.75472748  1.14583036  1.07292037  1.71443403  1.12955827
1    1.75472748  0.00000000  1.74480483  1.74820549  0.17144041  1.74556379
2    1.14583036  1.74480483  0.00000000  1.00599964  1.72993969  0.30728988
3    1.07292037  1.74820549  1.00599964  0.00000000  1.73144650  0.80526002
4    1.71443403  0.17144041  1.72993969  1.73144650  0.00000000  1.73027598
5    1.12955827  1.74556379  0.30728988  0.80526002  1.73027598  0.00000000

--------------------------------------------------------------------------------
n=5
(result of R-step: (0,1:4)0.02481765)
V=[0, 1, 2, 3, 5]
total successes of this branch: 3
Matrix on 5 elements:

0    0.00000000  1.62358052  1.08025688  1.00734689  1.06398479
1    1.62358052  0.00000000  1.67923135  1.68263201  1.67999031
2    1.08025688  1.67923135  0.00000000  1.00599964  0.30728988
3    1.00734689  1.68263201  1.00599964  0.00000000  0.80526002
5    1.06398479  1.67999031  0.30728988  0.80526002  0.00000000

--------------------------------------------------------------------------------
n=4
(result of R-step: (0,2:1)0.92152010)
V=[0, 2, 3, 5]
total successes of this branch: 1
Matrix on 4 elements:

0    0.00000000  0.55851058  0.53887571  0.59551362
2    0.55851058  0.00000000  0.95272450  0.25401475
3    0.53887571  0.95272450  0.00000000  0.80526002
5    0.59551362  0.25401475  0.80526002  0.00000000

--------------------------------------------------------------------------------
n=4
(result of R-step: (0,2:3)0.60881648)
V=[0, 1, 2, 5]
total successes of this branch: 0
Matrix on 4 elements:

0    0.00000000  1.17394881  0.23306288  0.61435308
1    1.17394881  0.00000000  1.28166905  1.67999031
2    0.23306288  1.28166905  0.00000000 -0.09027241
5    0.61435308  1.67999031 -0.09027241  0.00000000
reason of abort: no pseudometric

--------------------------------------------------------------------------------
n=4
(result of R-step: (0,5:1)0.86632805)
V=[0, 2, 3, 5]
total successes of this branch: 0
Matrix on 4 elements:

0    0.00000000  0.63062518  0.55771518  0.40513951
2    0.63062518  0.00000000  1.00599964  0.09807631
3    0.55771518  1.00599964  0.00000000  0.59604645
5    0.40513951  0.09807631  0.59604645  0.00000000
reason of abort: no pseudometric

--------------------------------------------------------------------------------
n=4
(result of R-step: (0,5:2)0.77950168)
V=[0, 1, 3, 5]
total successes of this branch: 0
reason of abort: negative delta/dxy

--------------------------------------------------------------------------------
n=4
(result of R-step: (0,5:3)0.83926637)
V=[0, 1, 2, 5]
total successes of this branch: 0
reason of abort: negative delta/dxy

--------------------------------------------------------------------------------
n=4
(result of R-step: (1,2:3)0.68832422)
V=[0, 1, 2, 5]
total successes of this branch: 0
Matrix on 4 elements:

0    0.00000000  0.45687082  0.60374112  1.06398479
1    0.45687082  0.00000000  0.03600589  0.51328061
2    0.60374112  0.03600589  0.00000000 -0.16922588
5    1.06398479  0.51328061 -0.16922588  0.00000000
reason of abort: no pseudometric

--------------------------------------------------------------------------------
n=4
(result of R-step: (1,3:0)0.91547803)
V=[1, 2, 3, 5]
total successes of this branch: 1
Matrix on 4 elements:

1    0.00000000  0.57410775  0.52423329  0.57486672
2    0.57410775  0.00000000  0.95272450  0.30728988
3    0.52423329  0.95272450  0.00000000  0.75198489
5    0.57486672  0.30728988  0.75198489  0.00000000

--------------------------------------------------------------------------------
n=4
(result of R-step: (1,5:2)0.58049496)
V=[0, 1, 3, 5]
total successes of this branch: 0
reason of abort: negative delta/dxy

--------------------------------------------------------------------------------
n=4
(result of R-step: (1,5:3)0.92983520)
V=[0, 1, 2, 5]
total successes of this branch: 0
reason of abort: negative delta/dxy

--------------------------------------------------------------------------------
n=4
(result of R-step: (2,3:5)0.77681944)
V=[0, 1, 2, 3]
total successes of this branch: 1
Matrix on 4 elements:

0    0.00000000  1.62358052  1.02698175  0.95407175
1    1.62358052  0.00000000  1.62595621  1.62935688
2    1.02698175  1.62595621  0.00000000  0.89944937
3    0.95407175  1.62935688  0.89944937  0.00000000
