n=6
V=[0, 1, 2, 3, 4, 5]
total successes of this branch: 5
Matrix on 6 elements:

0    0.00000000  2.65153268  2.61904337  2.30479008  2.33726249  0.85551212
1    2.65153268  0.00000000  1.90897233  1.83554692  1.77830015  2.44492663
2    2.61904337  1.90897233  0.00000000  2.12072590  2.10089520  1.93921635
3    2.30479008  1.83554692  2.12072590  0.00000000  1.28150880  2.25357704
4    2.33726249  1.77830015  2.10089520  1.28150880  0.00000000  2.27149691
5    0.85551212  2.44492663  1.93921635  2.25357704  2.27149691  0.00000000

--------------------------------------------------------------------------------
n=5
(result of R-step: (0,2:5)0.72176532)
V=[0, 1, 2, 3, 4]
total successes of this branch: 5
Matrix on 5 elements:

0    0.00000000  2.56369012  2.44335826  2.21694753  2.24941993
1    2.56369012  0.00000000  1.82112978  1.83554692  1.77830015
2    2.44335826  1.82112978  0.00000000  2.03288335  2.01305265
3    2.21694753  1.83554692  2.03288335  0.00000000  1.28150880
4    2.24941993  1.77830015  2.01305265  1.28150880  0.00000000

--------------------------------------------------------------------------------
n=4
(result of R-step: (0,1:2)0.41703534)
V=[0, 1, 3, 4]
total successes of this branch: 1
Matrix on 4 elements:

0    0.00000000  0.85987869  1.12526711  1.15773952
1    0.85987869  0.00000000  1.22341590  1.16616913
3    1.12526711  1.22341590  0.00000000  1.28150880
4    1.15773952  1.16616913  1.28150880  0.00000000

--------------------------------------------------------------------------------
n=4
(result of R-step: (0,4:3)0.10537233)
V=[0, 1, 2, 4]
total successes of this branch: 1
Matrix on 4 elements:

0    0.00000000  1.47200971  1.35167785  0.55972885
1    1.47200971  0.00000000  1.82112978  1.18028948
2    1.35167785  1.82112978  0.00000000  1.41504198
4    0.55972885  1.18028948  1.41504198  0.00000000

--------------------------------------------------------------------------------
n=4
(result of R-step: (1,3:0)0.78673378)
V=[1, 2, 3, 4]
total successes of this branch: 0
Matrix on 4 elements:

1    0.00000000  0.80734252  0.36272736  0.76451289
2    0.80734252  0.00000000  1.57385106  2.01305265
3    0.36272736  1.57385106  0.00000000  0.82247651
4    0.76451289  2.01305265  0.82247651  0.00000000
reason of abort: no pseudometric

--------------------------------------------------------------------------------
n=4
(result of R-step: (1,3:4)0.09364990)
V=[0, 1, 2, 3]
total successes of this branch: 1
Matrix on 4 elements:

0    0.00000000  1.95155911  2.44335826  1.60481651
1    1.95155911  0.00000000  1.20899877  0.61128489
2    2.44335826  1.20899877  0.00000000  1.42075233
3    1.60481651  0.61128489  1.42075233  0.00000000

--------------------------------------------------------------------------------
n=4
(result of R-step: (1,4:0)0.67715756)
V=[1, 2, 3, 4]
total successes of this branch: 0
reason of abort: negative delta/dxy

--------------------------------------------------------------------------------
n=4
(result of R-step: (2,3:0)0.32142154)
V=[1, 2, 3, 4]
total successes of this branch: 1
Matrix on 4 elements:

1    0.00000000  1.30605816  1.22341590  1.77830015
2    1.30605816  0.00000000  0.90568071  1.49798102
3    1.22341590  0.90568071  0.00000000  0.66937778
4    1.77830015  1.49798102  0.66937778  0.00000000

--------------------------------------------------------------------------------
n=4
(result of R-step: (2,3:1)0.29704795)
V=[0, 2, 3, 4]
total successes of this branch: 0
Matrix on 4 elements:

0    0.00000000  2.25378868  1.53966425  2.24941993
2    2.25378868  0.00000000  1.16603049  1.82348306
3    1.53966425  1.16603049  0.00000000  0.60422552
4    2.24941993  1.82348306  0.60422552  0.00000000
reason of abort: no pseudometric

--------------------------------------------------------------------------------
n=4
(result of R-step: (2,3:4)0.37254482)
V=[0, 1, 2, 3]
total successes of this branch: 0
Matrix on 4 elements:

0    0.00000000  2.56369012  1.38390829  1.75791524
1    2.56369012  0.00000000  0.76167981  1.37651463
2    1.38390829  0.76167981  0.00000000  0.51440108
3    1.75791524  1.37651463  0.51440108  0.00000000
reason of abort: no pseudometric

--------------------------------------------------------------------------------
n=4
(result of R-step: (2,4:0)0.21177028)
V=[1, 2, 3, 4]
total successes of this branch: 0
Matrix on 4 elements:

1    0.00000000  1.63156020  1.83554692  1.11428352
2    1.63156020  0.00000000  1.84331376  1.15946643
3    1.83554692  1.84331376  0.00000000  0.61749217
4    1.11428352  1.15946643  0.61749217  0.00000000
reason of abort: no pseudometric

--------------------------------------------------------------------------------
n=4
(result of R-step: (2,4:1)0.43012621)
V=[0, 2, 3, 4]
total successes of this branch: 1
Matrix on 4 elements:

0    0.00000000  1.92828664  2.21694753  1.65140927
2    1.92828664  0.00000000  1.51781172  0.89997036
3    2.21694753  1.51781172  0.00000000  0.68349813
4    1.65140927  0.89997036  0.68349813  0.00000000
